1.43878
0.6576
1.64086
1.57907
1.60317
1.59664
1.56998
1.62019
1.58957
1.57827
1.62163
1.64294
1.60864
1.5857
1.59718
1.62323
1.59754
1.53546
1.63094
1.62611
1.63357
1.62579
1.58317
1.61965
1.63328
1.59741
1.57574
1.61574
1.64323
1.6415
1.60941
1.57043
1.61712
1.5961
1.60819
1.6329
1.58099
1.58451
1.57379
1.63648
1.64355
1.53898
1.58758
1.59229
1.63309
1.59674
1.58771
1.62947
1.59005
1.59773
1.61318
1.58003
1.6264
1.59658
1.57434
1.63795
1.63603
1.55741
1.63904
1.63043
1.5865
1.59571
1.61837
1.61114
1.57264
1.55869
1.60698
0.447648
0.450944
0.434336
0.445472
0.427744
0.436512
0.440544
0.446944
0.436992
0.446272
0.432608
0.433216
0.433376
0.438784
0.433984
0.430848
0.439008
0.44624
0.4336
0.4352
0.426816
0.434944
0.431744
0.453888
0.427616
0.43216
0.44112
0.444736
0.43264
0.434912
0.432736
0.43744
0.43072
0.43648
0.433024
0.446336
0.427872
0.443712
0.434944
0.442816
0.424832
0.440896
0.430016
0.432448
0.4208
0.443776
0.439168
0.449312
0.43008
0.42768
0.436832
0.438144
0.437504
0.444064
0.434432
0.43536
0.43456
0.434816
0.43776
0.431744
0.431776
0.436512
0.434944
0.447904
0.426784
0.438432
0.422784
0.430848
0.435488
0.430112
0.42768
0.433344
0.42544
0.426848
0.430944
0.427936
0.4168
0.481504
0.433696
0.435776
0.42512
0.4344
0.425632
0.429344
0.42048
0.428576
0.428896
0.424
0.42592
0.42736
0.429824
0.44864
0.416256
0.440736
0.429856
0.430752
0.428448
0.43264
0.426176
0.43408
0.418752
0.424416
0.430656
0.425664
0.420576
0.439584
0.438176
0.428864
0.427392
0.429632
0.434816
0.43968
0.42048
0.44096
0.4288
0.430336
0.42528
0.442912
0.439328
0.430496
0.423776
0.439072
0.42464
0.425344
0.440928
0.43168
0.434496
0.43216
0.43184
0.433312
0.426336
0.4256
0.424384
0.423968
0.436992
0.427776
0.424672
0.427104
0.433984
0.430624
0.429792
0.422976
0.429024
0.429856
0.427584
0.440576
0.443552
0.43824
0.430464
0.44496
0.433056
0.44304
0.42496
0.43488
0.43488
0.422496
0.42864
0.42784
0.44016
0.429632
0.427968
0.445024
0.428736
0.439936
0.432736
0.430976
0.440384
0.429824
0.430176
0.445472
0.431968
0.431456
0.433696
0.42544
0.426624
0.424224
0.423296
0.436928
0.427104
0.438208
0.440416
0.429568
0.439808
0.423776
0.430272
0.426656
0.428288
0.42976
0.43968
0.431104
0.429824
0.439232
0.12816
0.13248
0.130144
0.128672
0.130368
0.13088
0.129984
0.136768
0.130144
0.132512
0.131808
0.129248
0.129184
0.132608
0.131488
0.130176
0.133344
0.128
0.131872
0.130752
0.13392
0.128192
0.129536
0.135968
0.13216
0.132992
0.130848
0.126688
0.130784
0.131136
0.130784
0.128544
0.129696
0.129664
0.13264
0.128448
0.154816
0.128096
0.131008
0.128128
0.130848
0.130816
0.130336
0.129216
0.140416
0.12992
0.128608
0.126208
0.131488
0.130432
0.130464
0.127104
0.131136
0.132224
0.13152
0.126304
0.128896
0.12944
0.130272
0.127424
0.139232
0.128512
0.131328
0.131264
0.128224
0.13248
0.130432
0.131136
0.125376
0.129024
0.130944
0.130144
0.128992
0.129024
0.130592
0.130304
0.129632
0.129536
0.128576
0.129408
0.128608
0.130624
0.130816
0.128192
0.129632
0.13152
0.131296
0.131104
0.128256
0.131168
0.131424
0.137472
0.127296
0.129696
0.131456
0.132096
0.12608
0.127296
0.128224
0.131776
0.129536
0.129728
0.129024
0.127584
0.1288
0.128672
0.131712
0.128672
0.129376
0.13008
0.130368
0.128512
0.125856
0.1408
0.141504
0.130816
0.13024
0.129536
0.130176
0.130176
0.12944
0.128384
0.129152
0.131808
0.12848
0.129088
0.1288
0.130528
0.138368
0.12496
0.126208
0.127168
0.12336
0.127328
0.127264
0.124896
0.126304
0.1264
0.126368
0.12592
0.12656
0.123712
0.124768
0.126144
0.126048
0.124576
0.126688
0.127168
0.122912
0.127296
0.126944
0.124256
0.12544
0.126752
0.131136
0.13648
0.127168
0.124704
0.123904
0.134368
0.12512
0.126016
0.128352
0.123808
0.121728
0.135168
0.125632
0.124224
0.13376
0.12656
0.125312
0.126112
0.125952
0.124224
0.123104
0.127648
0.124128
0.122688
0.126752
0.125536
0.121984
0.12368
0.125856
0.124064
0.127488
0.127936
0.124736
0.12528
0.126304
0.124448
0.127104
0.125984
0.128896
0.127328
0.126048
0.12832
0.127904
0.125088
0.1288
0.129056
0.127808
0.129632
0.12976
0.128096
0.127008
0.127808
0.126976
0.126336
0.128032
0.128416
0.126752
0.12768
0.12976
0.125888
0.128256
0.127872
0.136288
0.126912
0.129184
0.126496
0.127936
0.129376
0.126656
0.12672
0.137408
0.135072
0.12256
0.128096
0.128704
0.125664
0.128768
0.12752
0.125664
0.128288
0.127136
0.128672
0.127456
0.127776
0.12832
0.125152
0.128096
0.13104
0.12768
0.138336
0.129728
0.124704
0.127392
0.128192
0.125152
0.127136
0.12944
0.127872
0.125248
0.13104
0.138144
0.12832
0.1288
0.128672
0.139072
0.122816
0.126464
0.129216
0.129088
0.123232
0.139424
0.125824
0.12496
0.126784
0.128512
0.127072
0.128032
0.138048
0.125888
0.127424
0.128896
0.125632
0.125376
0.128032
0.126176
0.124672
0.128992
0.127296
0.13088
0.134496
0.126848
0.128224
0.12848
0.135424
0.129024
0.127232
0.139392
0.12416
0.12464
0.128448
0.127488
0.13312
0.127296
0.127904
0.123328
0.12576
0.126624
0.125984
0.127264
0.1264
0.127968
0.126528
0.128608
0.131168
0.120768
0.125984
0.128256
0.126528
0.129984
0.128384
0.125344
0.1256
0.125632
0.127296
0.12624
0.125632
0.12976
0.129248
0.123104
0.129344
0.13024
0.126656
0.126656
0.127168
0.127136
0.129312
0.126912
0.136832
0.1272
0.128352
0.126208
0.12768
0.128224
0.138016
0.12592
0.127648
0.129312
0.127136
0.125504
0.127648
0.12784
0.125664
0.125408
0.129824
0.126496
0.128064
0.12816
0.127456
0.13632
0.129312
0.125408
0.127616
0.129696
0.12688
0.124032
0.127744
0.127296
0.127648
0.127872
0.12752
0.125152
0.126176
0.128704
0.127104
0.129056
0.129088
0.133376
0.12544
0.132256
0.127456
0.12464
0.127648
0.1496
0.127104
0.127584
0.130272
0.126624
0.127552
0.132736
0.128032
0.125312
0.122368
0.124224
0.125152
0.125568
0.1256
0.120608
0.126752
0.126368
0.1272
0.125824
0.124192
0.125088
0.126112
0.12512
0.126112
0.125728
0.126464
0.122624
0.12528
0.126112
0.124032
0.123744
0.125696
0.126816
0.1256
0.12096
0.123616
0.125184
0.127456
0.123744
0.125536
0.124672
0.126112
0.125632
0.126848
0.136384
0.124096
0.123776
0.124928
0.12832
0.127328
0.121024
0.128288
0.124224
0.126528
0.124992
0.126912
0.123168
0.122784
0.124992
0.125792
0.125664
0.121216
0.124352
0.12768
0.126848
0.123936
0.12144
0.1248
0.12448
0.126432
0.130848
0.123456
0.126368
0.122272
0.123712
0.126176
0.126016
0.125152
0.125312
0.122496
0.123232
0.122112
0.127136
0.126304
0.125568
0.120576
0.124224
0.127296
0.128064
0.121984
0.1232
0.124672
0.12592
0.12432
0.125984
0.123072
0.1256
0.132768
0.12592
0.1264
0.123296
0.134432
0.126368
0.123424
0.126624
0.12368
0.122688
0.136096
0.127168
0.122848
0.126048
0.124448
0.134912
0.124576
0.124512
0.12384
0.124768
0.123872
0.126752
0.126624
0.125856
0.119744
0.123936
0.123808
0.132992
0.12144
0.126624
0.13232
0.134784
0.125728
0.125248
0.12688
0.122816
0.124704
0.126112
0.131456
0.122656
0.126944
0.12432
0.124544
0.125984
0.125632
0.124064
0.126816
0.125248
0.130784
0.124544
0.125472
0.134656
0.126624
0.120128
0.124928
0.124192
0.12544
0.123648
0.134208
0.12864
0.126272
0.12608
0.126592
0.12416
0.123744
0.122528
0.126848
0.126368
0.125408
0.120544
0.122656
0.124896
0.12432
0.123968
0.121024
0.125664
0.126016
0.125408
0.125728
0.12256
0.12256
0.12496
0.1264
0.126528
0.126176
0.121312
0.132896
0.13472
0.126464
0.1224
0.123968
0.12416
0.124864
0.125024
0.124928
0.123424
0.125728
0.125728
0.135712
0.126624
0.125568
0.135392
0.132032
0.124384
0.134368
0.125984
0.124512
0.126624
0.123712
0.124128
0.134112
0.127008
0.127488
0.126336
0.131232
0.123232
0.12544
0.126656
0.12944
0.121984
0.126016
0.125792
0.125024
0.12544
0.124832
0.123392
0.12288
0.125248
0.1264
0.1232
0.126112
0.124096
0.12624
0.126304
0.120512
0.12384
0.122368
0.125888
0.123456
0.124384
0.12368
0.125984
0.124448
0.12432
0.128736
0.121312
0.130496
0.1256
0.127168
0.124736
0.12192
0.125216
0.125888
0.1256
0.123136
0.121472
0.124576
0.123136
0.124352
0.127232
0.124608
0.12208
0.121216
0.125792
0.123648
0.134304
0.124736
0.119744
0.123648
0.123808
0.122624
0.12192
0.123296
0.123648
0.120704
0.121568
0.1216
0.123936
0.121248
0.122656
0.123104
0.121632
0.119904
0.123968
0.122272
0.120672
0.122944
0.12272
0.130944
0.122656
0.130272
0.125792
0.123136
0.120832
0.121952
0.124192
0.123264
0.121216
0.121408
0.144448
0.141056
0.121664
0.1248
0.122016
0.119744
0.122976
0.123808
0.123456
0.12144
0.132928
0.120256
0.121216
0.121888
0.125472
0.121152
0.120608
0.122112
0.132288
0.122432
0.123264
0.123392
0.121856
0.12464
0.121888
0.126752
0.119936
0.121504
0.12432
0.121728
0.124576
0.122048
0.128544
0.134144
0.123552
0.120832
0.12048
0.123264
0.129536
0.121344
0.119968
0.131936
0.119488
0.12064
0.123648
0.131008
0.121152
0.122208
0.122432
0.122144
0.118688
0.121152
0.123872
0.121888
0.1192
0.12368
0.121248
0.121344
0.121056
0.122048
0.118656
0.120224
0.130592
0.123104
0.11952
0.120448
0.123072
0.125184
0.120736
0.122944
0.122112
0.120544
0.120448
0.12192
0.123584
0.120832
0.11776
0.12576
0.121952
0.132512
0.121216
0.123392
0.1216
0.12128
0.11744
0.124192
0.118688
0.121376
0.129312
0.122848
0.119584
0.132
0.123104
0.120608
0.124384
0.124
0.119808
0.122944
0.124128
0.12384
0.120352
0.123424
0.124288
0.12208
0.1304
0.124608
0.124576
0.123104
0.123136
0.123712
0.121952
0.1192
0.123136
0.123392
0.121248
0.120416
0.122464
0.124256
0.1296
0.12256
0.123296
0.122048
0.118912
0.1224
0.122752
0.122784
0.118688
0.125024
0.124992
0.13344
0.124096
0.133824
0.122432
0.121984
0.12368
0.134816
0.1216
0.119744
0.124032
0.124864
0.122848
0.12176
0.122912
0.123552
0.122752
0.122016
0.125248
0.1232
0.12064
0.124064
0.12592
0.121664
0.121472
0.122304
0.125504
0.12608
0.121824
0.126656
0.122528
0.122944
0.120736
0.120768
0.121056
0.122496
0.121536
0.12272
0.122208
0.121728
0.119168
0.12448
0.121248
0.12208
0.117408
0.12448
0.130848
0.122528
0.120032
0.124128
0.120096
0.120224
0.122656
0.124928
0.120384
0.121664
0.120256
0.124128
0.120288
0.123296
0.12192
0.122784
0.117984
0.123168
0.120736
0.122208
0.119392
0.123776
0.124128
0.1224
0.12032
0.12432
0.120288
0.12016
0.122432
0.1248
0.119616
0.121792
0.1224
0.128512
0.128512
0.120512
0.121024
0.123296
0.119232
0.124416
0.122784
0.133664
0.118816
0.121792
0.120896
0.12112
0.120512
0.123424
0.132416
0.126304
0.051616
0.04896
0.048864
0.050944
0.049472
0.047168
0.050016
0.048992
0.04848
0.050368
0.048864
0.049696
0.050496
0.049088
0.05136
0.04928
0.047136
0.048256
0.05008
0.049248
0.049152
0.051232
0.048192
0.049824
0.052192
0.048224
0.04736
0.050752
0.050112
0.05024
0.049824
0.04848
0.047872
0.05008
0.050944
0.049344
0.050528
0.047072
0.04848
0.049024
0.049536
0.049056
0.04976
0.050336
0.061088
0.049952
0.048288
0.0472
0.046752
0.048768
0.050752
0.04992
0.047744
0.056
0.04976
0.050016
0.051104
0.048064
0.047136
0.050848
0.048384
0.05024
0.050144
0.049344
0.049152
0.049984
0.052704
0.047968
0.051296
0.04928
0.048704
0.050656
0.048608
0.049344
0.051296
0.049024
0.046752
0.049536
0.049376
0.05088
0.049856
0.049344
0.048736
0.050112
0.050464
0.049088
0.050112
0.047072
0.049312
0.057088
0.054848
0.048928
0.048384
0.047936
0.050016
0.048288
0.04976
0.049568
0.046656
0.0488
0.049856
0.048608
0.048576
0.050112
0.049376
0.048256
0.050976
0.049376
0.047264
0.047616
0.048096
0.049248
0.049984
0.049056
0.050144
0.049888
0.049824
0.049664
0.050176
0.046304
0.048608
0.050464
0.048352
0.048096
0.050848
0.049088
0.047424
0.049504
0.048192
0.048
0.049984
0.048736
0.048832
0.051616
0.050048
0.050048
0.04704
0.049216
0.048672
0.049056
0.048736
0.04848
0.049056
0.048576
0.050464
0.048832
0.04912
0.046752
0.048736
0.049056
0.057248
0.048864
0.048096
0.051104
0.050176
0.049248
0.049856
0.0472
0.048928
0.04992
0.049152
0.053504
0.051712
0.049088
0.050432
0.058464
0.047904
0.04864
0.049056
0.048832
0.048832
0.050112
0.048096
0.05056
0.051232
0.04992
0.048736
0.051232
0.049952
0.047808
0.049664
0.048992
0.049632
0.050368
0.049408
0.049408
0.049952
0.049152
0.048352
0.050272
0.048928
0.05008
0.049056
0.04944
0.050208
0.046784
0.04768
0.050144
0.048544
0.049568
0.051072
0.049056
0.048832
0.050208
0.049536
0.048192
0.048096
0.048864
0.048832
0.059264
0.04752
0.048576
0.048864
0.050464
0.048672
0.050432
0.048768
0.049024
0.049248
0.0488
0.049312
0.049344
0.0496
0.051552
0.050592
0.048576
0.0488
0.051008
0.048608
0.048832
0.0504
0.048832
0.048928
0.049888
0.048192
0.050272
0.048672
0.04784
0.049408
0.04944
0.048928
0.049408
0.057568
0.048896
0.048736
0.049184
0.049728
0.050304
0.048768
0.048736
0.05024
0.048576
0.048928
0.053664
0.049376
0.049216
0.048832
0.04928
0.046464
0.046656
0.048576
0.05584
0.04944
0.04704
0.046624
0.051648
0.049728
0.047136
0.047168
0.046272
0.05056
0.047424
0.053088
0.049696
0.046592
0.055456
0.04624
0.046496
0.050144
0.047936
0.047264
0.049984
0.047904
0.050336
0.046528
0.04752
0.048736
0.048672
0.047808
0.04736
0.048352
0.049472
0.0472
0.048288
0.050912
0.047776
0.048672
0.048
0.04656
0.048704
0.051776
0.04912
0.046688
0.052896
0.050048
0.047744
0.048512
0.048224
0.046304
0.048512
0.046656
0.049184
0.047872
0.04656
0.049472
0.045408
0.045376
0.048288
0.050304
0.046656
0.054048
0.050144
0.047488
0.04912
0.04704
0.046752
0.04896
0.0472
0.047552
0.04848
0.047168
0.0576
0.046368
0.04624
0.048832
0.047744
0.048448
0.0464
0.048
0.049024
0.046112
0.05008
0.048448
0.046624
0.049696
0.048064
0.047008
0.048512
0.04832
0.047584
0.047296
0.047648
0.050432
0.046304
0.049216
0.049184
0.048
0.049824
0.04608
0.046016
0.048256
0.046272
0.04928
0.04608
0.04688
0.048864
0.046816
0.049248
0.046592
0.048672
0.04944
0.046464
0.049152
0.048096
0.0472
0.047648
0.04592
0.046816
0.048544
0.047616
0.04848
0.047648
0.049888
0.047424
0.049376
0.046016
0.047104
0.048288
0.046688
0.049216
0.046592
0.046592
0.049088
0.047552
0.046304
0.050176
0.048416
0.058944
0.046432
0.046912
0.04864
0.04736
0.048064
0.048224
0.045312
0.049248
0.049056
0.048544
0.050048
0.047488
0.049376
0.047712
0.04608
0.04912
0.04672
0.04784
0.04608
0.046208
0.04832
0.046624
0.050048
0.049984
0.046144
0.05056
0.046816
0.04752
0.047584
0.048128
0.0488
0.047456
0.04864
0.048768
0.046624
0.049056
0.047616
0.045952
0.04832
0.047872
0.04656
0.049696
0.046688
0.048928
0.047168
0.047072
0.049024
0.060928
0.046624
0.04992
0.04832
0.046784
0.048672
0.0464
0.047008
0.049504
0.047968
0.046816
0.048128
0.047648
0.047808
0.045984
0.048192
0.04944
0.04688
0.04768
0.047808
0.057696
0.048512
0.055488
0.049536
0.0472
0.046752
0.049152
0.046752
0.047872
0.04784
0.046464
0.048448
0.046688
0.047872
0.048032
0.046688
0.050304
0.046752
0.047104
0.04816
0.048832
0.047328
0.048288
0.048768
0.050656
0.04736
0.04672
0.04928
0.057952
0.048544
0.048032
0.046368
0.048224
0.045952
0.049536
0.047264
0.048768
0.049728
0.04704
0.046336
0.05008
0.046336
0.047776
0.046272
0.051712
0.046272
0.050016
0.046976
0.046624
0.048736
0.047136
0.048256
0.04928
0.046656
0.049088
0.04624
0.04688
0.049568
0.04784
0.047712
0.048
0.047744
0.055264
0.045664
0.050912
0.047456
0.047296
0.046464
0.045952
0.046336
0.047712
0.047872
0.050144
0.047232
0.047104
0.048736
0.046976
0.048704
0.047392
0.045088
0.048608
0.04736
0.048512
0.047616
0.046208
0.051136
0.047392
0.046144
0.050208
0.046784
0.048192
0.046528
0.046752
0.048384
0.04752
0.050464
0.047296
0.046784
0.051776
0.045728
0.054048
0.04704
0.048
0.047456
0.046848
0.048416
0.048416
0.04592
0.048192
0.046784
0.04944
0.04848
0.058528
0.047552
0.046144
0.055616
0.04656
0.048096
0.049152
0.048288
0.04832
0.047168
0.048256
0.04864
0.048032
0.049568
0.047008
0.046944
0.047744
0.053248
0.048576
0.050016
0.053344
0.048896
0.047104
0.046944
0.048576
0.048032
0.049824
0.048416
0.04848
0.049152
0.047712
0.049888
0.046304
0.04672
0.049536
0.046688
0.046432
0.049312
0.050208
0.049984
0.04624
0.047776
0.048704
0.046368
0.049344
0.04688
0.046848
0.047552
0.047488
0.046208
0.0488
0.049632
0.048512
0.046912
0.046624
0.050656
0.052448
0.048608
0.048032
0.046304
0.047008
0.049152
0.048352
0.046624
0.050784
0.047968
0.048992
0.048672
0.048768
0.047968
0.046272
0.046144
0.05056
0.046848
0.04848
0.047968
0.04768
0.048672
0.04928
0.049248
0.0544
0.04704
0.050368
0.046496
0.04592
0.049088
0.047168
0.048832
0.053216
0.047808
0.049408
0.04832
0.0504
0.046304
0.046336
0.048224
0.046272
0.04768
0.048288
0.047936
0.048096
0.045888
0.046752
0.050272
0.046464
0.048704
0.047616
0.045568
0.048448
0.047808
0.048672
0.046784
0.046304
0.049152
0.046272
0.047712
0.051104
0.056992
0.049408
0.046752
0.046944
0.058112
0.046592
0.0504
0.048928
0.048448
0.055808
0.048768
0.047296
0.0544
0.049664
0.046816
0.046464
0.050464
0.045088
0.04944
0.04672
0.047104
0.04896
0.046368
0.050464
0.046752
0.048832
0.049888
0.047136
0.048352
0.047776
0.047008
0.049472
0.046016
0.04752
0.048096
0.04608
0.049504
0.048928
0.048352
0.054144
0.048672
0.048032
0.045984
0.055264
0.053824
0.047296
0.047136
0.049408
0.046336
0.04848
0.049696
0.047616
0.04896
0.046944
0.048544
0.046624
0.045728
0.048832
0.047008
0.047168
0.049344
0.046336
0.048288
0.048672
0.050752
0.04752
0.046656
0.04944
0.047424
0.04576
0.050816
0.049152
0.046592
0.047136
0.0488
0.046976
0.046336
0.053536
0.049088
0.046368
0.04704
0.047104
0.047424
0.046336
0.045952
0.047392
0.048224
0.04672
0.05328
0.047232
0.053888
0.046752
0.045472
0.054336
0.047168
0.047392
0.047872
0.046336
0.048448
0.046048
0.04432
0.046144
0.046848
0.054912
0.046304
0.045568
0.047808
0.045152
0.045728
0.045952
0.04752
0.046432
0.047104
0.04624
0.04592
0.046144
0.045696
0.045952
0.045728
0.04688
0.046624
0.046112
0.046656
0.046336
0.0464
0.046208
0.046272
0.046464
0.046176
0.046784
0.046752
0.046272
0.052864
0.047488
0.046592
0.04816
0.046432
0.04672
0.045856
0.046464
0.0464
0.045792
0.047136
0.047264
0.046112
0.054336
0.046048
0.048
0.051648
0.048288
0.046784
0.054304
0.046304
0.045856
0.045952
0.04848
0.046368
0.046944
0.04608
0.047616
0.046048
0.056544
0.04608
0.047168
0.046464
0.046688
0.046304
0.045984
0.046976
0.045728
0.046464
0.047776
0.045632
0.046176
0.043872
0.047712
0.045888
0.046592
0.045696
0.047168
0.0464
0.044544
0.047008
0.048192
0.045984
0.046592
0.047328
0.048032
0.047744
0.047584
0.046304
0.047552
0.04672
0.046304
0.046784
0.047744
0.045824
0.046368
0.04608
0.047424
0.044864
0.046144
0.046816
0.048
0.047808
0.046176
0.04704
0.047072
0.04656
0.047264
0.046848
0.04736
0.04832
0.047008
0.052288
0.046816
0.046624
0.046912
0.046368
0.04672
0.047648
0.046944
0.048576
0.047008
0.046016
0.04624
0.047168
0.0464
0.04688
0.047264
0.047264
0.046368
0.047168
0.046144
0.046528
0.046624
0.045664
0.046016
0.045888
0.047296
0.047424
0.046784
0.048064
0.052864
0.047328
0.05312
0.047168
0.04688
0.046528
0.046656
0.04768
0.04608
0.047584
0.04736
0.047584
0.04688
0.046688
0.046976
0.049184
0.04752
0.04816
0.046784
0.0472
0.046752
0.04592
0.045184
0.045952
0.046656
0.046336
0.04512
0.046816
0.045568
0.044224
0.046304
0.046624
0.0488
0.04928
0.045312
0.046496
0.04384
0.047392
0.045792
0.046016
0.0456
0.048096
0.046048
0.046368
0.0456
0.047584
0.046496
0.047296
0.046016
0.04864
0.045536
0.048512
0.046432
0.046784
0.047008
0.046272
0.04592
0.04848
0.047424
0.046784
0.045632
0.04784
0.046848
0.046016
0.0456
0.04896
0.0512
0.045088
0.046176
0.04896
0.04624
0.046336
0.04656
0.047264
0.044192
0.04576
0.04768
0.047264
0.046208
0.045728
0.046144
0.052928
0.046336
0.046336
0.046336
0.047712
0.046432
0.047456
0.046336
0.04704
0.046432
0.045344
0.052704
0.04656
0.046816
0.045312
0.04752
0.047872
0.045024
0.046144
0.046112
0.046784
0.04688
0.045312
0.045728
0.04848
0.0528
0.045472
0.0464
0.047552
0.04432
0.046912
0.046176
0.046528
0.046272
0.046272
0.04672
0.044224
0.045632
0.045504
0.045696
0.045856
0.046528
0.047328
0.047936
0.046176
0.045952
0.04704
0.046784
0.04624
0.046272
0.04608
0.046048
0.046368
0.047072
0.045856
0.0464
0.046176
0.047136
0.045216
0.046496
0.046432
0.048736
0.046784
0.046112
0.046112
0.0488
0.04544
0.0472
0.052288
0.047968
0.045792
0.046304
0.04448
0.046656
0.045888
0.046208
0.046304
0.047392
0.047136
0.0448
0.045952
0.047456
0.046272
0.046784
0.046304
0.056224
0.046272
0.04592
0.050688
0.048
0.046304
0.04592
0.04688
0.047328
0.046368
0.046272
0.04832
0.048544
0.046912
0.046528
0.046112
0.047264
0.04736
0.045888
0.046336
0.047744
0.046304
0.04592
0.046688
0.048448
0.044384
0.04656
0.046464
0.047904
0.04752
0.046272
0.046752
0.045888
0.046912
0.045984
0.045248
0.04912
0.046816
0.046016
0.044416
0.046816
0.046464
0.047232
0.046688
0.047392
0.047328
0.046912
0.047392
0.0496
0.046688
0.045696
0.046272
0.048032
0.04592
0.052608
0.046944
0.048416
0.046816
0.045792
0.046176
0.047552
0.046368
0.046912
0.051392
0.047424
0.047008
0.049056
0.046272
0.04512
0.046016
0.046208
0.046464
0.046304
0.046912
0.047168
0.04368
0.047616
0.046432
0.046304
0.05056
0.046944
0.045824
0.050944
0.049024
0.04752
0.045408
0.047168
0.046624
0.047872
0.045248
0.045664
0.047168
0.047552
0.046112
0.047456
0.04576
0.045792
0.046176
0.046656
0.045824
0.04624
0.047872
0.04592
0.045376
0.04624
0.045856
0.046336
0.046752
0.046016
0.046048
0.048224
0.044832
0.045888
0.046016
0.046944
0.046336
0.045696
0.045952
0.04416
0.048096
0.045632
0.045856
0.0464
0.046912
0.046656
0.044608
0.04512
0.04656
0.045952
0.047072
0.045568
0.045984
0.04672
0.047168
0.046176
0.046432
0.045984
0.049344
0.055744
0.046816
0.04528
0.04704
0.045216
0.0464
0.045728
0.048512
0.046144
0.046816
0.055424
0.047392
0.046368
0.046816
0.04576
0.047424
0.046272
0.047872
0.043744
0.04688
0.046784
0.046752
0.046656
0.048
0.04576
0.044288
0.046272
0.048288
0.047296
0.04704
0.04752
0.047008
0.04416
0.04608
0.046336
0.049408
0.046176
0.046368
0.047136
0.044928
0.045376
0.043904
0.043392
0.043776
0.045984
0.043584
0.04704
0.044704
0.045792
0.046784
0.045792
0.04544
0.04496
0.04512
0.04496
0.043296
0.050368
0.043552
0.043776
0.04544
0.042944
0.043616
0.044832
0.046912
0.047968
0.046816
0.046432
0.045472
0.047008
0.047456
0.043968
0.0432
0.044352
0.043072
0.043744
0.043072
0.054208
0.043712
0.043072
0.044288
0.045056
0.046816
0.046784
0.047296
0.045408
0.045408
0.045312
0.045376
0.051456
0.043072
0.043424
0.046752
0.045728
0.045056
0.043488
0.043904
0.043712
0.045856
0.047328
0.044928
0.045344
0.043936
0.04432
0.045536
0.044448
0.04288
0.045216
0.04512
0.048224
0.045696
0.0456
0.045664
0.045728
0.046304
0.046848
0.043776
0.043648
0.043808
0.044288
0.043744
0.045984
0.044352
0.043584
0.046976
0.05104
0.045248
0.055648
0.047136
0.045504
0.04496
0.044448
0.044256
0.044992
0.044128
0.04464
0.04416
0.043744
0.05072
0.04352
0.04272
0.044384
0.045952
0.056352
0.04608
0.045536
0.044192
0.051424
0.046912
0.045216
0.046272
0.04528
0.043488
0.044992
0.043552
0.043232
0.044032
0.043264
0.045408
0.045664
0.052352
0.045952
0.045216
0.04688
0.045856
0.044832
0.04496
0.04416
0.045408
0.045344
0.046176
0.045888
0.046784
0.046016
0.046336
0.04736
0.045728
0.044672
0.043712
0.045024
0.045024
0.04464
0.045344
0.043744
0.04464
0.045536
0.045504
0.048928
0.045536
0.046048
0.04624
0.045696
0.056256
0.046304
0.043264
0.044192
0.042752
0.044896
0.043712
0.043584
0.043488
0.044672
0.046336
0.045696
0.045152
0.045728
0.051808
0.04656
0.052352
0.046208
0.046624
0.043552
0.043232
0.050784
0.044992
0.044608
0.051104
0.043424
0.044352
0.0464
0.045632
0.046976
0.04608
0.045216
0.0448
0.045088
0.047584
0.045344
0.044288
0.045312
0.045536
0.048192
0.045888
0.045568
0.045376
0.046368
0.047616
0.046976
0.045024
0.043008
0.043392
0.045568
0.043552
0.044832
0.043424
0.043968
0.047008
0.046368
0.053504
0.04624
0.045248
0.04736
0.045856
0.052512
0.045664
0.044352
0.043104
0.04352
0.043232
0.044064
0.044192
0.042688
0.0448
0.046496
0.046112
0.048544
0.04592
0.046656
0.04768
0.046528
0.046048
0.05184
0.042272
0.043712
0.044096
0.04368
0.043776
0.043552
0.044576
0.044288
0.0472
0.045792
0.045888
0.045536
0.045184
0.047008
0.045216
0.04432
0.045472
0.043968
0.046176
0.04368
0.043712
0.04736
0.047744
0.048608
0.047424
0.046784
0.043904
0.044128
0.043616
0.043872
0.044448
0.049088
0.045152
0.04384
0.043616
0.053088
0.04592
0.047616
0.045664
0.045728
0.045664
0.046048
0.046176
0.043904
0.043744
0.04336
0.044224
0.045152
0.043584
0.04384
0.044672
0.04368
0.047744
0.045888
0.04704
0.045344
0.052032
0.04752
0.045952
0.045568
0.045792
0.044128
0.046656
0.043808
0.045568
0.045792
0.045504
0.046912
0.044096
0.043808
0.044608
0.043872
0.043648
0.043744
0.043264
0.044928
0.044096
0.043552
0.044864
0.045728
0.046336
0.048832
0.047264
0.04688
0.045184
0.045376
0.045216
0.044768
0.04592
0.044992
0.045408
0.04704
0.045216
0.045696
0.046944
0.046144
0.045344
0.054368
0.044
0.044192
0.043808
0.046368
0.043872
0.042912
0.043424
0.045216
0.0464
0.04496
0.045856
0.045344
0.047744
0.048224
0.047264
0.043296
0.04464
0.043488
0.043456
0.044832
0.043776
0.043904
0.047296
0.045696
0.046368
0.046272
0.046304
0.052864
0.047456
0.04544
0.046336
0.0456
0.046816
0.044256
0.053856
0.044896
0.043904
0.05824
0.044064
0.04368
0.04384
0.048384
0.049632
0.047456
0.053824
0.046144
0.04592
0.046272
0.047904
0.04416
0.043776
0.048736
0.046336
0.045888
0.0464
0.046656
0.047104
0.046016
0.044416
0.04496
0.043712
0.046848
0.043552
0.045024
0.044
0.04368
0.045152
0.045152
0.056672
0.047552
0.046592
0.04896
0.078272
0.045952
0.045408
0.045312
0.045568
0.04432
0.043968
0.065408
0.044448
0.046272
0.044096
0.045696
0.043808
0.046144
0.047968
0.0584
0.045504
0.04592
0.044768
0.047296
0.046912
0.044864
0.043264
0.049824
0.043584
0.04448
0.04352
0.047104
0.044576
0.044704
0.045344
0.045344
0.045568
0.046784
0.045312
0.046144
0.045824
0.04624
0.045792
0.044448
0.043328
0.04288
0.062816
0.04848
0.045792
0.046144
0.046144
0.045696
0.04544
0.044864
0.043136
0.045504
0.05104
0.04672
0.044256
0.044064
0.048192
0.04816
0.046784
0.045088
0.046336
0.045408
0.044832
0.046752
0.045504
0.043712
0.044096
0.045856
0.050272
0.043936
0.043968
0.044352
0.043456
0.044736
0.046016
0.04848
0.046432
0.047104
0.045952
0.045504
0.046656
0.045376
0.045088
0.043872
0.04384
0.04464
0.045216
0.047328
0.044256
0.044448
0.043904
0.04704
0.04752
0.04512
0.0464
0.046208
0.045248
0.046304
0.046784
0.043904
0.04512
0.044032
0.050656
0.060832
0.043904
0.044448
0.050272
0.048384
0.044768
0.04736
0.035328
0.0368
0.036608
0.035712
0.035808
0.036512
0.035936
0.036096
0.035904
0.036288
0.036224
0.036192
0.035648
0.036384
0.042976
0.036352
0.036096
0.036224
0.047264
0.036032
0.036224
0.036512
0.035904
0.035904
0.035456
0.035616
0.04112
0.036384
0.03776
0.036096
0.036512
0.036672
0.035584
0.0352
0.035392
0.035232
0.035648
0.036192
0.034816
0.035264
0.038432
0.03552
0.035584
0.035712
0.03632
0.036128
0.035104
0.035968
0.035808
0.036896
0.053952
0.03504
0.037088
0.036288
0.03616
0.04176
0.035712
0.034784
0.035392
0.035872
0.035648
0.035808
0.03616
0.036256
0.034848
0.053888
0.036352
0.035136
0.035808
0.036128
0.039232
0.040448
0.036704
0.034656
0.03648
0.035552
0.035264
0.035584
0.03584
0.036576
0.035648
0.047264
0.03536
0.035584
0.037568
0.03568
0.03536
0.052352
0.03632
0.036512
0.036416
0.036096
0.041856
0.0368
0.037344
0.036704
0.037088
0.035712
0.035584
0.035872
0.036096
0.036128
0.036416
0.036064
0.034912
0.036192
0.037056
0.036672
0.03568
0.035936
0.036288
0.03536
0.03632
0.035872
0.042304
0.03648
0.03648
0.035328
0.036864
0.036192
0.035968
0.036352
0.036
0.035136
0.035808
0.035616
0.03504
0.035936
0.035456
0.035776
0.036288
0.036672
0.036448
0.036064
0.035264
0.0352
0.034688
0.03648
0.034624
0.035584
0.0368
0.036128
0.041888
0.035424
0.03552
0.035328
0.035552
0.034784
0.035872
0.036448
0.035584
0.03568
0.035072
0.035904
0.034816
0.035424
0.054976
0.035904
0.036064
0.035104
0.036416
0.035488
0.036
0.035808
0.035136
0.035104
0.036064
0.035872
0.034848
0.035712
0.035392
0.03648
0.035808
0.035584
0.035584
0.034624
0.035712
0.037184
0.035264
0.042112
0.036256
0.036128
0.035552
0.035232
0.036032
0.046048
0.035904
0.036
0.03536
0.034912
0.035264
0.035168
0.036896
0.036064
0.036288
0.03488
0.035072
0.03648
0.03616
0.034496
0.035584
0.035776
0.036064
0.035392
0.03712
0.036288
0.03552
0.03584
0.035136
0.03632
0.04672
0.0352
0.035328
0.0368
0.035296
0.034976
0.035264
0.036096
0.043232
0.03552
0.036576
0.036256
0.036352
0.036384
0.03648
0.035072
0.035136
0.034784
0.036064
0.037792
0.046848
0.03536
0.035232
0.036256
0.036032
0.03504
0.037216
0.0352
0.036864
0.036
0.035776
0.037696
0.036224
0.03456
0.035072
0.03632
0.035616
0.0344
0.03632
0.035328
0.03648
0.035744
0.0368
0.03616
0.035872
0.035488
0.035776
0.035424
0.034944
0.035424
0.035424
0.035936
0.034784
0.035968
0.035968
0.035456
0.036064
0.036608
0.035456
0.035424
0.035296
0.03728
0.0352
0.035328
0.035904
0.036096
0.034784
0.036384
0.036256
0.035872
0.057568
0.036256
0.03552
0.036256
0.03616
0.036768
0.036352
0.03744
0.034464
0.035872
0.035936
0.035296
0.035776
0.036192
0.036928
0.036576
0.037312
0.03536
0.034624
0.036064
0.035904
0.034912
0.035264
0.03744
0.03584
0.036448
0.056704
0.036256
0.035936
0.036384
0.036256
0.036
0.035552
0.036032
0.034976
0.035616
0.036064
0.034528
0.034656
0.036096
0.035744
0.035744
0.036992
0.034848
0.03664
0.035392
0.035424
0.035616
0.036
0.034816
0.035872
0.037504
0.036416
0.035104
0.036544
0.035488
0.043552
0.035712
0.036064
0.036224
0.036608
0.03552
0.036608
0.034816
0.035712
0.03552
0.036416
0.037632
0.03536
0.034912
0.036256
0.036064
0.035296
0.036256
0.036128
0.03552
0.036128
0.035584
0.035648
0.035424
0.035936
0.03616
0.035136
0.036128
0.036704
0.035616
0.03728
0.03632
0.035392
0.035808
0.034752
0.036416
0.035808
0.036768
0.035648
0.035392
0.03584
0.035744
0.03568
0.035232
0.036576
0.034624
0.036672
0.036096
0.036416
0.036832
0.034656
0.035872
0.034816
0.03632
0.034752
0.036416
0.035072
0.03488
0.035488
0.03504
0.03632
0.035936
0.035488
0.036032
0.035872
0.035616
0.036
0.035264
0.036192
0.036512
0.035712
0.045984
0.036864
0.036672
0.036256
0.040192
0.035488
0.036352
0.035744
0.043296
0.036256
0.036672
0.035328
0.0368
0.035776
0.035968
0.035424
0.0352
0.036288
0.034816
0.03664
0.03504
0.036512
0.036544
0.035392
0.035488
0.037152
0.036128
0.034592
0.035808
0.036256
0.03472
0.034752
0.035104
0.036512
0.036064
0.037088
0.03536
0.035808
0.035584
0.03552
0.035296
0.035328
0.035712
0.03536
0.03616
0.056512
0.03536
0.036224
0.035552
0.035712
0.035584
0.036704
0.035392
0.035328
0.036832
0.036256
0.035136
0.035008
0.045856
0.036
0.037216
0.03696
0.035744
0.03552
0.034752
0.035104
0.036032
0.036384
0.035136
0.035872
0.03568
0.03536
0.035072
0.035712
0.036256
0.035744
0.034912
0.035968
0.034688
0.03584
0.0352
0.035136
0.035648
0.035712
0.035584
0.035392
0.037152
0.035552
0.035584
0.03648
0.035744
0.03504
0.035296
0.037344
0.035392
0.037088
0.03632
0.035104
0.036544
0.036832
0.035456
0.03552
0.034656
0.041792
0.03632
0.035648
0.034688
0.0344
0.034176
0.035584
0.032768
0.033888
0.034336
0.033792
0.033984
0.03488
0.033984
0.034784
0.033856
0.03392
0.03472
0.033824
0.034176
0.033984
0.035008
0.034336
0.034656
0.033856
0.03472
0.035328
0.034464
0.0344
0.034112
0.05552
0.03408
0.034944
0.035072
0.036128
0.03472
0.034528
0.034336
0.035488
0.035232
0.033952
0.040064
0.044448
0.034208
0.035136
0.035136
0.034336
0.034336
0.034848
0.035424
0.03408
0.033056
0.033216
0.034976
0.034336
0.03408
0.03456
0.0352
0.034976
0.035808
0.034848
0.034624
0.034528
0.035424
0.03504
0.035136
0.034432
0.034528
0.034688
0.055584
0.034528
0.034784
0.03456
0.035712
0.040032
0.033952
0.034496
0.035776
0.034176
0.03408
0.036
0.034688
0.033984
0.033824
0.034624
0.033984
0.034176
0.034368
0.056928
0.034208
0.03392
0.034464
0.035136
0.034656
0.034304
0.0344
0.035456
0.034272
0.033984
0.034976
0.035072
0.034688
0.034304
0.035136
0.034464
0.03376
0.039904
0.03504
0.033696
0.034272
0.034432
0.033888
0.036672
0.034464
0.033632
0.034016
0.036096
0.03488
0.033952
0.034656
0.035648
0.03392
0.034848
0.035552
0.034848
0.034496
0.03392
0.036608
0.034528
0.034784
0.03408
0.035104
0.03424
0.039936
0.034464
0.034208
0.0344
0.033888
0.03392
0.034176
0.034208
0.034208
0.034944
0.034016
0.034624
0.034048
0.035424
0.034336
0.034464
0.034144
0.034656
0.03456
0.034336
0.035296
0.03424
0.035008
0.034528
0.033664
0.03552
0.034336
0.033888
0.034496
0.036096
0.034528
0.034784
0.03456
0.046592
0.034304
0.034368
0.03376
0.034464
0.034176
0.041568
0.03552
0.034976
0.033952
0.035264
0.034272
0.034624
0.033728
0.03376
0.034464
0.034496
0.043968
0.03424
0.033824
0.0344
0.035488
0.033824
0.034752
0.033984
0.034272
0.034592
0.034016
0.034976
0.033728
0.0344
0.035776
0.035264
0.033888
0.035296
0.03568
0.034496
0.034464
0.033984
0.035264
0.03408
0.034496
0.034016
0.034016
0.034176
0.034016
0.034208
0.045312
0.03392
0.033984
0.034432
0.03424
0.034112
0.034496
0.033792
0.034048
0.034592
0.034816
0.034528
0.035424
0.035072
0.034144
0.035392
0.035168
0.03552
0.034208
0.034976
0.034656
0.033824
0.039936
0.03584
0.034656
0.034144
0.034016
0.035136
0.033824
0.034112
0.03472
0.034848
0.03472
0.034688
0.035168
0.033568
0.034752
0.034336
0.034048
0.03408
0.0344
0.033856
0.033984
0.035104
0.034336
0.034176
0.034336
0.035904
0.03472
0.034304
0.036192
0.034048
0.034912
0.033888
0.03552
0.035008
0.033664
0.034208
0.03536
0.034208
0.034144
0.03408
0.035872
0.034048
0.034624
0.034016
0.03536
0.0352
0.034624
0.034592
0.045472
0.035232
0.033856
0.035136
0.035296
0.035488
0.034272
0.034208
0.034144
0.034272
0.034592
0.034048
0.043744
0.034016
0.034016
0.033984
0.035456
0.034592
0.034304
0.03408
0.03536
0.034048
0.034144
0.035008
0.034016
0.034912
0.03424
0.034144
0.034464
0.033952
0.033952
0.034176
0.034336
0.033792
0.035616
0.033824
0.034176
0.035808
0.034912
0.034112
0.03408
0.033888
0.03472
0.034528
0.034464
0.044288
0.034432
0.034304
0.033984
0.03472
0.034656
0.034048
0.03504
0.035104
0.035296
0.034208
0.034656
0.03408
0.034848
0.0344
0.033088
0.034912
0.0344
0.034208
0.034176
0.03568
0.034208
0.035648
0.042112
0.03568
0.035008
0.03424
0.034784
0.034944
0.034048
0.034528
0.0336
0.035264
0.034784
0.033536
0.034624
0.033888
0.034592
0.035328
0.035616
0.034688
0.034304
0.033952
0.035264
0.034464
0.03472
0.034208
0.034912
0.035424
0.034336
0.034624
0.03424
0.034816
0.035072
0.0344
0.03552
0.035424
0.034816
0.034208
0.046048
0.033664
0.034464
0.034688
0.035552
0.033984
0.034912
0.034048
0.034848
0.034368
0.03328
0.035232
0.033664
0.033696
0.033952
0.034784
0.035488
0.036
0.035008
0.034144
0.035616
0.03392
0.034432
0.034336
0.03568
0.034144
0.03456
0.053024
0.034144
0.034496
0.034016
0.035072
0.0352
0.034368
0.041152
0.058112
0.034912
0.034272
0.034368
0.03536
0.03472
0.034336
0.034496
0.035072
0.033536
0.034944
0.054816
0.035008
0.03408
0.033888
0.034976
0.034304
0.03424
0.033856
0.045312
0.033856
0.034048
0.03392
0.034144
0.035232
0.033536
0.034848
0.034528
0.044864
0.034624
0.034016
0.036224
0.035552
0.033856
0.034208
0.034016
0.033504
0.034144
0.0344
0.035456
0.033632
0.035008
0.034208
0.034016
0.034528
0.034176
0.035296
0.034432
0.034592
0.0336
0.034816
0.034208
0.03392
0.03392
0.035936
0.033568
0.034304
0.034432
0.03536
0.035264
0.03424
0.034016
0.034688
0.034976
0.034752
0.034464
0.03488
0.034368
0.034464
0.034336
0.03536
0.03424
0.034432
0.03408
0.03488
0.034368
0.034368
0.03488
0.034528
0.034464
0.0344
0.035968
0.03456
0.041184
0.034528
0.035904
0.034688
0.035456
0.03408
0.034432
0.036608
0.03584
0.033344
0.034944
0.034688
0.03376
0.033696
0.033984
0.035744
0.033248
0.034272
0.033376
0.033696
0.034496
0.034752
0.034144
0.034144
0.03472
0.033952
0.034048
0.033472
0.033312
0.033472
0.033088
0.034784
0.034144
0.034048
0.035552
0.034592
0.034208
0.033824
0.035264
0.0336
0.033888
0.034144
0.03504
0.034208
0.033856
0.034016
0.033952
0.03424
0.033792
0.033408
0.035136
0.03424
0.034048
0.034368
0.033664
0.03472
0.033632
0.03408
0.034176
0.034656
0.033504
0.034816
0.034592
0.033952
0.0344
0.033952
0.034336
0.046496
0.033728
0.033504
0.041696
0.03584
0.034944
0.033728
0.033504
0.035104
0.034048
0.038592
0.03392
0.035584
0.0336
0.041504
0.034624
0.035136
0.03488
0.035808
0.03488
0.034976
0.034208
0.034944
0.03504
0.034208
0.033728
0.034528
0.035264
0.033888
0.034432
0.034336
0.03568
0.034368
0.033856
0.033984
0.034688
0.034816
0.034752
0.035136
0.03392
0.035968
0.03456
0.034656
0.033824
0.047712
0.03456
0.034144
0.034848
0.034368
0.035168
0.03472
0.035168
0.035424
0.034176
0.041312
0.035232
0.033792
0.03488
0.034496
0.03552
0.03472
0.034272
0.034048
0.033952
0.034208
0.033728
0.0352
0.034976
0.041152
0.03504
0.0344
0.033856
0.03392
0.034112
0.035328
0.035424
0.034496
0.034976
0.0344
0.034368
0.033632
0.03408
0.033952
0.035648
0.033696
0.03376
0.034304
0.034816
0.03408
0.034144
0.034432
0.0352
0.034272
0.033632
0.034528
0.035136
0.033504
0.033696
0.034368
0.033376
0.035456
0.034176
0.035072
0.033728
0.035264
0.034144
0.033792
0.034016
0.03552
0.034944
0.034048
0.034272
0.035648
0.033664
0.033952
0.033344
0.034336
0.034272
0.034304
0.034144
0.043488
0.034624
0.033984
0.034176
0.034688
0.033088
0.034112
0.03424
0.033984
0.033824
0.033216
0.03424
0.034624
0.034144
0.033984
0.03376
0.034848
0.033696
0.033888
0.034912
0.0336
0.034688
0.033792
0.035072
0.034016
0.033408
0.034592
0.033728
0.03424
0.034176
0.03392
0.034304
0.034112
0.03424
0.034144
0.034496
0.035488
0.033888
0.033504
0.034496
0.034944
0.033856
0.033472
0.033696
0.034688
0.034176
0.033536
0.034464
0.034528
0.0344
0.034272
0.040064
0.03472
0.034144
0.034464
0.035104
0.035296
0.034784
0.034496
0.033856
0.034784
0.03408
0.034304
0.035232
0.054688
0.043776
0.03392
0.033696
0.033696
0.036064
0.034048
0.033472
0.033888
0.03552
0.033536
0.034464
0.035008
0.035168
0.033536
0.034176
0.034016
0.035168
0.034176
0.034912
0.034496
0.034368
0.034784
0.034336
0.0344
0.035264
0.034432
0.03424
0.033728
0.0344
0.04096
0.034528
0.033824
0.035456
0.033792
0.033888
0.034144
0.03408
0.033984
0.034144
0.033472
0.03376
0.034272
0.034144
0.034176
0.034688
0.034368
0.034272
0.034144
0.03264
0.034336
0.033664
0.0336
0.033792
0.034368
0.034688
0.034304
0.034304
0.034144
0.033696
0.033152
0.034592
0.034304
0.03408
0.034112
0.03408
0.034944
0.034656
0.034624
0.034688
0.033952
0.034016
0.034528
0.034816
0.033952
0.033728
0.03504
0.035552
0.034016
0.034496
0.034784
0.034528
0.034528
0.032992
0.033952
0.033728
0.034208
0.034592
0.035616
0.034368
0.047488
0.033472
0.034336
0.034336
0.034272
0.033984
0.040416
0.035168
0.034208
0.033216
0.034368
0.034656
0.034432
0.034368
0.035232
0.0344
0.034752
0.034272
0.034656
0.034464
0.033376
0.034496
0.034048
0.034144
0.033408
0.033664
0.033888
0.035328
0.034464
0.035168
0.034432
0.034144
0.03456
0.034304
0.0336
0.033952
0.033184
0.033952
0.03408
0.034176
0.034816
0.033856
0.034048
0.033984
0.03424
0.033856
0.033824
0.034528
0.034944
0.034752
0.034304
0.034784
0.034496
0.034464
0.03408
0.033888
0.033632
0.034144
0.034464
0.034112
0.033472
0.034048
0.035008
0.0344
0.035808
0.03488
0.034144
0.033952
0.034144
0.035072
0.033952
0.034144
0.034144
0.0336
0.034752
0.034272
0.037792
0.034304
0.035008
0.034816
0.033248
0.034464
0.034848
0.03344
0.034464
0.033888
0.03264
0.034272
0.033984
0.033792
0.03488
0.033824
0.034272
0.041312
0.034336
0.034048
0.03536
0.033856
0.034528
0.034016
0.034368
0.034784
0.034176
0.034592
0.034464
0.034176
0.034176
0.034048
0.033824
0.034112
0.033888
0.03376
0.034208
0.035136
0.035328
0.034112
0.034016
0.033824
0.034944
0.034912
0.03408
0.033536
0.034272
0.034208
0.033568
0.033824
0.035168
0.033984
0.034016
0.034176
0.033696
0.03408
0.034208
0.033952
0.034208
0.033696
0.034272
0.034144
0.035168
0.034112
0.033792
0.03376
0.034496
0.034208
0.033792
0.034912
0.034432
0.034656
0.034208
0.034848
0.03424
0.043648
0.034208
0.034304
0.033888
0.034144
0.032672
0.034144
0.033344
0.033472
0.034912
0.03424
0.034016
0.03424
0.033728
0.034176
0.034144
0.034432
0.033792
0.040096
0.033824
0.03408
0.0336
0.033984
0.033696
0.034304
0.03424
0.034176
0.034368
0.03424
0.034336
0.033536
0.033632
0.033728
0.03392
0.034144
0.033952
0.040032
0.034784
0.034208
0.034048
0.034816
0.033888
0.033536
0.034304
0.03424
0.03408
0.034048
0.034176
0.033984
0.034592
0.0344
0.034496
0.033472
0.03424
0.033888
0.034144
0.03472
0.033472
0.033984
0.034176
0.03456
0.041312
0.03392
0.034112
0.03392
0.033856
0.0344
0.034016
0.034144
0.034752
0.033952
0.034208
0.033856
0.03488
0.03536
0.034016
0.035104
0.034496
0.034112
0.03376
0.03376
0.035264
0.033952
0.0344
0.033728
0.034592
0.033408
0.032832
0.0344
0.034336
0.033696
0.041152
0.034848
0.033952
0.035264
0.034496
0.034048
0.034272
0.033504
0.034144
0.033536
0.034048
0.033088
0.034176
0.034176
0.034112
0.034752
0.034624
0.034176
0.033824
0.034112
0.033984
0.034528
0.03408
0.03472
0.033056
0.033984
0.033376
0.034048
0.034912
0.034368
0.0344
0.034208
0.034464
0.033856
0.034016
0.03408
0.040192
0.034016
0.033056
0.034304
0.034816
0.033632
0.033792
0.034048
0.0336
0.03472
0.034432
0.033632
0.04032
0.033824
0.03424
0.034688
0.034336
0.033952
0.033952
0.033984
0.034176
0.034784
0.034272
0.034528
0.03424
0.033824
0.034496
0.034656
0.033984
0.033856
0.034272
0.034304
0.034016
0.034272
0.034336
0.034176
0.034688
0.034016
0.034304
0.033632
0.033824
0.034208
0.034624
0.034688
0.033952
0.034752
0.035168
0.033696
0.033728
0.034464
0.03408
0.033728
0.034464
0.033952
0.033824
0.034432
0.033952
0.034784
0.03456
0.034144
0.034208
0.034624
0.034272
0.033536
0.034912
0.033664
0.034144
0.034176
0.034432
0.034112
0.034656
0.033856
0.034048
0.034336
0.034208
0.034848
0.0344
0.034464
0.03408
0.03408
0.03424
0.034752
0.04
0.034208
0.033792
0.034272
0.034816
0.034176
0.033696
0.034144
0.03472
0.033856
0.034624
0.034176
0.034112
0.034176
0.033344
0.034208
0.035008
0.034208
0.034112
0.034304
0.03392
0.03424
0.035104
0.033728
0.034016
0.033696
0.034144
0.035424
0.034784
0.034048
0.034112
0.033984
0.034208
0.03392
0.034112
0.034944
0.035424
0.034528
0.034624
0.033984
0.034592
0.033888
0.034944
0.03312
0.035104
0.0336
0.034656
0.034304
0.034144
0.033056
0.034688
0.033856
0.03488
0.034016
0.032928
0.034368
0.034336
0.033696
0.033664
0.034048
0.034912
0.033792
0.034336
0.033696
0.034624
0.03376
0.033888
0.034592
0.033632
0.04
0.03392
0.03456
0.033952
0.034208
0.034464
0.034528
0.034144
0.034336
0.034528
0.034112
0.033952
0.034144
0.033664
0.03456
0.03408
0.034112
0.034144
0.034944
0.034048
0.034176
0.033952
0.0344
0.034304
0.033824
0.03392
0.034656
0.033664
0.03408
0.034208
0.03424
0.034848
0.03408
0.034368
0.034304
0.033952
0.032928
0.03408
0.034848
0.033952
0.03408
0.041312
0.034784
0.034144
0.033824
0.034112
0.04448
0.034464
0.033728
0.03456
0.03408
0.03408
0.03504
0.034144
0.034176
0.033888
0.033856
0.034208
0.034656
0.034048
0.033664
0.033824
0.033856
0.033984
0.033824
0.03456
0.044352
0.034336
0.033856
0.034208
0.033984
0.033952
0.035136
0.033984
0.034048
0.033472
0.034112
0.034144
0.034048
0.034048
0.034496
0.03392
0.034432
0.034016
0.033696
0.03392
0.03408
0.033504
0.033568
0.033248
0.034144
0.033664
0.034752
0.034144
0.034688
0.03392
0.03424
0.034432
0.034176
0.042688
0.033952
0.033952
0.0344
0.033952
0.03392
0.033536
0.033728
0.033504
0.034048
0.03696
0.034336
0.035616
0.034112
0.033792
0.034016
0.033856
0.033792
0.034688
0.03408
0.034208
0.03472
0.033856
0.0344
0.03504
0.033696
0.0344
0.034624
0.034464
0.03328
0.0352
0.03392
0.033376
0.033792
0.034048
0.033952
0.033952
0.035136
0.035136
0.034656
0.04096
0.033888
0.033824
0.034848
0.034688
0.034272
0.033792
0.035296
0.034816
0.033728
0.034592
0.033984
0.034752
0.034272
0.033856
0.035264
0.03392
0.034208
0.034304
0.034336
0.034144
0.034144
0.035232
0.033696
0.034656
0.034176
0.034496
0.034592
0.03376
0.03424
0.03296
0.03392
0.034304
0.034304
0.034048
0.034784
0.034016
0.03376
0.03392
0.034464
0.034368
0.033888
0.034912
0.034048
0.033664
0.033568
0.033632
0.034304
0.034208
0.034624
0.03424
0.034016
0.03472
0.034976
0.03456
0.0344
0.03376
0.0344
0.03472
0.034496
0.03424
0.034144
0.0344
0.03408
0.033728
0.034048
0.034432
0.035072
0.033664
0.033792
0.03408
0.034048
0.03376
0.033472
0.034784
0.0336
0.033696
0.034272
0.034304
0.033952
0.033952
0.034368
0.034656
0.034528
0.033696
0.034336
0.035136
0.033408
0.03392
0.035072
0.044736
0.033792
0.033664
0.034912
0.035616
0.035008
0.034304
0.033888
0.035232
0.034144
0.033664
0.034048
0.034272
0.0336
0.033632
0.033824
0.033856
0.033792
0.033632
0.034176
0.033792
0.033888
0.033536
0.033632
0.034176
0.033728
0.03376
0.03408
0.033504
0.034784
0.033888
0.033824
0.035296
0.03408
