0.67616
0.769632
0.754848
0.761184
0.769184
0.755904
0.763936
0.75824
0.7616
0.766848
0.761248
0.7552
0.76
0.758656
0.762432
0.76128
0.753792
0.759584
0.791008
0.752576
0.761696
0.757888
0.74752
0.767168
0.76336
0.743424
0.757888
0.757984
0.764
0.754688
0.76112
0.751648
0.752576
0.803968
0.7648
0.76608
0.751136
0.758784
0.76096
0.763392
0.76288
0.749856
0.759168
0.79664
0.778784
0.804704
0.802496
0.7776
0.778336
0.802304
0.786688
0.79872
0.789088
0.78832
0.7696
0.796608
0.8168
0.822016
0.799328
0.841472
0.811744
0.79136
0.803264
0.81216
0.815264
0.778848
0.826464
0.211328
0.225248
0.220096
0.215648
0.237696
0.216544
0.23808
0.210304
0.215584
0.215008
0.221248
0.238944
0.216032
0.208608
0.216544
0.233056
0.20944
0.207168
0.214976
0.21024
0.219104
0.228672
0.205696
0.228544
0.211168
0.203168
0.209888
0.207232
0.211584
0.21088
0.209696
0.23328
0.224832
0.21184
0.2208
0.245664
0.210016
0.219584
0.245024
0.227296
0.210688
0.210848
0.2296
0.213824
0.209536
0.208896
0.233344
0.209024
0.211648
0.203424
0.21056
0.215552
0.210816
0.226176
0.208896
0.211264
0.232768
0.2104
0.210112
0.207488
0.23408
0.20928
0.207488
0.206368
0.211264
0.210944
0.20944
0.207584
0.211232
0.23184
0.213632
0.2048
0.209952
0.217792
0.228864
0.206272
0.212256
0.210784
0.22384
0.207008
0.230784
0.209216
0.209632
0.217472
0.212384
0.209408
0.217536
0.229344
0.217216
0.21584
0.256096
0.229472
0.209664
0.207648
0.208032
0.23264
0.211136
0.229248
0.210016
0.229984
0.210752
0.208832
0.207776
0.207904
0.210816
0.209792
0.228128
0.230528
0.20896
0.232032
0.204
0.2128
0.212928
0.221632
0.207968
0.2072
0.208448
0.212704
0.208704
0.20704
0.209344
0.212032
0.218112
0.214528
0.210912
0.207328
0.210304
0.235296
0.209024
0.209792
0.2192
0.210944
0.210816
0.215456
0.211968
0.216608
0.2088
0.208992
0.212768
0.208672
0.2104
0.209088
0.208352
0.208928
0.209536
0.211392
0.220768
0.209696
0.210784
0.209856
0.210144
0.20896
0.210144
0.21008
0.218752
0.218464
0.209984
0.219424
0.21056
0.209696
0.21104
0.205152
0.21104
0.21104
0.208352
0.2096
0.207872
0.20752
0.209088
0.220448
0.20896
0.205984
0.210464
0.232416
0.209088
0.209344
0.223392
0.210176
0.211392
0.219744
0.207936
0.208736
0.211392
0.207584
0.206528
0.210336
0.211424
0.209888
0.208736
0.209792
0.207872
0.209632
0.07904
0.07472
0.074784
0.071136
0.082656
0.075104
0.074944
0.074848
0.074528
0.072544
0.075328
0.07424
0.074624
0.076128
0.076192
0.074624
0.074464
0.07184
0.068032
0.07264
0.075776
0.08336
0.0744
0.076928
0.073632
0.073696
0.073472
0.075616
0.074432
0.073408
0.07536
0.07136
0.076448
0.075104
0.07376
0.073792
0.07184
0.07568
0.073856
0.073632
0.075424
0.07456
0.077248
0.072864
0.073696
0.072512
0.075072
0.075776
0.075936
0.073568
0.073568
0.073664
0.072128
0.077888
0.074144
0.07424
0.076672
0.073568
0.077152
0.074528
0.078496
0.077888
0.072768
0.077216
0.072224
0.074848
0.083168
0.07648
0.07536
0.073696
0.0744
0.073024
0.07248
0.076864
0.074304
0.081952
0.07376
0.077152
0.072704
0.081408
0.0744
0.075232
0.072928
0.072864
0.07712
0.073024
0.074912
0.07472
0.074848
0.073472
0.0728
0.075104
0.073408
0.076032
0.073952
0.074304
0.074528
0.072992
0.071904
0.07408
0.074816
0.07552
0.073216
0.076512
0.07136
0.074656
0.07344
0.074112
0.074176
0.073568
0.083456
0.073568
0.074656
0.07488
0.07488
0.075264
0.073088
0.094208
0.071904
0.074816
0.075616
0.074656
0.075904
0.07696
0.076064
0.077376
0.076768
0.075392
0.075584
0.076192
0.072672
0.083392
0.074048
0.076384
0.074272
0.074048
0.075264
0.073984
0.07584
0.075616
0.073984
0.07392
0.07568
0.07232
0.074368
0.074656
0.07488
0.074304
0.073888
0.07456
0.075488
0.076352
0.072
0.074368
0.074592
0.076192
0.074016
0.07472
0.075392
0.074272
0.082624
0.076384
0.07424
0.073312
0.07504
0.074688
0.075296
0.076224
0.073632
0.074368
0.076608
0.074368
0.073536
0.07504
0.074208
0.073568
0.073504
0.076096
0.073632
0.07424
0.075456
0.074336
0.073824
0.0752
0.073216
0.075936
0.07936
0.074048
0.077824
0.076896
0.073536
0.075872
0.076864
0.075136
0.074816
0.087712
0.073696
0.075008
0.071904
0.07632
0.073984
0.074432
0.076704
0.074592
0.076
0.075744
0.073728
0.074688
0.076352
0.073632
0.073184
0.07536
0.073728
0.074784
0.076
0.082976
0.075584
0.074432
0.07312
0.074688
0.07328
0.076896
0.072544
0.074944
0.07824
0.073888
0.07392
0.084064
0.081504
0.076928
0.075648
0.073312
0.073888
0.0736
0.07616
0.073952
0.074176
0.076608
0.074336
0.074784
0.073536
0.07536
0.071776
0.07552
0.07392
0.075392
0.073696
0.075072
0.073888
0.074976
0.07616
0.076832
0.077376
0.076416
0.075392
0.075168
0.075552
0.073664
0.073824
0.08272
0.073696
0.074304
0.075904
0.073952
0.071488
0.074848
0.071264
0.074656
0.07584
0.074944
0.073696
0.076992
0.075712
0.074528
0.077888
0.074592
0.073376
0.072704
0.07536
0.073216
0.073408
0.07536
0.073504
0.073984
0.073856
0.093632
0.072928
0.0752
0.073632
0.0744
0.072864
0.073408
0.074016
0.075584
0.074112
0.073952
0.075872
0.081792
0.073376
0.07424
0.075232
0.072768
0.073472
0.075456
0.073536
0.07424
0.076096
0.074976
0.072384
0.077504
0.07248
0.07472
0.074496
0.075136
0.075264
0.078496
0.078528
0.078272
0.073952
0.074496
0.074208
0.076544
0.076032
0.072064
0.073856
0.075296
0.074944
0.074144
0.074816
0.073728
0.073504
0.075232
0.073184
0.076256
0.074368
0.073856
0.073696
0.0832
0.075296
0.074912
0.074784
0.074368
0.075296
0.072576
0.075424
0.073664
0.077504
0.075136
0.07376
0.074144
0.076416
0.075136
0.075136
0.076992
0.08016
0.073568
0.081792
0.074432
0.073856
0.075392
0.07488
0.0744
0.075424
0.075776
0.075104
0.074592
0.076096
0.072608
0.07376
0.076416
0.076832
0.076064
0.075168
0.073696
0.07488
0.074784
0.07296
0.074144
0.07696
0.07824
0.07552
0.076864
0.075392
0.075936
0.074976
0.074976
0.07248
0.073952
0.072832
0.074112
0.072928
0.072864
0.071584
0.074464
0.071712
0.07312
0.074368
0.075456
0.072896
0.074912
0.072896
0.07264
0.075104
0.071808
0.073344
0.07152
0.070752
0.073216
0.07216
0.073248
0.073984
0.0728
0.072352
0.0808
0.07456
0.071456
0.07504
0.073376
0.074368
0.072864
0.069664
0.07808
0.071456
0.073184
0.073568
0.074912
0.072704
0.081376
0.072832
0.073792
0.07376
0.072672
0.072928
0.072512
0.073856
0.072896
0.072288
0.07216
0.073248
0.072512
0.0736
0.080448
0.074912
0.075968
0.076928
0.074944
0.07296
0.075936
0.077536
0.073248
0.069408
0.071584
0.0712
0.072608
0.070624
0.072
0.069984
0.072448
0.073568
0.071232
0.072096
0.073696
0.07184
0.079744
0.073376
0.070016
0.072448
0.07152
0.071424
0.071104
0.071616
0.070688
0.074784
0.07184
0.071712
0.072896
0.072
0.07776
0.07136
0.072192
0.070176
0.071776
0.071232
0.072704
0.070208
0.071424
0.072672
0.070496
0.07136
0.072736
0.071616
0.071776
0.072768
0.070048
0.072352
0.073664
0.071712
0.07136
0.072192
0.071136
0.072864
0.071872
0.07184
0.0736
0.071968
0.071424
0.075744
0.07376
0.076832
0.0776
0.073152
0.075264
0.072608
0.072672
0.073376
0.075744
0.071808
0.075008
0.073504
0.073792
0.071872
0.073088
0.08176
0.075392
0.073664
0.071904
0.074496
0.072128
0.075744
0.07232
0.074848
0.071072
0.073568
0.074592
0.075712
0.073248
0.072864
0.074912
0.073536
0.074144
0.072576
0.073856
0.072256
0.073952
0.07184
0.074464
0.07248
0.073472
0.076256
0.07344
0.07264
0.074528
0.0736
0.073728
0.075072
0.07392
0.073632
0.072992
0.073184
0.07312
0.073312
0.071392
0.074144
0.074816
0.073536
0.073952
0.073728
0.071904
0.074528
0.0736
0.07408
0.07856
0.072544
0.074976
0.072448
0.07248
0.070112
0.07168
0.07072
0.070624
0.07248
0.069984
0.07344
0.071168
0.071456
0.073088
0.072032
0.070016
0.074432
0.071072
0.0712
0.070144
0.071552
0.070592
0.071872
0.071712
0.072768
0.079008
0.071424
0.073024
0.072096
0.077856
0.072
0.075776
0.07024
0.084128
0.070048
0.0736
0.070656
0.071776
0.0808
0.072096
0.071648
0.073504
0.071616
0.070624
0.07248
0.069952
0.070944
0.071328
0.071872
0.070496
0.072544
0.070304
0.085024
0.072512
0.07776
0.073664
0.07104
0.072256
0.071456
0.071584
0.07024
0.079808
0.071552
0.07344
0.07424
0.073376
0.071936
0.071072
0.0696
0.077728
0.071488
0.0696
0.072832
0.070784
0.068928
0.0696
0.071392
0.072672
0.072064
0.069344
0.071584
0.069824
0.070944
0.07168
0.071936
0.073248
0.079904
0.07264
0.06928
0.074688
0.072832
0.071904
0.071456
0.072896
0.070752
0.06992
0.069376
0.0696
0.071776
0.068928
0.07248
0.071456
0.070432
0.06976
0.069376
0.072288
0.081184
0.070336
0.072512
0.069984
0.071136
0.068544
0.072352
0.071328
0.071136
0.072128
0.073088
0.069152
0.071328
0.069248
0.071552
0.070656
0.07168
0.072512
0.071872
0.06848
0.07184
0.071136
0.074752
0.072544
0.07056
0.071552
0.071648
0.073216
0.071328
0.068064
0.070016
0.077696
0.072416
0.079744
0.071328
0.073632
0.070336
0.068896
0.070432
0.07056
0.07328
0.070752
0.072416
0.072448
0.07776
0.069184
0.072736
0.062688
0.072192
0.06912
0.07296
0.06992
0.069088
0.071616
0.071936
0.07248
0.07232
0.068928
0.07264
0.0712
0.06864
0.080192
0.070304
0.072
0.072288
0.07072
0.070496
0.06848
0.072576
0.07184
0.070304
0.072032
0.071616
0.070464
0.069024
0.069248
0.070976
0.071168
0.07216
0.072288
0.070112
0.071136
0.07024
0.072064
0.072544
0.072096
0.075776
0.074496
0.071296
0.071008
0.06816
0.071392
0.070432
0.068928
0.071008
0.069952
0.07296
0.0712
0.069056
0.076832
0.071872
0.072224
0.071968
0.070208
0.073568
0.06896
0.070176
0.071648
0.07088
0.071584
0.071104
0.070336
0.07008
0.066848
0.071104
0.070944
0.069664
0.070688
0.069792
0.072992
0.077888
0.069056
0.070432
0.0712
0.071968
0.070432
0.070624
0.072064
0.070176
0.07056
0.072
0.07104
0.07328
0.070304
0.069952
0.06976
0.069472
0.071392
0.071584
0.069952
0.070784
0.070112
0.071296
0.070336
0.079488
0.071936
0.07216
0.072928
0.072736
0.07008
0.075744
0.081184
0.072416
0.069216
0.068608
0.075136
0.079168
0.070272
0.070112
0.070368
0.070944
0.068608
0.068576
0.069792
0.071296
0.0704
0.071392
0.070816
0.067616
0.075264
0.072992
0.070496
0.0712
0.071712
0.070464
0.068768
0.069472
0.070112
0.072832
0.078976
0.072288
0.070304
0.067744
0.069248
0.068672
0.070272
0.06944
0.072224
0.07216
0.070624
0.06896
0.069216
0.070944
0.071808
0.07088
0.069568
0.070816
0.068256
0.069088
0.070592
0.071168
0.070016
0.07056
0.071648
0.068352
0.067648
0.070848
0.070432
0.07088
0.070784
0.069856
0.07184
0.070528
0.070848
0.074976
0.072576
0.071392
0.070848
0.03968
0.038304
0.037568
0.037696
0.041248
0.037632
0.038528
0.037728
0.037344
0.03712
0.036768
0.037856
0.04144
0.03744
0.038304
0.037696
0.038016
0.038272
0.038496
0.038816
0.04144
0.037376
0.037664
0.036928
0.038336
0.03808
0.038336
0.037248
0.04208
0.038592
0.038368
0.038624
0.038016
0.037216
0.038144
0.03712
0.040448
0.037408
0.036928
0.037696
0.037184
0.03712
0.037888
0.038048
0.041312
0.037888
0.037664
0.037824
0.036896
0.037824
0.038112
0.037408
0.041152
0.036864
0.03856
0.037312
0.03728
0.0376
0.037472
0.038016
0.041472
0.038432
0.038272
0.038112
0.042368
0.03728
0.038496
0.04144
0.037408
0.037568
0.044512
0.037696
0.040928
0.037792
0.037728
0.042624
0.038016
0.037984
0.038912
0.038432
0.041472
0.03792
0.037696
0.042816
0.038304
0.037344
0.04512
0.03936
0.041728
0.03824
0.03888
0.042304
0.03776
0.038464
0.038048
0.037248
0.041248
0.037504
0.038624
0.041248
0.037472
0.038208
0.03808
0.038816
0.040896
0.037824
0.03728
0.041696
0.037728
0.03696
0.038592
0.038496
0.040736
0.038016
0.038048
0.041248
0.037024
0.038368
0.037184
0.037344
0.041216
0.03728
0.038528
0.042016
0.03728
0.036864
0.038272
0.041472
0.038464
0.037152
0.037312
0.037248
0.03808
0.038176
0.038144
0.041408
0.037536
0.037024
0.037888
0.03792
0.038816
0.037216
0.037376
0.041088
0.044224
0.038016
0.038624
0.03712
0.036864
0.03824
0.043104
0.040896
0.037536
0.03856
0.037408
0.043776
0.037472
0.038464
0.038816
0.041504
0.037888
0.038752
0.038112
0.038624
0.03792
0.038496
0.038688
0.041216
0.03728
0.038304
0.037536
0.042944
0.037376
0.037984
0.038144
0.041216
0.03792
0.036928
0.04432
0.043488
0.037408
0.038592
0.038912
0.041024
0.04688
0.037728
0.03776
0.037696
0.037408
0.03936
0.042752
0.038688
0.038816
0.03856
0.038304
0.040416
0.037376
0.037792
0.043392
0.03808
0.038912
0.038528
0.038784
0.041184
0.037472
0.038304
0.046016
0.037216
0.038272
0.037728
0.0376
0.037824
0.037376
0.038496
0.038144
0.037344
0.036672
0.038208
0.041568
0.038944
0.0376
0.04416
0.037248
0.038528
0.037408
0.03776
0.041408
0.037856
0.03872
0.038272
0.038336
0.042208
0.038464
0.036992
0.041184
0.038624
0.038112
0.03824
0.0376
0.041664
0.037248
0.036736
0.037152
0.03728
0.037728
0.037312
0.038336
0.041824
0.03792
0.037888
0.037664
0.037952
0.038368
0.038464
0.041088
0.037952
0.038144
0.038176
0.037984
0.036544
0.037664
0.037664
0.037632
0.03808
0.038176
0.03744
0.038208
0.037728
0.043136
0.037408
0.037504
0.037504
0.03792
0.037792
0.036832
0.037728
0.038112
0.037024
0.037184
0.03632
0.037952
0.0368
0.037248
0.036864
0.03824
0.037216
0.037152
0.03808
0.037184
0.0376
0.038016
0.0384
0.0376
0.037504
0.036736
0.037408
0.037696
0.036768
0.037088
0.0376
0.03776
0.038752
0.03728
0.036448
0.037728
0.036608
0.0368
0.037152
0.037184
0.037664
0.037696
0.037536
0.037696
0.03744
0.037568
0.036544
0.03712
0.037312
0.036768
0.037856
0.037184
0.03696
0.037184
0.037408
0.037696
0.037312
0.037696
0.03824
0.037536
0.03776
0.037952
0.03824
0.037888
0.037696
0.037888
0.037344
0.036672
0.038016
0.038336
0.037568
0.042848
0.0376
0.038592
0.037728
0.037952
0.037888
0.038304
0.037824
0.037472
0.037728
0.037472
0.037856
0.037888
0.0376
0.037088
0.037472
0.037312
0.038464
0.048832
0.037568
0.037568
0.037664
0.046752
0.036736
0.03776
0.037632
0.037824
0.036288
0.043744
0.037632
0.03776
0.0376
0.03776
0.037856
0.036608
0.0376
0.038016
0.036992
0.037888
0.036608
0.037376
0.037824
0.037888
0.038112
0.03664
0.037984
0.0416
0.037728
0.037664
0.03776
0.036928
0.037472
0.038752
0.038208
0.037312
0.037792
0.037536
0.038112
0.037536
0.037056
0.036544
0.03744
0.03792
0.037792
0.037312
0.037856
0.037408
0.037344
0.043488
0.037216
0.036448
0.037824
0.037792
0.0368
0.038112
0.037888
0.037696
0.03808
0.037856
0.037344
0.036672
0.037312
0.03728
0.037216
0.038368
0.04288
0.037504
0.037856
0.037536
0.03808
0.037536
0.037856
0.037376
0.038016
0.038048
0.03744
0.037312
0.037408
0.037728
0.03904
0.037536
0.037632
0.043104
0.037024
0.037856
0.037856
0.046432
0.037088
0.037888
0.037728
0.044288
0.0376
0.03744
0.037568
0.038336
0.038144
0.037952
0.043872
0.037184
0.037856
0.037152
0.038208
0.036928
0.037696
0.03728
0.038048
0.037248
0.037056
0.03792
0.043168
0.037984
0.037952
0.045248
0.038176
0.036448
0.03712
0.037664
0.038336
0.037568
0.038016
0.03728
0.038208
0.038208
0.038208
0.037504
0.037344
0.03808
0.037952
0.038272
0.037184
0.037856
0.036608
0.038016
0.037056
0.0384
0.038176
0.03664
0.037024
0.036992
0.037312
0.036864
0.03712
0.038176
0.036736
0.0368
0.038272
0.037312
0.037344
0.03792
0.037504
0.037248
0.037472
0.038144
0.036736
0.037472
0.037312
0.038592
0.037568
0.037504
0.038304
0.044608
0.038112
0.03824
0.038208
0.038464
0.036736
0.037952
0.038048
0.03856
0.037504
0.038016
0.046016
0.037952
0.037344
0.038976
0.037984
0.038656
0.037664
0.0376
0.038016
0.037824
0.037984
0.03808
0.037344
0.037664
0.038112
0.04208
0.038144
0.03872
0.0376
0.03792
0.038432
0.038048
0.040256
0.038464
0.046752
0.037024
0.037984
0.037568
0.037376
0.038496
0.037184
0.03792
0.038304
0.037408
0.037792
0.037408
0.037088
0.037088
0.037344
0.037728
0.037824
0.044224
0.03808
0.037792
0.047072
0.037856
0.036608
0.036832
0.036672
0.037696
0.043968
0.03728
0.036096
0.036544
0.038016
0.03808
0.036928
0.037056
0.037632
0.038432
0.037888
0.037376
0.037152
0.037216
0.03792
0.037248
0.037984
0.037632
0.037984
0.03792
0.037728
0.03696
0.036768
0.037888
0.0376
0.037888
0.037728
0.037824
0.038144
0.036384
0.038368
0.038144
0.037184
0.037856
0.036928
0.037568
0.038016
0.037344
0.038016
0.03744
0.038528
0.039136
0.036832
0.038016
0.038048
0.037888
0.03744
0.03712
0.03744
0.038272
0.037472
0.03712
0.038432
0.037472
0.036896
0.037376
0.038336
0.038144
0.03808
0.037824
0.037312
0.03808
0.036928
0.0376
0.037504
0.037696
0.037312
0.037536
0.037728
0.037408
0.037664
0.036608
0.037792
0.037664
0.037664
0.036896
0.038016
0.037632
0.038592
0.036288
0.0376
0.037952
0.037952
0.037216
0.038112
0.03712
0.04848
0.037888
0.038272
0.03712
0.038304
0.038528
0.038144
0.037024
0.043936
0.037216
0.037984
0.038368
0.038912
0.038464
0.037312
0.037472
0.037984
0.037472
0.036896
0.037824
0.03792
0.036448
0.03648
0.03696
0.036992
0.038176
0.037184
0.038112
0.037824
0.03728
0.037216
0.037632
0.037728
0.037792
0.038208
0.038016
0.03792
0.038112
0.03648
0.037824
0.037312
0.037952
0.048544
0.036992
0.03696
0.036992
0.036928
0.038112
0.038144
0.036896
0.037664
0.0408
0.037216
0.037024
0.037376
0.037568
0.037824
0.037632
0.037376
0.038112
0.037024
0.036864
0.037056
0.043808
0.04144
0.03712
0.03808
0.038464
0.037152
0.037024
0.038112
0.037472
0.038048
0.036992
0.037472
0.037184
0.03728
0.03792
0.038016
0.037696
0.037568
0.036544
0.036768
0.037696
0.037536
0.037216
0.037888
0.037376
0.037664
0.038016
0.03824
0.037952
0.037312
0.0384
0.037536
0.037856
0.036864
0.036768
0.0376
0.03856
0.036864
0.049376
0.037152
0.037088
0.036544
0.037728
0.03664
0.03744
0.037312
0.03744
0.03744
0.037248
0.0376
0.038144
0.038112
0.037216
0.037152
0.037024
0.036736
0.037056
0.037952
0.037792
0.037408
0.036896
0.037664
0.038112
0.036768
0.038144
0.037568
0.036704
0.038048
0.03728
0.037312
0.037184
0.037632
0.036832
0.037408
0.037024
0.037312
0.04336
0.03744
0.036832
0.037344
0.037152
0.037536
0.036832
0.03744
0.03744
0.043584
0.038752
0.037024
0.03776
0.0376
0.037312
0.036992
0.037472
0.036928
0.037504
0.037472
0.036992
0.036992
0.03696
0.038624
0.037824
0.037856
0.038816
0.038848
0.03856
0.042432
0.039296
0.038336
0.03856
0.038176
0.038784
0.03856
0.038816
0.038624
0.03904
0.038176
0.038432
0.037984
0.038496
0.038432
0.038112
0.03808
0.0384
0.038176
0.049376
0.039232
0.039264
0.038336
0.038912
0.03792
0.03808
0.03776
0.038592
0.038368
0.037952
0.037888
0.03792
0.037376
0.03904
0.03808
0.038272
0.038112
0.038848
0.03824
0.038624
0.038496
0.038208
0.038496
0.037568
0.037984
0.039936
0.038784
0.038176
0.038688
0.038272
0.044512
0.0392
0.038112
0.037184
0.038496
0.039136
0.039008
0.037184
0.037312
0.038592
0.038784
0.037504
0.038784
0.038272
0.038688
0.038976
0.039168
0.037984
0.038272
0.037824
0.038496
0.038592
0.0384
0.039872
0.037568
0.038176
0.037984
0.038688
0.038336
0.038656
0.0376
0.037824
0.038368
0.039328
0.038304
0.037824
0.037056
0.038496
0.038016
0.038688
0.0376
0.0384
0.041856
0.038016
0.038688
0.038432
0.038688
0.037632
0.038336
0.038432
0.038816
0.038272
0.038496
0.038272
0.03808
0.038496
0.038016
0.039424
0.037664
0.037952
0.03872
0.038816
0.038144
0.038912
0.03776
0.037952
0.03824
0.03744
0.038912
0.037696
0.0376
0.039424
0.038208
0.038112
0.037152
0.036896
0.036992
0.037984
0.036992
0.037728
0.036576
0.036896
0.0376
0.036992
0.04368
0.036832
0.036288
0.037504
0.036768
0.037824
0.037408
0.037952
0.036992
0.0368
0.037312
0.03744
0.03792
0.037952
0.036928
0.037856
0.037376
0.037504
0.036896
0.037984
0.03776
0.037568
0.037536
0.038176
0.03792
0.036992
0.037024
0.037824
0.036704
0.043712
0.036832
0.036832
0.038464
0.037152
0.037792
0.037088
0.038208
0.037536
0.037824
0.038304
0.037664
0.03792
0.037248
0.037312
0.038048
0.03792
0.036768
0.037952
0.043328
0.037792
0.037792
0.03696
0.037856
0.0376
0.037088
0.037984
0.037344
0.038112
0.037152
0.036928
0.038848
0.038048
0.03728
0.037408
0.037728
0.037056
0.0368
0.038272
0.037152
0.037376
0.037408
0.037952
0.03664
0.037504
0.036512
0.037248
0.037632
0.037376
0.03632
0.042752
0.037056
0.037856
0.038048
0.0432
0.038272
0.038464
0.03776
0.037632
0.03632
0.0376
0.037728
0.036192
0.037184
0.03648
0.037952
0.0376
0.037024
0.037568
0.037536
0.037472
0.036896
0.03744
0.03712
0.037376
0.036448
0.037184
0.043648
0.036256
0.03632
0.037088
0.037376
0.037728
0.0368
0.037216
0.037792
0.037504
0.037472
0.037728
0.036736
0.038432
0.036864
0.037504
0.037248
0.036608
0.036352
0.03728
0.0376
0.036768
0.037312
0.043136
0.037472
0.037568
0.036512
0.037024
0.036416
0.037696
0.037984
0.037184
0.037568
0.03776
0.037344
0.037312
0.037376
0.038016
0.037984
0.036256
0.037728
0.038304
0.037184
0.03728
0.036896
0.039136
0.03824
0.03792
0.037696
0.0384
0.036864
0.03744
0.037024
0.047392
0.037664
0.043936
0.037344
0.03792
0.037344
0.037056
0.036992
0.037056
0.037024
0.038592
0.038176
0.037568
0.037984
0.037088
0.0376
0.0368
0.038368
0.037632
0.037408
0.037248
0.043904
0.036864
0.036736
0.037344
0.037408
0.037152
0.037152
0.037472
0.047872
0.037376
0.036608
0.03664
0.037024
0.03792
0.037504
0.037056
0.037888
0.037792
0.037952
0.036384
0.037408
0.037088
0.036288
0.03792
0.037216
0.03712
0.037888
0.037024
0.038176
0.03808
0.037472
0.036832
0.037824
0.038368
0.037632
0.037824
0.03616
0.037824
0.037184
0.037472
0.03728
0.0376
0.037024
0.037088
0.037536
0.03728
0.037184
0.037856
0.036928
0.037312
0.03728
0.0368
0.03792
0.03696
0.04336
0.03792
0.036992
0.036896
0.037344
0.041568
0.038048
0.037312
0.038112
0.037056
0.037728
0.037696
0.037248
0.0368
0.037696
0.036768
0.04288
0.037152
0.037536
0.03648
0.037312
0.037216
0.037504
0.0368
0.041952
0.037056
0.036608
0.038144
0.03696
0.037792
0.037728
0.039328
0.036864
0.0376
0.036832
0.03744
0.037856
0.036832
0.037504
0.036672
0.038272
0.03792
0.043904
0.038208
0.036928
0.037632
0.037632
0.037504
0.03744
0.03744
0.0376
0.037088
0.037408
0.038592
0.037856
0.03664
0.03696
0.03712
0.03696
0.037856
0.037312
0.037376
0.037824
0.037568
0.037632
0.03776
0.037248
0.036992
0.037216
0.037856
0.036448
0.037696
0.037728
0.03776
0.03776
0.038368
0.037664
0.037248
0.0376
0.037152
0.038016
0.037888
0.036768
0.036928
0.036672
0.0368
0.03744
0.037312
0.037792
0.03792
0.037024
0.03792
0.036288
0.037056
0.037536
0.038592
0.036864
0.03808
0.03712
0.03808
0.036864
0.036992
0.0368
0.037888
0.036832
0.037248
0.037696
0.037376
0.037952
0.037312
0.038112
0.037792
0.037664
0.036736
0.037056
0.03824
0.037184
0.037472
0.036768
0.037824
0.038336
0.037696
0.03856
0.037184
0.03712
0.036992
0.037696
0.03808
0.036672
0.037888
0.037632
0.037952
0.03792
0.037248
0.037696
0.037984
0.037952
0.037856
0.037952
0.037024
0.03824
0.037504
0.03696
0.037344
0.038048
0.03664
0.037408
0.038208
0.037504
0.037696
0.037376
0.036576
0.03792
0.037504
0.038336
0.038144
0.037248
0.037888
0.038144
0.038304
0.037792
0.037408
0.037504
0.037568
0.038048
0.037312
0.036544
0.037984
0.037536
0.037088
0.036992
0.03744
0.036864
0.036928
0.036768
0.03808
0.037696
0.03792
0.036864
0.036896
0.037888
0.037184
0.036672
0.038144
0.037824
0.038048
0.03728
0.038432
0.036448
0.037536
0.042976
0.037472
0.03712
0.037504
0.037568
0.037728
0.037792
0.038464
0.03808
0.0376
0.036864
0.046464
0.038464
0.037856
0.03728
0.037152
0.03712
0.038016
0.037184
0.03744
0.036832
0.03776
0.037216
0.03824
0.037856
0.037696
0.037312
0.038144
0.036256
0.037664
0.03776
0.038208
0.03712
0.03776
0.037984
0.037728
0.03776
0.037696
0.036576
0.037152
0.037376
0.037152
0.03664
0.037728
0.037536
0.037792
0.036736
0.036864
0.0376
0.037856
0.037216
0.03744
0.037056
0.038112
0.037728
0.037824
0.037024
0.037664
0.037312
0.037792
0.037792
0.037312
0.038112
0.036992
0.03776
0.037536
0.03728
0.03744
0.038272
0.037728
0.03712
0.038208
0.036704
0.047264
0.037088
0.038016
0.03792
0.037024
0.037344
0.036448
0.036608
0.037792
0.037824
0.037216
0.037312
0.044672
0.037792
0.037728
0.037696
0.036896
0.037216
0.037632
0.03776
0.03872
0.037216
0.037152
0.03728
0.037056
0.037664
0.036928
0.037984
0.03808
0.037312
0.037344
0.03728
0.037536
0.036768
0.037408
0.037216
0.036448
0.037696
0.037376
0.037824
0.04432
0.038048
0.037824
0.03712
0.037664
0.037504
0.036864
0.036608
0.042464
0.038208
0.037952
0.037632
0.037728
0.037248
0.037408
0.037632
0.03728
0.038336
0.037248
0.038272
0.0368
0.036768
0.046048
0.037568
0.038112
0.044224
0.03744
0.038208
0.038016
0.038752
0.037312
0.03712
0.03728
0.037376
0.037472
0.036608
0.037696
0.037536
0.037504
0.038144
0.038432
0.037312
0.037472
0.037664
0.03824
0.03696
0.037248
0.037984
0.037728
0.03712
0.037728
0.037728
0.037216
0.037888
0.037312
0.037024
0.037728
0.041728
0.036832
0.03776
0.037568
0.042752
0.044608
0.0368
0.038144
0.04416
0.038368
0.037792
0.037984
0.037312
0.037568
0.037696
0.038016
0.037248
0.03664
0.03744
0.03744
0.036928
0.036928
0.037088
0.037184
0.036992
0.036768
0.037856
0.037056
0.037632
0.037888
0.037728
0.036768
0.037856
0.037024
0.037824
0.036576
0.037952
0.037248
0.03808
0.03728
0.037344
0.037216
0.03792
0.036736
0.03776
0.036896
0.037152
0.03744
0.037504
0.037152
0.038688
0.036512
0.037408
0.04272
0.038304
0.037408
0.037152
0.037824
0.03792
0.037312
0.043104
0.03856
0.038016
0.037312
0.03712
0.037024
0.038208
0.038304
0.036928
0.037568
0.036416
0.036992
0.037088
0.037216
0.037824
0.037152
0.03808
0.037792
0.038336
0.036864
0.038304
0.045984
0.03776
0.04288
0.03728
0.037216
0.03712
0.03792
0.038016
0.037248
0.036736
0.037088
0.03776
0.03632
0.036352
0.037536
0.03824
0.037536
0.037696
0.037088
0.03792
0.03728
0.038016
0.037472
0.037984
0.037952
0.038112
0.038304
0.036928
0.037664
0.037088
0.03792
0.03792
0.037984
0.037472
0.03696
0.037344
0.037024
0.038464
0.037024
0.04464
0.037248
0.037728
0.037888
0.037664
0.037536
0.036992
0.03792
0.036992
0.037376
0.036896
0.037632
0.038304
0.036864
0.037856
0.038016
0.037856
0.038176
0.037536
0.03792
0.037088
0.03776
0.037376
0.038208
0.038272
0.037472
0.036896
0.037504
0.037344
0.0368
0.03776
0.03792
0.037664
0.037632
0.036992
0.037408
0.036448
0.037536
0.03792
0.037632
0.037056
0.037056
0.03744
0.038272
0.038176
0.037408
0.037312
0.038752
0.045952
0.037472
0.037824
0.0368
0.03776
0.037824
0.037664
0.03776
0.037216
0.037216
0.037504
0.037632
0.03696
0.037472
0.037696
0.043968
0.036768
0.0376
0.037056
0.036704
0.037472
0.0376
0.037856
0.03792
0.037344
0.046272
0.037152
0.037696
0.037536
0.037376
0.043744
0.037408
0.037824
0.036576
0.03712
0.044608
0.03776
0.038432
0.03744
0.03728
0.0448
0.037184
0.037856
0.03728
0.036928
0.037792
0.037088
0.037024
0.037344
0.03808
0.042176
0.038272
0.038048
0.037728
0.038272
0.037184
0.037248
0.0376
0.038272
0.03856
0.036992
0.036416
0.0416
0.034816
0.045952
0.03488
0.034048
0.03456
0.034368
0.034944
0.033856
0.034912
0.034432
0.034944
0.034816
0.03472
0.03456
0.035072
0.034464
0.035136
0.035648
0.034688
0.034336
0.034464
0.034432
0.034848
0.034944
0.034336
0.034432
0.034208
0.03488
0.03488
0.03424
0.034144
0.034464
0.034528
0.034752
0.034176
0.034784
0.03456
0.03472
0.034688
0.034208
0.03472
0.034624
0.034432
0.034752
0.035328
0.035072
0.034944
0.034016
0.034528
0.034592
0.035168
0.03456
0.034624
0.034464
0.034624
0.03456
0.035104
0.043648
0.034176
0.03312
0.035168
0.03552
0.034528
0.03376
0.03456
0.034016
0.035008
0.034688
0.034496
0.035392
0.035616
0.03424
0.034208
0.034784
0.034624
0.0336
0.035776
0.034592
0.033984
0.034304
0.034592
0.034208
0.034528
0.034496
0.034784
0.034176
0.03456
0.033664
0.03456
0.033824
0.034976
0.034464
0.034656
0.034752
0.034816
0.034528
0.034624
0.034656
0.034624
0.035072
0.034976
0.034592
0.034432
0.034816
0.034752
0.034496
0.034752
0.034592
0.033632
0.035072
0.033984
0.034464
0.034304
0.035008
0.034592
0.034304
0.034816
0.033696
0.034176
0.03456
0.037024
0.034144
0.033056
0.034656
0.043008
0.034624
0.034528
0.034144
0.034336
0.034944
0.03376
0.03392
0.034304
0.034496
0.03504
0.034272
0.034304
0.034528
0.034208
0.033792
0.034624
0.034592
0.045312
0.034272
0.034784
0.034688
0.034496
0.034528
0.03408
0.03536
0.034592
0.034592
0.03424
0.034528
0.033376
0.034528
0.03408
0.035008
0.034112
0.034272
0.0344
0.034816
0.033728
0.034528
0.03456
0.034528
0.034912
0.034784
0.034304
0.033984
0.034272
0.033792
0.03424
0.03408
0.03472
0.034048
0.0336
0.034592
0.033312
0.034112
0.034464
0.034624
0.033728
0.040576
0.034496
0.033984
0.0344
0.03488
0.0352
0.034816
0.042592
0.034176
0.034528
0.034656
0.043104
0.033792
0.034176
0.034144
0.034816
0.03376
0.034528
0.034208
0.034688
0.033408
0.034272
0.03408
0.033888
0.034976
0.034112
0.035168
0.033376
0.033728
0.033664
0.034688
0.033888
0.034688
0.03424
0.0344
0.03552
0.034656
0.034496
0.034528
0.034144
0.034816
0.034208
0.03408
0.033728
0.034624
0.034592
0.03472
0.03472
0.03408
0.034144
0.035104
0.036832
0.034624
0.03488
0.035456
0.035264
0.03376
0.033984
0.035136
0.03488
0.033216
0.03488
0.034816
0.034496
0.034592
0.0344
0.034176
0.034912
0.034432
0.035328
0.035424
0.034112
0.034656
0.035712
0.04112
0.034912
0.034432
0.033952
0.033888
0.041024
0.034304
0.034368
0.034496
0.033888
0.034688
0.035072
0.034528
0.034912
0.034432
0.03456
0.0344
0.03472
0.034304
0.033696
0.0344
0.034144
0.033984
0.033344
0.04432
0.034944
0.03424
0.035584
0.034528
0.034336
0.034528
0.034752
0.034688
0.034464
0.034624
0.03376
0.033056
0.034336
0.03392
0.03376
0.034304
0.034592
0.034688
0.034656
0.034368
0.034592
0.034336
0.0344
0.034944
0.0344
0.034528
0.0344
0.035616
0.03424
0.034272
0.034016
0.034592
0.034368
0.040224
0.035168
0.035264
0.033888
0.034848
0.034272
0.035776
0.034592
0.034336
0.035072
0.03456
0.033856
0.03472
0.034144
0.03504
0.034336
0.034432
0.03456
0.034528
0.035104
0.035456
0.03456
0.034752
0.034432
0.034688
0.033248
0.034848
0.034176
0.034304
0.03472
0.034016
0.033696
0.035424
0.034912
0.0352
0.034016
0.040096
0.03488
0.035072
0.034464
0.034624
0.035136
0.034688
0.034496
0.0336
0.03504
0.034464
0.033984
0.033856
0.034336
0.034944
0.0344
0.034752
0.0344
0.035584
0.03424
0.03552
0.034816
0.035104
0.034688
0.034656
0.034752
0.034176
0.034624
0.045792
0.034432
0.035584
0.033664
0.034752
0.034816
0.034432
0.034496
0.034336
0.045056
0.034432
0.034688
0.0344
0.035104
0.035232
0.034208
0.034688
0.034304
0.034976
0.034976
0.03408
0.034432
0.035008
0.034368
0.033696
0.034144
0.0352
0.035136
0.035104
0.03456
0.034816
0.03472
0.034688
0.034208
0.034624
0.034848
0.034432
0.034528
0.03424
0.034496
0.034592
0.034176
0.034624
0.033728
0.034624
0.035872
0.034656
0.034784
0.034464
0.034464
0.0344
0.034656
0.034784
0.034272
0.034272
0.034784
0.035168
0.034656
0.034624
0.034784
0.033824
0.034496
0.034784
0.034272
0.034592
0.03568
0.034848
0.034208
0.034656
0.034688
0.034464
0.034208
0.034272
0.03488
0.034528
0.038624
0.03472
0.034816
0.034304
0.032896
0.034336
0.034336
0.034304
0.034336
0.03472
0.0344
0.034432
0.03424
0.0352
0.034944
0.034016
0.03472
0.034528
0.034816
0.033824
0.034528
0.034784
0.0344
0.034464
0.034976
0.03488
0.034944
0.034816
0.035296
0.035456
0.034688
0.034944
0.034624
0.034496
0.034464
0.034624
0.033984
0.034048
0.041664
0.034016
0.035296
0.034208
0.034368
0.033152
0.034656
0.034912
0.03472
0.034656
0.034272
0.033824
0.034848
0.034912
0.034048
0.033888
0.035008
0.034624
0.034656
0.034016
0.033664
0.034464
0.034016
0.034176
0.03456
0.034496
0.0344
0.03456
0.033888
0.033504
0.03456
0.034368
0.034912
0.040096
0.034176
0.034592
0.033728
0.034752
0.035296
0.03472
0.034272
0.03408
0.034464
0.034624
0.033888
0.03392
0.033856
0.034496
0.034304
0.033856
0.034176
0.03472
0.03456
0.034496
0.034496
0.034784
0.034624
0.03392
0.03472
0.03408
0.034528
0.034272
0.034176
0.03584
0.034592
0.034432
0.034656
0.034784
0.04032
0.034912
0.033952
0.035872
0.034304
0.033728
0.03472
0.034144
0.03488
0.033824
0.045856
0.034016
0.034624
0.034848
0.034432
0.03424
0.034208
0.03456
0.033312
0.034272
0.034656
0.035008
0.033184
0.034176
0.033952
0.034592
0.03424
0.034528
0.034272
0.034848
0.034816
0.035488
0.034752
0.034688
0.034496
0.034464
0.035072
0.034752
0.034912
0.03472
0.034592
0.03376
0.040224
0.034176
0.034816
0.035296
0.034304
0.035456
0.03424
0.034112
0.03408
0.03488
0.0344
0.033952
0.034016
0.033024
0.034976
0.034304
0.03504
0.03424
0.034304
0.034336
0.03424
0.034976
0.034464
0.035136
0.034592
0.03536
0.034528
0.034656
0.03472
0.034208
0.034336
0.034336
0.034496
0.03456
0.035648
0.035168
0.034592
0.033824
0.033312
0.034592
0.034432
0.033984
0.034592
0.03392
0.03488
0.034624
0.033568
0.034048
0.034176
0.034208
0.035264
0.034336
0.0344
0.034688
0.033408
0.03408
0.033344
0.03456
0.034944
0.034304
0.034464
0.03456
0.034496
0.03504
0.034624
0.03472
0.033536
0.03584
0.03472
0.034272
0.034048
0.034624
0.034816
0.034592
0.034304
0.034784
0.034368
0.034656
0.034144
0.034144
0.03328
0.03344
0.03424
0.033728
0.035232
0.034624
0.034368
0.034624
0.03424
0.034528
0.034176
0.033952
0.034816
0.034784
0.035008
0.034592
0.035712
0.03488
0.03536
0.034688
0.034624
0.03504
0.035616
0.03536
0.034208
0.041792
0.035296
0.034464
0.034688
0.034112
0.034272
0.034144
0.034368
0.034624
0.035264
0.034496
0.0344
0.034592
0.041216
0.034464
0.034304
0.034784
0.034368
0.034752
0.034208
0.035168
0.034784
0.033856
0.04144
0.034592
0.035136
0.033408
0.03312
0.034464
0.034688
0.034176
0.034656
0.035072
0.034592
0.03408
0.034912
0.033664
0.034784
0.03472
0.033536
0.034528
0.03456
0.034304
0.034624
0.034592
0.034624
0.03488
0.03456
0.034624
0.034752
0.034752
0.034592
0.034912
0.034368
0.033856
0.034176
0.041888
0.034336
0.03488
0.033568
0.034592
0.034208
0.034304
0.034144
0.034272
0.034496
0.034336
0.034496
0.034784
0.034272
0.034176
0.034752
0.0344
0.034656
0.034304
0.03408
0.0344
0.0344
0.034816
0.034592
0.034432
0.034176
0.03456
0.03488
0.033024
0.03504
0.034688
0.039296
0.041184
0.034592
0.034432
0.0344
0.034336
0.034656
0.034592
0.034624
0.035392
0.034848
0.0344
0.03472
0.03392
0.034688
0.034528
0.033888
0.03456
0.033184
0.034816
0.035552
0.034752
0.034304
0.033856
0.03424
0.034816
0.034464
0.034464
0.034208
0.034304
0.034464
0.034432
0.034688
0.034464
0.035392
0.035808
0.033504
0.03424
0.034144
0.03424
0.03424
0.034592
0.034752
0.034848
0.034048
0.034592
0.033664
0.034752
0.034688
0.034528
0.034688
0.0344
0.039712
0.034624
0.035328
0.034624
0.03424
0.033728
0.03504
0.03456
0.03472
0.033408
0.034368
0.035136
0.034592
0.034752
0.034432
0.035552
0.03488
0.03424
0.035712
0.034016
0.034144
0.03424
0.040928
0.034368
0.034624
0.03456
0.034656
0.034976
0.03456
0.033376
0.034624
0.035136
0.034208
0.033952
0.03504
0.034496
0.034592
0.034272
0.034208
0.03456
0.034112
0.033664
0.033984
0.034304
0.034048
0.035008
0.034944
0.035072
0.0416
0.034432
0.033792
0.03424
0.033024
0.034176
0.041056
0.034688
0.034528
0.040864
0.034912
0.034336
0.034624
0.034528
0.034336
0.034176
0.033728
0.034112
0.03456
0.034336
0.036832
0.034752
0.034912
0.033056
0.034656
0.034336
0.034624
0.033376
0.040032
0.034336
0.034464
0.034272
0.034944
0.03456
0.034272
0.03504
0.03408
0.03408
0.033824
0.034784
0.034752
0.034848
0.03552
0.035552
0.0344
0.034432
0.034464
0.03456
0.034912
0.033856
0.044128
0.034528
0.034016
0.033952
0.034208
0.03424
0.034848
0.034304
0.033152
0.034272
0.03392
0.034272
0.03472
0.03488
0.033856
0.0344
0.035168
0.034624
0.034496
0.034496
0.034176
0.03424
0.034816
0.034304
0.034464
0.03424
0.033216
0.034656
0.033984
0.0344
0.034656
0.033472
0.033632
0.034272
0.034592
0.033952
0.033248
0.034592
0.034464
0.034656
0.033952
0.034464
0.03456
0.033248
0.03504
0.034464
0.033152
0.034592
0.034944
0.034624
0.03424
0.03424
0.034816
0.034272
0.035456
0.033888
0.034752
0.03488
0.03488
0.03472
0.03392
0.034688
0.033952
0.034368
0.034464
0.034464
0.034464
0.033376
0.041152
0.034496
0.034528
0.034272
0.034848
0.03344
0.03488
0.034208
0.03488
0.034176
0.040768
0.034016
0.034624
0.03408
0.034464
0.033984
0.036768
0.034816
0.034624
0.033824
0.03472
0.034368
0.034464
0.0344
0.034432
0.0344
0.034176
0.034304
0.03456
0.034784
0.034048
0.034656
0.034048
0.034624
0.034496
0.03488
0.034944
0.034816
0.034336
0.03488
0.034208
0.034144
0.035424
0.034752
0.034336
0.033888
0.034752
0.035008
0.046144
0.035008
0.034592
0.034816
0.03424
0.033856
0.03456
0.034016
0.034016
0.034944
0.034208
0.034432
0.0336
0.034112
0.034528
0.03424
0.035232
0.033696
0.034688
0.034112
0.040928
0.034848
0.034656
0.034784
0.035424
0.035328
0.03472
0.034144
0.034112
0.034272
0.033952
0.03312
0.034272
0.034496
0.033952
0.03424
0.034816
0.033376
0.033312
0.035424
0.034528
0.034496
0.034272
0.03424
0.03408
0.034624
0.03392
0.034304
0.034816
0.033888
0.034592
0.034784
0.034784
0.03296
0.033408
0.034976
0.03504
0.033984
0.034656
0.034464
0.034304
0.03408
0.033056
0.034144
0.034336
0.03328
0.035936
0.033984
0.03472
0.033664
0.034592
0.034048
0.034208
0.035264
0.034528
0.034112
0.034912
0.034304
0.033152
0.034112
0.035104
0.034624
0.033888
0.034464
0.0344
0.034656
0.03456
0.034624
0.035392
0.034752
0.03392
0.034048
0.034336
0.034496
0.033184
0.033664
0.035008
0.033632
0.034368
0.034272
0.033952
0.034016
0.033248
0.034432
0.033536
0.040224
0.032896
0.033952
0.03408
0.033568
0.033792
0.0408
0.034112
0.033024
0.034112
0.033856
0.034912
0.033664
0.033792
0.03472
0.034464
0.034432
0.0344
0.0344
0.034432
0.033792
0.034912
0.034624
0.034336
0.03456
0.033856
0.034496
0.03408
0.034816
0.034112
0.034208
0.03424
0.034144
0.034304
0.033376
0.034624
0.033728
0.034816
0.03392
0.0344
0.034304
0.034304
0.034368
0.034144
0.034208
0.034688
0.034464
0.034528
0.03376
0.034208
0.034272
0.0336
0.03312
0.034208
0.033664
0.034176
0.034208
0.034016
0.034688
0.040192
0.033856
0.035072
0.034336
0.034464
0.034016
0.034272
0.033888
0.034624
0.034592
0.033856
0.03408
0.034656
0.034688
0.034368
0.033984
0.034048
0.033376
0.03456
0.034112
0.034208
0.033536
0.033888
0.033792
0.034208
0.034336
0.034656
0.033568
0.034272
0.033024
0.034144
0.033728
0.034048
0.034944
0.034272
0.034496
0.034016
0.044224
0.034624
0.041952
0.03424
0.034272
0.033856
0.034464
0.034368
0.03408
0.034304
0.033824
0.034752
0.03472
0.0344
0.033824
0.035296
0.034944
0.035168
0.041664
0.033632
0.034656
0.033696
0.03408
0.034816
0.03392
0.035008
0.034464
0.035072
0.033952
0.040416
0.03456
0.033984
0.034208
0.034432
0.03424
0.034272
0.040576
0.034272
0.034464
0.034464
0.034976
0.034528
0.033728
0.034176
0.034112
0.033888
0.034784
0.034432
0.032832
0.034304
0.034336
0.03344
0.03376
0.0344
0.0344
0.03408
0.041216
0.035232
0.034976
0.035712
0.034368
0.034496
0.0344
0.033696
0.034144
0.034048
0.034208
0.034464
0.03456
0.033568
0.034944
0.034368
0.0344
0.034944
0.035072
0.034752
0.033696
0.032768
0.03472
0.03504
0.034656
0.034304
0.034464
0.033632
0.034048
0.034528
0.033984
0.033824
0.04112
0.034336
0.034816
0.033696
0.034688
0.0344
0.035168
0.034144
0.03344
0.034944
0.034336
0.033824
0.034656
0.03408
0.034816
0.033216
0.033632
0.032768
0.03408
0.03408
0.033408
0.03408
0.035104
0.034464
0.040128
0.034528
0.034816
0.034528
0.034048
0.034752
0.033664
0.033216
0.033696
0.034624
0.034464
0.034784
0.034784
0.034912
0.034592
0.033728
0.035104
0.034336
0.03408
0.034656
0.033408
0.035264
0.035264
0.034592
0.034464
0.034016
0.034464
0.034624
0.034432
0.034464
0.039776
0.035232
0.0352
0.034592
0.034464
0.034016
0.033152
0.034368
0.034592
0.034528
0.034144
0.035136
0.034208
0.034432
0.033152
0.034464
0.0344
0.034272
0.0344
0.034112
0.034528
0.034592
0.034592
0.034208
0.034208
0.034848
0.033216
0.034304
0.03456
0.034784
0.034304
0.033984
0.034368
0.03392
0.0344
0.034112
0.034112
0.034464
0.034688
0.044608
0.034432
0.034432
0.03456
0.034144
0.034176
0.033984
0.034592
0.034208
0.034592
0.034688
0.040416
0.03472
0.034464
0.03472
0.035104
0.034432
0.035072
0.034176
0.034016
0.034176
0.034208
0.034816
0.034208
0.033664
0.034208
0.035296
0.035488
0.034752
0.034976
0.034144
0.033248
0.034112
0.038816
0.033888
0.034272
0.034496
0.043392
0.034176
0.034528
0.034112
0.03424
0.034016
0.034688
0.034656
0.034464
0.03408
0.034752
0.033504
0.034336
0.034592
0.033472
0.034624
0.034656
0.034656
0.034688
0.03456
0.04
0.034976
0.035232
0.034272
0.034848
0.034208
0.034688
0.0344
0.0336
0.034688
0.034272
0.034688
0.034464
0.033792
0.034304
0.035776
0.035584
0.034464
0.034912
0.0344
0.033696
0.033792
0.040384
0.035168
0.041024
0.03424
0.033856
0.034336
0.034464
0.033632
0.034688
0.034112
0.035616
0.035168
0.041056
0.034368
0.034336
0.03408
0.034048
0.034944
0.034432
0.03488
0.034816
0.033568
0.0344
0.034752
0.034112
0.034624
0.03488
0.034176
0.03296
0.034752
0.034528
0.034784
0.03472
0.034496
0.034368
0.034752
0.03312
0.03488
0.033792
0.035136
0.034144
0.034656
0.035072
0.033952
0.034432
0.034656
0.034208
0.034624
0.034304
0.033632
0.034816
0.033824
0.03376
0.034368
0.034272
0.034144
0.034784
0.03456
0.03408
0.0344
0.033408
0.033504
0.034528
0.034336
0.034624
0.034656
0.034688
0.034528
0.033952
0.034112
0.034368
0.034272
0.033408
0.033952
0.035008
0.035552
0.034752
0.03408
0.034368
0.034112
0.034656
0.034176
0.034176
0.03456
0.034592
0.034784
0.033952
0.034368
0.035232
0.034528
0.034368
0.03472
0.034048
0.034656
0.034176
0.033664
0.03424
0.034496
0.03488
0.03392
0.034464
0.035136
0.034624
0.032928
0.034688
0.034528
0.034112
0.034016
0.034848
0.034144
0.034016
0.033696
0.034688
0.034336
0.034688
0.034336
0.03408
0.03376
0.033696
0.033824
0.034688
0.043776
0.034368
0.034336
0.034016
0.034368
0.03392
0.034272
0.034464
0.034048
0.034368
0.03296
0.034176
0.0344
0.034848
0.034816
0.033792
0.033216
0.034304
0.035328
0.034016
0.034176
0.03456
0.035008
0.03472
0.033952
0.034656
0.034464
0.034912
0.034048
0.033472
0.034432
0.03408
0.033952
0.034688
0.034112
0.033216
0.041152
0.035008
0.035168
0.034816
0.034432
0.034368
0.035072
0.03344
0.041248
0.033792
0.034688
0.034912
0.034752
0.035264
0.034912
0.03424
0.034176
0.034496
0.034464
0.034464
0.034496
0.03488
0.033952
0.034496
0.033984
0.034208
0.034496
0.034752
0.034496
0.034656
0.035328
0.034368
0.034304
0.03504
0.03456
0.034624
0.034208
0.034656
0.034816
0.034208
0.034496
0.034208
0.034528
0.034368
0.035136
0.034176
0.036992
0.03456
0.03488
0.034304
0.0344
0.035872
0.034688
0.034656
0.035072
0.03408
0.033504
0.034208
0.034656
0.03472
0.035008
0.033536
0.034496
0.03456
0.034528
0.034144
0.034592
0.033408
0.04432
0.03504
0.034528
0.034464
0.034752
0.034176
0.033536
0.034976
0.033344
0.034144
0.034624
0.033984
0.034496
0.034368
0.034592
0.040768
0.034624
0.034848
0.034176
0.040064
0.0336
0.034752
0.034912
0.03472
0.03456
0.033088
0.033632
0.034272
0.034496
0.034944
0.034304
0.034368
0.034592
0.034912
0.034528
0.03424
0.034688
0.033088
0.034272
0.03488
0.033248
0.034208
0.03552
0.0344
0.034464
0.033696
0.034432
0.034464
0.034688
0.034432
0.034624
0.034368
0.033856
0.034336
0.034496
0.033792
0.034208
0.03296
0.034784
0.03344
0.034112
0.03424
0.0344
0.03376
0.034176
0.034336
0.034496
0.034368
0.034144
0.038528
0.034752
0.034592
0.034368
0.03408
0.034848
0.041408
0.037088
0.034368
0.0344
0.034688
0.034656
0.034592
0.034688
0.034176
0.033536
0.03408
0.033984
0.034656
0.034752
0.03392
0.034368
0.034688
0.034752
0.033952
0.034656
0.034976
0.034656
0.034176
0.034464
0.033824
0.033824
0.034432
0.033856
0.034144
0.034784
0.034464
0.035072
0.03504
0.034464
0.034592
0.034272
0.03392
0.034464
0.034432
0.034944
0.032992
0.034112
0.033344
0.03472
0.034144
0.034784
0.034176
0.03456
0.034208
0.04128
0.0344
0.03488
0.034016
0.034144
0.034496
0.033504
0.034208
0.033792
0.034432
0.034816
0.034176
0.03408
0.034176
0.034304
0.034016
0.034176
0.033504
0.034528
0.034336
0.03408
0.03392
0.034432
0.034368
0.03424
0.034656
0.034656
0.034656
0.033824
0.034272
0.033952
0.035296
0.034272
0.034368
0.035296
0.033376
0.034112
0.033856
0.034464
0.034208
0.034528
0.034368
0.033568
0.03456
0.03376
0.03296
0.035264
0.034816
0.034496
0.033984
0.034112
0.034528
0.03344
0.033024
0.034976
0.03408
0.034432
0.034752
0.03392
0.034752
0.03424
0.034304
0.034688
0.034432
0.034528
0.03392
0.034592
0.03472
0.034144
0.034496
0.034592
0.034176
0.03424
0.035072
0.034624
0.03552
0.034464
0.034912
0.034688
0.034528
0.035264
0.041056
0.034656
0.034848
0.034464
0.034592
0.034272
0.034304
0.03456
0.033952
0.034528
0.034496
0.033408
0.034944
0.033888
0.034496
0.0352
0.033664
0.034208
0.034368
0.034176
0.03472
0.033792
0.033952
0.034112
0.03456
0.035072
0.03408
0.033728
0.03456
0.03552
0.035328
0.03408
0.034272
0.034688
0.034656
0.03472
0.033408
0.041792
0.034144
0.034368
0.034752
0.033824
0.03408
0.034272
0.033344
0.034368
0.034144
0.03456
0.035456
0.03408
0.034912
0.034784
0.034592
0.035168
0.034304
0.03344
0.034624
0.034272
0.03424
0.034464
0.03424
0.0352
0.034304
0.034336
0.034464
0.034144
0.03456
0.034688
0.034272
0.033792
0.034304
0.0344
0.03392
0.034784
0.034272
0.033728
0.034752
0.033856
0.033696
0.033824
0.03392
0.0344
0.034144
0.035136
0.034112
0.034592
0.034784
0.034688
0.034368
0.03456
0.033792
0.034208
0.034016
0.0352
0.035008
