0
0
0.999954
0
0.0339651
0
0
0.796735
0
0
0.835102
0
0
0
0.173061
0
0.0383673
0.112653
0
0
0
0.127347
0
0.239184
0.805714
0
0.312653
0.312653
0.782041
0.778776
0.930796
0.930796
0.899654
0.557093
0.930796
0.737024
0.539792
0.391003
0.283737
0.695502
0.474048
0.474048
0.740484
0.83737
0.474048
0.17301
0.595156
0.927336
0.972318
0.0726644
0.0415225
0.0415225
0.875433
0.795848
0.0415225
0.920415
0.761246
0.629758
0.737024
0
0.33564
0.33564
0.813149
0.588235
0.33564
0.792388
0.785467
0.698962
0.653979
0.017301
0.754325
0.937716
0.754325
0.733564
0.588235
0.83737
0.96875
0.96875
0.5625
0.5625
0.96875
0.828125
0.625
0.625
0.8125
0.875
0.875
0.96875
0.96875
0.875
0.859375
0.84375
0.84375
0.515625
0
0
1
0
0
0
0
0.75
0
0
0.921875
0
0
0
0.140625
0
0
0.171875
0
0
0
0.109375
0
0.125
0.765625
0
0.3125
0.3125
0.859375
0.828125
0.890625
0.890625
0.875
0.46875
0.890625
0.96875
0.84375
0.359375
0.703125
0.53125
0.671875
0.671875
0.5
0.78125
0.671875
0.5
0.765625
1
0.9375
0.125
0.03125
0.03125
0.90625
0.9375
0.03125
0.828125
0.96875
0.671875
0.796875
0
0.390625
0.390625
0.859375
0.421875
0.390625
0.71875
0.578125
0.859375
0.203125
0.03125
0.5
0.953125
0.5
0.59375
0.34375
0.78125
0.96875
0.96875
0.96875
0.96875
0.96875
0.875
0.53125
0.53125
0.78125
0.953125
0.953125
0.578125
0.578125
0.953125
0.859375
0.953125
0.953125
0.71875
