0
0
0
0.431864
0.868107
0.837724
0.234403
0.669562
0.423695
0.348131
0.175695
0.161723
0.552169
0.55508
0.449493
0.805245
0.617216
0.222545
0.180247
0.434703
0.24725
0.315209
0.628635
0.511347
0.395526
0.621478
0.427497
0.694852
0.864204
0.450521
0.196211
0.219351
0.129687
0.68767
0.800794
0.158897
0.533451
0.420727
0.398671
0.354289
0.674207
0.667219
0.258677
0.323313
0.422058
0.591724
0.326043
0.528915
0.480222
0.241903
0.493746
0.188513
0.569596
0.361869
0.413518
0.148965
0.189662
0.44007
0.641429
0.37501
0.366579
0.537282
0.632865
0.589603
0.191811
0.477811
0.707182
0.26395
0.0628252
0.234814
0.138804
0.365293
0.214506
0.142771
0.559671
0.794713
0.219839
0.106709
0.000666623
0.147584
0.190671
0.10931
0.0418672
0.77699
0.322971
0.0532973
0.0122594
0.233708
0.182752
0.804062
0.0593783
0.577312
0.702881
0.297493
0.815979
0.191272
0.2214
0.264357
0.128642
0.26795
0.191516
0.211986
0.360074
0.401258
0.293038
0.178834
0
0.244261
0.221969
0.0205027
0.12726
0.229497
0.0076743
0.146023
0.086596
0.497496
0.0900104
0.22914
0.0569882
0.476798
0.213791
0.140316
0.210978
0.130674
0.166461
0.267153
0.00843848
0.0863196
0.0745155
0.146657
0.418526
0.444841
0.255767
0.842686
0.102337
0.183819
0.271548
0.0182101
0.243225
0.171674
0.649481
0.100337
0.310182
0.0872992
0.354468
0.12752
0.336638
0.291923
0.221545
0.160685
0.129255
0.12595
0.328888
0.616829
0.308894
0.295492
0.0619836
0.0175987
0.814528
0.790138
0.23802
0.2268
0.502479
0.063256
0.234516
0.754875
0.619968
0.186513
0.171343
0.225742
0.615903
0.381833
0.111243
0.145714
0.320295
0.270358
0.0518541
0.192495
0.143698
0.281099
0.914353
0.810711
0.496332
0.721016
0.89806
0.0111045
0.220851
0.0404852
0.251388
0.0692709
0.682431
0.35774
0.30159
0.774721
0.29146
0.340588
0.0128892
0.267219
0.794236
0.273762
0.850866
0.0435753
0.0748232
0.00799788
0.247654
0.780009
0.751586
0.0620001
0.559852
0.268888
0.274506
0.0376429
0.375273
0.261732
0.144739
0.752396
0.0374777
0.0438892
0.32793
0.15814
0.36977
0.404967
0.835795
0.779381
0.166105
0.73764
0.45507
0.253404
0.0259931
0.0957433
0.193255
0.395069
0.221528
0.0635039
0.185934
0.0774341
0.375124
0.306531
0.0177308
0.670649
0.0360401
0.405248
0.0429638
0.273597
0.570444
0.0477394
0.299441
0.166121
0.0351147
0.747868
0.804779
0.121472
0.700311
0.138311
0.999339
0.241209
0.0235971
0.15039
0.382907
0.31376
0.536549
0.456598
0.375974
0.372682
0.437584
0.380207
0.45176
0.454716
0.36079
0.361731
0.453238
0.448065
0.36556
0.175423
0.438995
0.271231
0.721715
0.469027
0.115628
0.341105
0.515856
0.247917
0.346211
0.499127
0.431537
0.459621
0.234883
0.248253
0.614418
0.14351
0.408761
0.241064
0.682948
0.361126
0.403319
0.128662
0.242274
0.448535
0.619323
0.460293
0.0655066
0.424953
0.521634
0.620398
0.370935
0.713854
0.719229
0.397205
0.615628
0.541252
0.400497
0.336334
0.321688
0.252889
0.475343
0.0885515
0.547904
0.272776
0.415883
0.606826
0.393174
0.694437
0.299987
0.808452
0.423206
0.412524
0.422064
0.440943
0.7285
0.556504
0.805899
0.230718
0.688995
0.501948
0.599906
0.218221
0.417428
0.394652
0.731658
0.419041
0.247514
0.452432
0.238713
0.110521
0.759944
0.428379
0.436711
0.0955388
0.279293
0.311677
0.586334
0.422064
0.388874
0.667294
0.733539
0.341373
0.450013
0.475141
0.517804
0.438793
0.477694
0.4224
0.475813
0.236428
0.37893
0.820881
0.114149
0.270626
0.386657
0.438525
0.213451
0.227089
0.462846
0.201021
0.425222
0.470976
0.566917
0.472252
0.650228
0.440607
0.267468
0.266259
0.311274
0.681672
0.319538
0.556168
0.412255
0.537014
0.452292
0.670139
0.401042
0.685556
0.565625
0.762153
0.498472
0.554444
0.782222
0.324097
0.429236
0.638542
0.351042
0.896389
0.427569
0.427222
0.190139
0.698264
0.271806
0.322361
0.470278
0.354097
0.771528
0.387292
0.477431
0.38
0.636875
0.477222
0.642222
0.892708
0.498472
0.464306
0.655208
0.496111
0.312431
0.495764
0.622153
0.65125
0.512292
0.602847
0.534167
0.205069
0.900694
0.504861
0.375903
0.479861
0.519306
0.592292
0.349861
0.427431
0.536181
0.501319
0.485972
0.473819
0.337014
0.53875
0.651389
0.439236
0.695278
0.559583
0.584167
0.565556
0.583125
0.518264
0.521944
0.46875
0.666181
0.323542
0.211458
0.798125
0.561458
0.586181
0.676111
0.273958
0.568333
0.323819
0.382708
0.591806
0.4
0.42875
0.39
0.492778
0.567569
0.808403
0.505556
0.496319
0.841736
0.373889
0.317847
0.688056
0.384583
0.185139
0.575556
0.505139
0.264861
0.782431
0.586806
0.508264
0.430417
0.283819
0.26875
0.547222
0.188611
0.334722
0.7925
0.651042
0.406944
0.457917
0.348472
0.548333
0.266875
0.617361
0.275
0.393819
0.341111
0.488889
0.643542
0.498056
0.381319
0.428194
0.212917
0.278681
0.619792
0.972431
0.458819
0.344514
0.391667
0.695069
0.529722
0.746875
0.715069
0.700208
0.398264
0.533611
0.839792
0.376806
0.531458
0.288819
0.940833
0.228819
0.383264
0.368472
0.444722
0.242986
0.591806
0.18625
0.726806
0.613958
0.429097
0.302917
0.511944
0.398194
0.202986
0.274931
0.654861
0.657847
0.460556
0.550903
0.696597
0.650625
0.425278
0.178681
0.566597
0.482708
0.452569
0.341458
0.420486
0.934167
0.629444
0.367847
0.69
0.525972
0.673958
0.519653
0.824306
0.548819
0.6725
0.541528
0.330069
0.377222
0.651597
0.230556
0.545903
0.833125
0.603403
0.596319
0.438889
0.478403
0.579792
0.582153
0.598819
0.221111
0.54125
0.638472
0.640694
0.641736
0.535556
0.587917
0.573958
0.629514
0.863889
0.673333
0.133611
0.536042
0.565972
0.802778
0.179375
0.497639
0.216875
0.448333
0.928333
0.744306
0.564931
0.313056
0.92875
0.552083
0.508542
0.751319
0.404375
0.606389
0.539722
0.517917
0.717083
0.52875
0.568333
0.130139
0.502569
0.667014
0.774028
0.843264
0.383056
0.395833
0.585
0.919722
0.372083
0.656181
0.502569
0.533056
0.708681
0.700069
0.736319
0.682153
0.358542
0.867153
0.946319
0.454028
0.714306
0.278403
0.317847
0.484097
0.931597
0.628264
0.541389
0.494722
0.160278
0.169635
0.392488
0.657067
0.333668
0.453821
0.61649
0.905487
0.288638
0.43601
0.11491
0.774993
0.517811
0.395289
0.211003
0.390692
0.484415
0.299986
0.170425
0.30372
0.404697
0.0535766
0.176961
0.356219
0.424591
0.294456
0.243034
0.286484
0.377047
0.204754
0.317509
0.564852
0.173442
0.630853
0.267093
0.435435
0.177822
0.62798
0.230465
0.512353
0.536986
0.500287
0.827708
0.340922
0.244542
0.602269
0.794097
0.226444
0.114622
0.394211
0.359236
0.844154
0.673011
0.480322
0.709638
0.362899
0.402255
0.650029
0.145863
0.542876
0.490233
0.146222
0.462654
0.279589
0.335177
0.398951
0.467466
0.206837
0.493105
0.479101
0.413962
0.228383
0.30214
0.328426
0.838265
0.748205
0.339199
0.565786
0.406492
0.221201
0.730106
0.271258
0.167624
0.566863
0.503878
0.436584
0.267021
0.59638
0.390046
0.353203
0.614622
0.81399
0.331227
0.179474
0.545892
0.437518
0.422149
0.401537
0.353131
0.449296
0.309681
0.257469
0.73183
0.0753375
0.222278
0.543522
0.113042
0.753663
0.261635
0.339701
0.553217
0.148377
0.762999
0.545246
0.519606
0.575194
0.426961
0.346811
0.498133
0.156995
0.343292
0.464737
0.86613
0.253735
0.568587
0.831514
0.618644
0.371445
0.53318
0.718974
0.190822
0.688595
0.413746
0.338768
0.278009
0.647731
0.337403
0.627909
0.396797
0.599397
0.32347
0.491166
0.178828
0.672867
0.316648
0.46366
0.624246
0.538279
0.495116
0.413387
0.446423
0.567509
0.344513
0.310112
0.825625
0.473212
0.288495
0.439457
0.509983
0.584171
0.314421
0.570095
0.572393
0.578282
0.37877
0.558676
0.52528
0.415542
0.164752
0.534616
0.510485
0.61728
0.778799
0.405271
0.645432
0.220985
0.659652
0.445059
0.338049
0.894068
0.845949
0.587044
0.350905
0.265082
0.309897
0.577277
0.36807
0.383367
0.52923
0.336398
0.758977
0.668486
0.477018
0.683712
0.542086
0.732907
0.508187
0.12403
0.260773
0.290218
0.36254
0.358374
0.321818
0.568443
0.667983
0.63035
0.493967
0.246337
0.553433
0.400962
0.831801
0.731974
0.560902
0.492818
0.383295
0.303505
0.812267
0.374533
0.279661
0.780379
0.669851
0.51343
0.601623
0.308101
0.409006
0.800201
0.582376
0.262568
0.382505
0.188308
0.781887
0.547831
0.271043
0.509983
0.356794
0.641123
0.296323
0.426242
0.179905
0.483338
0.450948
0.179618
0.637532
0.370655
0.415254
0.646222
0.785263
0.29029
0.178253
0.476803
0.670569
0.57505
0.799698
0.578785
0.160371
0.247127
0.875323
0.308636
0.105083
0.311237
0.344159
0.097503
0.127527
0.267985
0.130499
0.289388
0.0676278
0.081302
0.403463
0.136965
0.30321
0.107461
0.258695
0.515012
0.110806
0.380499
0.0677021
0.0413199
0.0506837
0.092821
0.227705
0.18044
0.494946
0.608948
0.5625
0.252304
0.390681
0.0332194
0.0886593
0.163199
0.085761
0.146106
0.230975
0.0567033
0.217301
0.341112
0.330485
0.160226
0.691587
0.123216
0.218118
0.747548
0.321121
0.09728
0.413867
0.302021
0.231644
0.129608
0.0744649
0.257729
0.432892
0.122325
0.275936
0.348692
0.197012
0.169813
0.111474
0.62879
0.365488
0.176278
0.505054
0.544813
0.346834
0.277869
0.339477
0.149227
0.718193
0.309304
0.363704
0.397815
0.526977
0.0514269
0.212693
0.110508
0.210612
0.106421
0.353894
0.455336
0.29132
0.344679
0.0269025
0.366082
0.168549
0.0860583
0.195006
0.498737
0.0766201
0.152348
0.478746
0.307744
0.198053
0.134735
0.42286
0.106049
0.013154
0.368386
0.141647
0.101442
0.165874
0.574539
0.154206
0.173157
0.137485
0.168995
0.642018
0.297934
0.141944
0.65168
0.135033
0.10761
0.3886
0.416543
0.0561831
0.130054
0.213511
0.202958
0.407551
0.140235
0.113109
0.0703775
0.416617
0.112069
0.14893
0.224584
0.271998
0.667732
0.251932
0.253493
0.378864
0.101367
0.243163
0.334052
0.237886
0.131614
0.209646
0.176947
0.489967
0.0759512
0.122102
0.373514
0.0992866
0.428136
0.319932
0.642613
0.33799
0.252378
0.18475
0.105529
0.531659
0.426204
0.356495
0.140532
0.436683
0.131837
0.110211
0.347131
0.536489
0.171225
0.515978
0.112961
0.0506094
0.478523
0.144099
0.156882
0.126189
0.133249
0.080113
0.263823
0.0752824
0.366305
0.200654
0.217821
0.730455
0.188392
0.181926
0.126709
0.205039
0.219382
0.152274
0.588734
0.376486
0.20214
0.19887
0.174495
0.201917
0.288719
0.243089
0.0619798
0.278686
0.33591
0.188392
0.626709
0.138154
0.416543
0.248068
0.354266
0.142167
0.368683
0.101367
0.104786
0.518728
0.0329221
0.121136
0.112292
0.279281
0.0966112
0.118534
0.25602
0.227334
0.243683
0.263823
0.142762
0.129831
0.0370838
0.720868
0.384438
0.409408
0.264046
0.294738
0.46797
0.42338
0.625966
0.0494946
0.373514
0.48365
0.255648
0.702958
0.118014
0.266498
0.0586356
0.234096
0.228448
0.12552
0.64618
0.237738
0.518356
0.245169
0.374108
0.250223
0.150416
0.176724
0.189135
0.111623
0.430812
0.287232
0.165725
0.520957
0.443594
0.132506
0.119872
0.0808561
0.0413199
0.861103
0.131117
0.441367
0.530625
0.191136
0.312404
0.297014
0.327793
0.279471
0.515543
0.384426
0.380425
0.0714066
0.268698
0.576177
0.151431
0.40197
0.706371
0.348415
0.160357
0.294552
0.340412
0.554017
0.182518
0.290551
0.49646
0.342259
0.368421
0.545399
0.381964
0.217913
0.260696
0.573407
0.0292398
0.273623
0.181902
0.0529394
0.128347
0.44506
0.066482
0.376424
0.55494
0.19329
0.376731
0.463219
0.568483
0.0661742
0.124346
0.224069
0.330871
0.499846
0.14743
0.389966
0.456756
0.441674
0.299785
0.0923361
0.377039
0.398276
0.410896
0.19606
0.475839
0.464758
0.359803
0.0929517
0.566328
0.497384
0.424131
0.159434
0.299169
0.0674054
0.156664
0.56325
0.635272
0.514928
0.142505
0.361342
0.446907
0.163127
0.317944
0.0778701
0.224069
0.136965
0.37273
0.235457
0.654971
0.734072
0.451216
0.250846
0.0326254
0.406279
0.33518
0.595568
0.305633
0.202216
0.579563
0.477993
0.584488
0.15297
0.0603263
0.468144
0.0421668
0.426285
0.529394
0.0781779
0.432133
0.231764
0.45337
0.275777
0.369037
0.393044
0.0871037
0.162204
0.481687
0.0480148
0.561711
0.318252
0.424438
0.421976
0.133272
0.0378578
0.0861804
0.510311
0.468144
0.11542
0.148661
0.452755
0.0560172
0.0412435
0.149584
0.531548
0.560788
0.447215
0.527547
0.264081
0.376731
0.192059
0.243152
0.483841
0.424131
0.723915
0.108341
0.361342
0.451216
0.421053
0.422592
0.397045
0.291474
0.417051
0.0784857
0.585719
0.433056
0.691597
0.590951
0.531548
0.301323
0.0963373
0.192675
0.293937
0.056325
0.199138
0.0590951
0.127732
0.339489
0.412742
0.431825
0.637735
0.825485
0.424131
0.447522
0.377347
0.533087
0.513081
0.347492
0.232379
0.357033
0.540166
0.350262
0.358264
0.103416
0.556787
0.465682
0.54109
0.127424
0.696214
0.455525
0.478301
0.435211
0.548169
0.149277
0.152355
0.449985
0.598338
0.452139
0.361958
0.16128
0.622653
0.438596
0.241305
0.207756
0.0994152
0.168667
0.137889
0.564789
0.148969
0.192675
0.382579
0.197907
0.168975
0.100031
0.0298553
0.0372422
0.357341
0.178824
0.474608
0.345953
0.0763312
0.428132
0.233918
0.185288
0.272699
0.357956
0.336719
0.480763
0.155432
0.453678
0.221914
0.431825
0.362265
0.289935
0.201908
0.0920283
0.598338
0.562019
0.58418
0.444137
0.263773
0.657433
0.220376
0.547553
0.447215
0.544475
0.324408
0.166513
0.331179
0.23638
0.224685
0.341028
0.452139
0.366267
0.419206
0.429363
0.562019
0.298553
0.425669
0.357956
0.424438
0.192066
0.259504
0.604298
0.516033
0.416529
0.509091
0.392397
0.213884
0.30314
0.258182
0.295537
0.267438
0.418512
0.779504
0.336198
0.31405
0.135537
0.741488
0.467769
0.469421
0.155372
0.342149
0.548099
0.398347
0.209917
0.30281
0.288264
0.254215
0.698182
0.13157
0.237686
0.459835
0.143802
0.861157
0.602314
0.344463
0.234711
0.902149
0.522975
0.518017
0.627438
0.558678
0.0879339
0.242314
0.744793
0.393388
0.590744
0.753388
0.481983
0.312397
0.864463
0.25719
0.423802
0.842645
0.512066
0.449587
0.339174
0.166612
0.490909
0.834711
0.739174
0.436364
0.639008
0.489256
0.420826
0.917686
0.322975
0.546116
0.398678
0.877355
0.322314
0.10876
0.356364
0.491901
0.681983
0.248264
0.545124
0.620165
0.452562
0.541157
0.52562
0.0985124
0.392397
0.260496
0.53157
0.78281
0.831405
0.143802
0.425124
0.368926
0.275041
0.281322
0.0558678
0.704463
0.525289
0.683967
0.853223
0.166942
0.167603
0.547107
0.469091
0.494876
0.516033
0.129256
0.815868
0.370909
0.524628
0.231074
0.577851
0.473719
0.493554
0.332231
0.774545
0.496529
0.84
0.551074
0.37686
0.276033
0.28595
0.191405
0.25157
0.821818
0.827769
0.404298
0.18843
0.448595
0.511405
0.655537
0.796033
0.728595
0.720992
0.806942
0.83405
0.323636
0.125289
0.503471
0.190413
0.170248
0.59405
0.408264
0.0628099
0.307438
0.416198
0.679669
0.592066
0.655207
0.463802
0.463802
0.501488
0.0829752
0.326612
0.723967
0.870744
0.43405
0.368926
0.721322
0.241983
0.440331
0.613554
0.312066
0.81686
0.585785
0.413554
0.501488
0.508099
0.275041
0.587438
0.904793
0.461157
0.516694
0.106116
0.282645
0.742479
0.664463
0.932893
0.354711
0.426116
0.44
0.68595
0.48595
0.797025
0.528926
0.609917
0.534215
0.232727
0.730579
0.585455
0.407934
0.439669
0.360661
0.334215
0.419504
0.465455
0.65719
0.355041
0.25686
0.818182
0.618512
0.404959
0.157025
0.162645
0.201653
0.107438
0.903802
0.61719
0.266777
0.526942
0.73124
0.417521
0.533554
0.157025
0.695537
0.655537
0.456198
0.624463
0.348099
0.646612
0.472066
0.246281
0.743802
0.0561983
0.0809917
0.530579
0.108099
0.738182
0.125289
0.166942
0.525289
0.227107
0.579174
0.502479
0.524959
0.295207
0.504132
0.330248
0.758678
0.393388
0.299174
0.29686
0.42876
0.230413
0.141818
0.553058
0.518347
0.738512
0.678017
0.431074
0.149752
0.765289
0.431074
0.659835
0.475372
0.569256
0.346116
0.382479
0.286281
0.376198
0.329587
0.520661
0.635702
0.340826
0.333884
0.688926
0.287934
0.21157
0.174876
0.255207
0.351405
0.318347
0.642314
0.163636
0.599669
0.0740496
0.584793
0.640661
0.739835
0.549421
0.0942149
0.804959
0.836694
0.488595
0.855868
0.657521
0.494876
0.893884
0.746116
0.263802
0.439669
0.287603
0.385455
0.750413
0.417851
0.192066
0.482645
0.691901
0.558347
0.147769
0.572893
0.586777
0.275041
0.439008
0.193058
0.55405
0.689256
0.399669
0.270413
0.600992
0.26314
0.445289
0.311074
0.190083
0.344132
0.17686
0.444298
0.595702
0.608926
0.540165
0.632397
0.311405
0.326942
0.679669
0.360331
0.413223
0.66281
0.701157
0.239669
0.362645
0.031405
0.588099
0.192397
0.580165
0.347107
0.191405
0.715702
0.795702
0.433058
0.544463
0.125289
0.899835
0.210248
0.289917
0.413884
0.663802
0.270083
0.896198
0.218182
0.86281
0.439008
0.268099
0.825124
0.26843
0.336198
0.646942
0.699835
0.733554
0.442314
0.177851
0.351405
0.469091
0.284628
0.361322
0.284628
0.145455
0.458843
0.44595
0.168595
0.412562
0.690248
0.57686
0.466777
0.25686
0.247934
0.70843
0.40562
0.305785
0.483636
0.937851
0.423802
0.647934
0.398017
0.497851
0.0783471
0.259174
0.281653
0.270744
0.407603
0.124298
0.480331
0.57124
0.769917
0.624793
0.616198
0.0952066
0.777851
0.437686
0.265455
0.0760331
0.353058
0.572893
0.153719
0.826446
0.151405
0.563636
0.370909
0.431074
0.622149
0.30281
0.501488
0.861818
0.320331
0.859835
0.380496
0.693884
0.695207
0.470744
0.667107
0.103471
0.409256
0.684628
0.441322
0.342479
0.289587
0.36562
0.26281
0.302149
0.301157
0.766942
0.961653
0.196033
0.755372
0.236033
0.54281
0.438347
0.675702
0.643636
0.257521
0.513719
0.529587
0.286942
0.919008
0.23438
0.198017
0.369256
0.135207
0.43405
0.346777
0.311405
0.833719
0.489917
0.34876
0.387438
0.56562
0.774876
0.812893
0.399008
0.792397
0.29124
0.298843
0.259835
0.306777
0.443967
0.210579
0.857851
0.92
0.326942
0.420826
0.402975
0.151074
0.730579
0.269752
0.370579
0.726942
0.200331
0.283636
0.715372
0.300165
0.316364
0.499504
0.410579
0.305785
0.787107
0.387769
0.182479
0.278678
0.376198
0.427769
0.4
0.682645
0.497521
0.500165
0.0419835
0.434711
0.58843
0.545785
0.592397
0.356694
0.219835
0.38843
0.680661
0.578182
0.410579
0.516033
0.492562
0.69124
0.705124
0.347107
0.487934
0.459504
0.270413
0.621157
0.370248
0.515372
0.895336
0.863653
0.927732
0.829833
0.646849
0.734781
0.744037
0.910288
0.408686
0.911712
0.647205
0.597722
0.585618
0.560342
0.865789
0.405838
0.804201
0.496618
0.636525
0.690637
0.881452
0.660021
0.686365
0.702029
0.563902
0.703809
0.720185
0.90744
0.199715
0.623354
0.647917
0.824137
0.583126
0.369883
0.724101
0.750089
0.719117
0.920968
0.509434
0.573158
0.678889
0.55963
0.659309
0.539338
0.651121
0.45995
0.719829
0.473834
0.62193
0.802421
0.752225
0.708437
0.772517
0.601638
0.825205
0.339623
0.521182
0.322179
0.348879
0.527234
0.500534
0.9733
0.802421
0.546458
0.53471
0.426842
0.588466
0.430758
0.380918
0.702741
0.681737
0.657885
0.409754
0.588466
0.352795
0.609826
0.865789
0.804201
0.767177
0.800285
0.788181
0.721253
0.908152
0.694197
0.41367
0.826273
0.55429
0.537202
0.682093
0.90922
0.795657
0.499466
0.825205
0.753649
0.830901
0.840513
0.756853
0.862585
0.526166
0.89142
0.995372
0.857957
0.367747
0.825205
0.592738
0.732645
0.996796
0.661089
0.890352
0.966536
0.764329
0.519758
0.549306
0.528302
0.952296
0.58811
0.292275
0.686009
0.829121
0.407262
0.384478
0.307939
0.687077
0.919544
1
0.365255
0.260947
0.930936
0.747241
0.647917
0.405126
0.977928
0.747597
0.54183
0.832325
0.437878
0.647561
0.446778
0.478462
0.815593
0.588466
0.554646
0.96262
0.782841
0.581702
0.92168
0.641865
0.812389
0.582058
0.9199
0.667853
0.400498
0.636169
0.269491
0.550018
0.579566
0.917408
0.338199
0.44037
0.482022
0.682093
0.504094
0.694197
0.814881
0.569242
0.407618
0.930936
0.558206
0.461374
0.492702
0.477038
0.859381
0.797081
0.305447
0.93236
0.46351
0.917408
0.935564
0.590958
0.868637
0.58989
0.767889
0.530794
0.783197
0.530438
0.507654
0.0943396
0.482734
0.637237
0.763261
0.908508
0.834105
0.355287
0.788893
0.346387
0.425418
0.494126
0.568886
0.897116
0.989676
0.896404
0.962264
0.731221
0.736917
0.437522
0.901744
0.572446
0.595942
0.815949
0.698825
0.646137
0.566394
0.389106
0.478462
0.807405
0.990744
0.460662
0.390886
0.997152
0.557138
0.810253
0.221075
0.46529
0.487362
0.651833
0.757921
0.644001
0.542186
0.606622
0.412602
0.833393
0.592382
0.455678
0.215379
0.705589
0.412602
0.400854
0.645069
0.661801
0.722677
0.742257
0.555002
0.854753
0.540762
0.885012
0.598434
0.806693
0.603774
0.751157
0.646849
0.96618
0.642577
0.679601
0.464934
0.832681
0.96084
0.710929
0.718049
0.928088
0.388394
0.262371
0.909932
0.683517
0.757921
0.731221
0.45817
0.655393
0.381986
0.411178
0.448914
0.396582
0.781417
0.763261
0.650053
0.57565
0.829477
0.674261
0.912068
0.881452
0.631897
0.807405
0.296191
0.893556
0.751869
0.665005
0.414382
0.724813
0.557138
0.683161
0.758989
0.643645
0.9911
0.433962
0.693485
0.889996
0.531862
0.685297
0.977216
0.320399
0.636169
0.51157
0.574582
0.583838
0.373799
0.540762
0.455322
0.812033
0.666429
0.414026
0.869349
0.702029
0.736561
0.448914
0.52403
0.845141
0.456034
0.790673
0.951584
0.879672
0.688501
0.382698
0.529014
0.542186
0.667497
0.494482
0.803489
0.819865
0.615878
0.915984
0.499822
0.421502
0.708793
0.682805
0.44927
0.51691
0.773585
0.869705
0.347099
0.636525
0.93948
0.620862
0.489498
0.458526
0.612318
0.847633
0.89676
0.47953
0.54539
0.475258
0.915984
0.754005
0.715557
0.471342
0.425062
0.372731
0.334995
0.671413
0.213955
0.58811
0.705945
0.812745
0.540762
0.816661
0.634389
0.587042
0.548238
0.695977
0.624778
0.582414
0.8932
0.640797
0.781061
0.425418
0.701673
0.599502
0.508722
0.670701
0.510146
0.539338
0.710573
0.423638
0.360271
0.496262
0.666073
0.412958
0.756141
0.726949
0.616234
0.844429
0.537558
0.751157
0.722321
0.635813
0.798505
0.54717
0.749733
0.555714
0.715201
0.584194
0.579566
0.55785
0.608402
0.596298
0.857245
0.713777
0.265931
0.920612
0.587398
0.691705
0.790673
0.840869
0.849769
0.772517
0.748309
0.475258
0.689569
0.977216
0.449626
0.723389
0.679601
0.382342
0.679601
0.658953
0.652189
0.771449
0.651833
0.610182
0.673193
0.785333
0.908152
0.723033
0.844785
0.615522
0.298683
0.289071
0.241723
0.590602
0.355999
0.721965
0.668209
0.451762
0.616234
0.246351
0.567106
0.587398
0.547526
0.819865
0.692417
0.769669
0.815949
0.665717
0.569598
0.853329
0.869349
0.599858
0.840869
0.663581
0.484514
0.351371
0.227839
0.323603
0.671413
0.794945
0.760057
0.511214
0.375222
0.760413
0.635457
0.470274
0.38697
0.800997
0.46885
0.608758
0.437522
0.996084
0.499466
0.259879
0.471698
0.939836
0.606266
0.671413
0.572446
0.351371
0.801353
0.886436
0.294055
0.694909
0.752225
0.565682
0.561766
0.551086
0.730509
0.377714
0.644357
0.426842
0.58455
0.732645
0.414026
0.456746
0.716269
0.719473
0.794589
0.887148
0.566038
0.873977
0.677465
0.511214
0.604486
0.291919
0.580278
0.718049
0.845497
0.804691
0.719723
0.793925
0.475971
0.725875
0.926567
0.703576
0.584391
0.714725
0.726259
0.75471
0.87005
0.815456
0.773933
0.401
0.794694
0.522491
0.760092
0.564014
0.79777
0.648981
0.641676
0.989619
0.691657
0.729335
0.742407
0.958093
0.630142
0.610534
0.816609
0.82699
0.662438
0.637447
0.626298
0.893502
0.620531
0.678585
0.961169
0.672049
0.772395
0.560169
0.745867
0.604767
0.736255
0.603998
0.589773
0.647059
0.862361
0.633218
0.795463
0.933103
0.477124
0.773549
0.937716
0.785467
0.798155
0.694733
0.766244
0.853902
0.759323
0.693579
0.554402
0.642061
0.944637
0.978854
0.878508
0.856209
0.68243
0.420223
0.910035
0.659362
0.763168
0.805075
0.888889
0.797386
0.875433
0.771242
0.66782
0.68935
0.755094
0.834295
0.695117
0.732795
0.494425
0.697809
0.892734
0.676278
0.64629
0.850058
0.826221
0.871972
0.863514
0.606305
0.739715
0.94925
0.477124
0.807382
0.829681
0.771242
0.657824
0.792772
0.768935
0.79085
0.754325
0.709343
0.567474
0.724721
0.547866
0.694348
0.981161
0.64629
0.459823
0.60669
0.650519
0.59208
0.934256
0.435602
0.555556
0.665129
0.845829
0.579777
0.786621
0.620531
0.805844
0.636678
0.635909
0.958862
0.673972
0.842368
0.322184
0.995002
0.752018
0.704344
0.45521
0.570934
0.645136
0.708574
0.41484
0.493272
0.875433
0.705113
0.821607
0.708958
0.633602
0.391003
0.553249
0.51288
0.677816
0.589389
0.712418
0.711649
0.582468
0.857363
0.555171
0.768551
0.825452
0.668589
0.748558
0.882353
0.813918
0.472895
0.880431
0.520953
0.662438
0.650135
0.591696
0.81584
0.985006
0.708574
0.478662
0.950019
0.925029
0.712418
0.716263
0.583237
0.713956
0.757401
0.887351
0.693195
0.475586
0.881968
0.627451
0.614764
0.651288
0.479047
0.995386
0.659746
0.558631
0.846597
0.858516
0.686659
0.977316
0.560554
0.608997
0.923875
0.625144
0.854671
0.743176
0.46213
0.584006
0.741638
0.597078
0.566705
0.635909
0.70742
0.524029
0.978085
0.650519
0.586313
0.863514
0.629758
0.848904
0.656671
0.634371
0.449443
0.752018
0.779316
0.50519
0.737409
0.717801
0.752787
0.666282
0.780854
0.594002
0.717801
0.784698
0.620146
0.72895
0.971165
0.762784
0.735871
0.853518
0.979623
0.867359
0.528258
0.845829
0.673203
0.617839
0.594002
0.795848
0.636678
0.577086
0.76163
0.903114
0.712803
0.469435
0.805844
0.519416
0.599
0.946943
0.916186
0.836217
0.815071
0.670511
0.500577
0.614764
0.818916
0.612841
0.873126
0.83391
0.555556
0.922722
0.604767
0.778547
0.497501
0.704729
0.603614
0.606305
0.870434
0.905421
0.773164
0.850827
0.548251
0.719723
0.896578
0.688581
0.754325
0.805844
0.927336
0.792003
0.957324
0.585928
0.716263
0.745483
0.868128
0.712418
0.723568
0.717416
0.732411
0.971165
0.670511
0.620146
0.663975
0.596694
0.806613
0.81584
0.695117
0.668205
0.719339
0.824683
0.520953
0.913879
0.806997
0.782391
0.451749
0.402922
0.542868
0.840062
0.830834
0.504421
0.522491
0.800077
0.690888
0.946943
0.749712
0.421761
0.61707
0.847751
0.584775
0.283737
0.917724
0.816993
0.786236
0.760861
0.519416
0.717416
0.785852
0.980008
0.479431
0.828527
0.232603
0.943099
0.626682
0.623222
0.642061
0.745483
0.903499
0.880815
0.539408
0.603998
0.407536
0.678201
0.57055
0.813533
0.662822
0.459054
0.930027
0.735102
0.81238
0.903114
0.665898
0.482891
0.71511
0.743945
0.783929
0.885429
0.97078
0.542868
0.733564
0.650903
0.759323
0.893887
0.765475
0.757017
0.823145
0.76509
0.750096
0.806997
0.802384
0.905037
0.733564
0.790081
0.688966
0.626298
0.726259
0.599385
0.58093
0.657055
0.438293
0.731642
0.798923
0.663591
0.850442
0.553249
0.864283
0.821223
0.822376
0.931565
0.963091
0.823914
0.888889
0.669742
0.649366
0.557093
0.760861
0.671665
0.858131
0.7005
0.69281
0.51634
0.558247
0.62822
0.953095
0.663591
0.79085
0.816993
0.682814
0.630911
0.710111
0.775087
0.589773
0.844675
0.792388
0.664744
0.456363
0.869666
0.824298
0.622068
0.834679
0.831219
0.927336
0.557093
0.779316
0.519416
0.830834
0.599385
0.485582
0.620146
0.671665
0.809304
0.740869
0.982699
0.547866
0.879277
0.741638
0.796617
0.671665
0.840446
0.904268
0.79431
0.823529
0.585544
0.841984
0.955786
0.809689
0.717801
0.894656
0.843906
0.702038
0.733564
0.78316
0.360631
0.853902
0.890811
0.400231
0.551711
0.703576
0.858131
0.831603
0.864667
0.68243
0.408689
0.522107
0.903499
0.888889
0.807382
0.663591
0.586697
0.511342
0.391003
0.872741
0.815071
0.770088
0.742791
0.712418
0.877739
0.745867
0.96732
0.856209
0.71088
0.737409
0.878508
0.642445
0.784698
0.830834
0.938485
0.49481
0.915802
0.677816
0.705882
0.493272
0.768166
0.759708
0.806613
0.909266
0.403691
0.48366
0.775087
0.758554
0.841215
0.880046
0.834679
0.787774
0.612457
0.850442
0.607074
0.759708
0.919646
0.542099
0.532872
0.593618
0.792003
0.84375
0.814236
0.809028
0.803819
0.588542
0.982639
0.690972
0.65625
0.788194
0.932292
0.668403
0.800347
0.795139
0.741319
0.736111
0.857639
0.722222
0.715278
0.746528
0.631944
0.762153
0.864583
0.875
0.664931
0.986111
0.855903
0.482639
0.670139
0.692708
0.798611
0.836806
0.447917
0.779514
0.878472
0.671875
0.65625
0.694444
0.520833
0.664931
0.774306
0.729167
0.824653
0.578125
0.699653
0.755208
0.809028
0.904514
0.694444
0.680556
0.871528
0.748264
0.861111
0.614583
0.876736
0.708333
0.725694
0.633681
0.772569
0.741319
0.75
0.668403
0.430556
0.887153
0.935764
0.907986
0.586806
0.887153
0.637153
0.821181
0.784722
0.857639
0.663194
0.642361
0.831597
0.743056
0.753472
0.777778
0.675347
0.798611
0.815972
0.779514
0.744792
0.730903
0.5625
0.670139
0.690972
0.638889
0.850694
0.748264
0.414931
0.581597
0.973958
0.755208
0.894097
0.678819
0.909722
0.633681
0.725694
0.769097
0.612847
0.739583
0.831597
0.706597
0.861111
0.883681
0.661458
0.940972
0.743056
0.661458
0.762153
0.739583
0.852431
0.810764
0.744792
0.911458
0.666667
0.541667
0.696181
0.755208
0.564236
0.784722
0.703125
0.548611
0.536458
0.755208
0.864583
0.583333
0.685764
0.803819
0.739583
0.795139
0.984375
0.508681
0.720486
0.942708
0.696181
0.885417
0.866319
0.996528
0.842014
0.701389
0.730903
0.911458
0.770833
0.762153
0.737847
0.932292
0.842014
0.763889
0.715278
0.807292
0.743056
0.748264
0.862847
0.729167
0.854167
0.831597
0.907986
0.786458
0.671875
0.784722
0.706597
0.84375
0.744792
0.822917
0.855903
0.914931
0.960069
0.710069
0.779514
0.666667
0.904514
0.782986
0.628472
0.755208
0.772569
0.602431
0.918403
0.729167
0.854167
0.928819
0.847222
0.663194
0.737847
0.765625
0.770833
0.838542
0.598958
0.897569
0.578125
0.751736
0.756944
0.598958
0.741319
0.904514
0.866319
0.720486
0.892361
0.704861
0.869792
0.737847
0.635417
0.921875
0.75
0.763889
0.824653
0.885417
0.918403
0.885417
0.920139
0.809028
0.859375
0.65625
0.956597
0.857639
0.611111
0.819444
0.649306
0.793403
0.697917
0.696181
0.739583
0.647569
0.597222
0.838542
0.802083
0.803819
0.760417
0.78125
0.772569
0.647569
0.675347
0.923611
0.887153
0.819444
0.713542
0.980903
0.633681
0.46875
0.8125
0.684028
0.576389
0.677083
0.670139
0.888889
0.751736
0.881944
0.807292
0.567708
0.855903
0.755208
0.817708
0.755208
0.821181
0.694444
0.864583
0.854167
0.800347
0.842014
0.845486
0.791667
0.809028
0.789931
0.598958
0.923611
0.782986
0.484375
0.821181
0.935764
0.916667
0.744792
0.876736
0.692708
0.828125
0.706597
0.690972
0.854167
0.815972
0.581597
0.902778
0.875
0.652778
0.729167
0.526042
0.746528
0.78125
0.913194
0.756944
0.821181
0.951389
0.619792
0.663194
0.911458
0.772569
0.678819
0.78125
0.782986
0.736111
0.914931
0.727431
0.668403
0.604167
0.956597
0.769097
0.664931
0.729167
0.779514
0.942708
0.717014
0.684028
0.963542
0.829861
0.826389
0.9375
0.895833
0.671875
0.866319
0.793403
0.935764
0.871528
0.595486
0.65625
0.852431
0.763889
0.758681
0.758681
0.717014
0.831597
0.746528
0.598958
0.713542
0.850694
0.703125
0.862847
0.897569
0.963542
0.769097
0.916667
0.850694
0.741319
0.581597
0.697917
0.699653
0.536458
0.821181
0.725694
0.803819
0.809028
0.763889
0.923611
0.640625
0.633681
0.501736
0.659722
0.654514
0.621528
0.744792
0.975694
0.767361
0.875
0.696181
0.65625
0.621528
0.626736
0.819444
0.682292
0.59375
0.821181
0.720486
0.737847
0.626736
0.711806
0.770833
0.711806
0.892361
0.725694
0.536458
0.881944
0.793403
0.776042
0.831597
0.824653
0.899306
0.515625
0.807292
0.776042
0.795139
0.963542
0.796875
0.786458
0.907986
0.711806
0.899306
0.647569
0.881944
0.644097
0.612847
0.317708
0.888889
0.678819
0.465278
0.916667
0.793403
0.746528
0.873264
0.711806
0.791667
0.755208
0.784722
0.934028
0.850694
0.522569
0.859375
0.654514
0.855903
0.588542
0.722222
0.628472
0.947917
0.748264
0.940972
0.800347
0.767361
0.598958
0.727431
0.786458
0.744792
0.842014
0.420139
0.791667
0.774306
0.711806
0.628472
0.788194
0.769097
0.911458
0.723958
0.890625
0.690972
0.942708
0.805556
0.725694
0.899306
0.803819
0.697917
0.866319
0.758681
0.821181
0.751736
0.899306
0.928819
0.769097
0.848958
0.987847
0.987847
0.598958
0.829861
0.838542
0.909722
0.819444
0.649306
0.65625
0.869792
0.885417
0.899306
0.789931
0.743056
0.557292
0.736111
0.354167
0.920139
0.831597
0.756944
0.822917
0.659722
0.852431
0.682292
0.657986
0.821181
0.708333
0.670139
0.911458
0.678819
0.835069
0.654514
0.895833
0.651042
0.4375
0.645833
0.631944
0.913194
0.713542
0.826389
0.972222
0.798611
0.654514
0.888889
0.817708
0.545139
0.852431
0.90625
0.756944
0.75
0.609375
0.729167
0.651042
0.779514
0.694444
0.579861
0.904514
0.65625
0.673611
0.543388
0.884298
0.636364
0.433884
0.770661
0.993802
0.981405
0.652893
0.93595
0.557851
0.677686
0.904959
0.626033
0.665289
0.743802
0.865702
0.688017
0.677686
0.822314
0.735537
0.82438
0.626033
0.873967
0.669421
0.902893
0.541322
0.597107
0.623967
0.954545
0.909091
0.873967
0.892562
0.917355
0.785124
0.698347
0.828512
0.518595
0.82438
0.931818
0.644628
0.747934
0.766529
0.727273
0.671488
0.464876
0.752066
0.919421
0.737603
0.456612
0.840909
0.886364
0.964876
0.832645
0.547521
0.745868
0.832645
0.880165
0.948347
0.857438
0.768595
0.485537
0.944215
0.840909
0.762397
0.632231
0.913223
0.811983
0.838843
0.909091
0.816116
0.822314
0.863636
0.975207
0.869835
0.733471
0.63843
0.407025
0.63843
0.923554
0.795455
0.702479
0.566116
0.551653
0.568182
0.818182
0.795455
0.75
0.535124
0.826446
0.917355
0.768595
0.805785
0.847107
0.867769
0.690083
0.86157
0.946281
0.766529
0.820248
0.677686
0.77686
0.946281
0.809917
0.902893
0.840909
0.743802
0.946281
0.654959
0.559917
0.545455
0.917355
0.673554
0.921488
0.82438
0.950413
0.61157
0.92562
0.805785
0.539256
0.878099
0.93595
0.801653
0.752066
0.692149
0.886364
0.702479
0.997934
0.659091
0.876033
0.820248
0.931818
0.665289
0.88843
0.88843
0.853306
0.797521
0.938017
0.754132
0.971074
0.584711
0.966942
0.793388
0.68595
0.768595
0.504132
0.774793
0.834711
0.539256
0.969008
0.754132
0.696281
0.884298
0.266529
0.274793
0.516529
0.39876
0.859504
0.886364
0.768595
0.636364
0.871901
0.878099
0.847107
0.754132
0.890496
0.828512
0.78719
0.729339
0.93595
0.89876
0.907025
0.752066
0.904959
0.692149
0.894628
0.983471
0.820248
0.909091
0.884298
0.82438
0.93595
0.592975
0.799587
0.580579
0.857438
0.71281
0.865702
0.710744
0.702479
0.67562
0.859504
0.774793
0.706612
0.386364
0.729339
0.780992
0.652893
0.89876
0.630165
0.845041
0.85124
0.673554
0.57438
0.770661
0.92562
0.533058
0.915289
0.89876
0.921488
0.92562
0.971074
0.754132
0.623967
0.661157
0.989669
0.545455
0.365702
0.671488
0.948347
0.464876
0.938017
0.758264
0.869835
0.617769
0.929752
0.842975
0.632231
0.632231
0.886364
0.933884
0.471074
0.78719
0.731405
0.760331
0.77686
0.78719
0.960744
0.696281
0.696281
0.89876
0.904959
0.683884
0.698347
0.650826
0.795455
0.766529
0.654959
0.801653
0.584711
0.745868
0.407025
0.795455
0.710744
0.700413
0.446281
0.900826
0.481405
0.797521
0.964876
0.78719
0.721074
0.696281
0.944215
0.752066
0.954545
0.654959
0.71281
0.940083
0.853306
0.694215
0.747934
0.801653
0.933884
0.878099
0.979339
0.566116
0.995868
0.702479
0.677686
0.654959
0.555785
0.836777
0.57438
0.917355
0.92562
0.628099
0.553719
0.857438
0.694215
0.845041
0.464876
0.592975
0.904959
0.592975
0.733471
0.719008
0.797521
0.803719
0.47314
0.989669
0.644628
0.971074
0.894628
0.636364
0.896694
0.805785
0.475207
0.820248
0.816116
0.737603
0.783058
0.88843
0.657025
0.783058
0.886364
0.89876
0.948347
0.880165
0.938017
0.884298
0.842975
0.863636
0.876033
0.929752
0.797521
0.411157
0.636364
0.673554
0.690083
0.615702
0.626033
0.793388
0.917355
0.950413
0.836777
0.983471
0.997934
0.632231
0.845041
0.836777
0.950413
0.944215
0.762397
0.632231
0.923554
0.789256
0.766529
0.807851
0.677686
0.871901
0.960744
0.752066
0.518595
0.522727
0.659091
0.766529
0.576446
0.816116
0.811983
0.580579
0.493802
0.886364
0.832645
0.979339
0.634298
0.956612
0.81405
0.535124
0.75
0.671488
0.886364
0.892562
0.832645
0.913223
0.603306
0.931818
0.688017
0.797521
0.956612
0.419421
0.853306
0.828512
0.698347
0.512397
0.958678
0.696281
0.78719
0.82438
0.665289
0.890496
0.92562
0.820248
0.729339
0.737603
0.733471
0.896694
0.706612
0.768595
0.793388
0.931818
0.57438
0.799587
0.42562
0.669421
0.694215
0.679752
0.97314
0.745868
0.77686
0.636364
0.745868
0.53719
0.793388
0.679752
0.809917
0.71281
0.853306
0.942149
0.826446
0.811983
0.386364
0.840909
0.892562
0.900826
0.956612
0.89876
0.985537
0.878099
0.797521
0.47314
0.948347
0.510331
0.690083
0.442149
0.904959
0.595041
0.621901
0.977273
0.67562
0.956612
0.865702
0.731405
0.834711
0.710744
0.63843
0.809917
0.700413
0.907025
0.85124
0.46281
0.586777
0.876033
0.615702
0.919421
0.795455
0.960744
0.907025
0.855372
0.673554
0.977273
0.923554
0.762397
0.88843
0.832645
0.931818
0.88843
0.706612
0.481405
0.706612
0.966942
0.942149
0.816116
0.971074
0.756198
0.733471
0.855372
0.671488
0.665289
0.907025
0.576446
0.948347
0.778926
0.661157
0.568182
0.413223
0.869835
0.791322
0.799587
0.716942
0.822314
0.710744
0.690083
0.785124
0.863636
0.681818
0.799587
0.853306
0.902893
0.661157
0.547521
0.727273
0.543388
0.64876
0.795455
0.706612
0.789256
0.865702
0.93595
0.644628
0.770661
0.791322
0.855372
0.7725
0.955
0.895
0.84
0.9425
0.725
0.805
0.7725
0.8425
0.6
0.88
0.7775
0.7375
0.465
0.53
0.815
0.8125
0.72
0.6675
0.9175
0.83
0.365
0.735
0.7325
0.955
0.7
0.8525
0.7375
0.7275
0.7575
0.765
0.905
0.74
0.93
0.9825
0.68
0.7375
0.9175
0.7825
0.6425
0.815
0.4975
0.7575
0.6175
0.71
0.9975
0.875
0.87
0.9625
0.72
0.815
0.87
0.9075
0.6875
0.9075
0.9275
0.8225
0.865
0.775
0.9775
0.9375
0.5125
0.9925
0.9
0.8325
0.9875
0.99
0.7925
0.6925
0.7225
0.9375
0.8725
0.9025
0.27
0.99
0.78
0.925
0.8775
0.76
0.8375
0.8675
0.9675
0.855
0.59
0.6525
0.5775
0.8
0.905
0.985
0.9575
0.6675
0.8225
0.7725
0.8275
0.8175
0.6225
0.975
0.995
0.9825
0.74
0.9425
0.975
0.995
0.6625
0.8175
0.51
0.615
0.75
0.6425
0.92
0.92
0.735
0.83
0.9125
0.93
0.7175
0.83
0.755
0.985
0.765
0.9325
0.965
0.755
0.795
0.88
0.925
0.64
0.895
0.7325
0.64
0.945
0.77
0.7875
0.8625
0.97
0.825
0.7775
0.835
0.855
0.9175
0.67
0.7675
0.88
0.9575
0.945
0.9425
0.6975
0.68
0.76
0.8475
0.745
0.8275
0.9625
0.97
0.775
0.81
0.9425
0.76
0.87
0.2175
0.9625
0.93
0.9675
0.8775
0.575
0.94
0.895
0.7425
0.67
0.775
0.3225
0.945
0.77
0.95
0.7575
0.7875
0.7625
0.79
0.9175
0.8175
0.7375
0.7325
0.995
0.8825
0.99
0.8275
0.6825
0.805
0.82
0.6525
0.6325
0.84
0.555
0.815
0.735
0.985
0.86
0.8425
0.975
0.8525
0.9975
0.735
0.4125
0.8975
0.98
0.74
0.6975
0.7125
0.8975
0.72
0.79
0.7375
0.875
0.785
0.955
0.87
0.91
0.7475
0.9425
0.65
0.855
0.7075
0.985
0.94
0.9775
0.82
0.7725
0.855
0.6575
0.5625
0.9
0.91
0.975
0.64
0.775
0.8725
0.74
0.3025
0.92
0.9575
0.7175
0.97
0.785
0.525
0.965
0.7375
0.79
0.7775
0.95
0.885
0.9075
0.8225
0.61
0.9675
0.9175
0.905
0.4875
0.695
0.6675
0.725
0.835
0.9675
0.835
0.965
0.7825
0.6625
0.85
1
0.99
0.905
0.705
0.6625
0.505
0.61
0.8875
0.5825
0.7075
0.66
0.635
0.64
0.7125
0.9325
0.9025
0.86
0.8325
0.725
0.8175
0.8125
0.7725
0.97
0.92
0.93
0.8075
0.95
0.545
0.7925
0.75
0.665
0.605
0.85
0.715
0.7275
0.3725
0.7825
0.865
0.845
0.8125
0.745
0.77
0.8575
0.93
0.9225
0.8725
0.9225
0.735
0.895
0.575
0.6725
0.76
0.9975
0.785
0.91
0.7025
0.6525
0.855
0.8725
0.835
0.9775
1
1
0.8675
0.9925
0.6925
0.88
0.9475
0.8725
0.94
0.9475
0.72
0.9225
0.925
0.8375
0.6475
0.545
0.9325
1
0.9525
0.52
0.8425
0.74
0.96
0.72
0.8075
0.8825
0.7625
0.665
0.5225
0.745
1
0.8675
0.865
0.77
0.5675
0.8825
0.925
0.565
0.845
0.6875
0.77
0.745
0.425
0.6325
0.465
0.905
0.7525
0.725
0.8475
0.955
0.3925
0.91
0.8475
0.95
0.89
0.6425
0.75
0.77
0.64
0.965
0.9225
0.4925
0.8
0.7525
0.9275
0.875
0.665
0.97
0.9875
0.68
0.755
1
0.875
0.99
0.7725
0.995
0.965
0.835
0.79
0.6975
0.5625
0.5875
0.9825
0.9025
0.9575
0.915
0.445
0.82
0.9
0.7875
0.84
0.81
0.945
0.9825
0.735
0.705
0.8125
0.7325
0.9
0.86
0.785
0.9825
0.845
0.83
0.9375
0.6475
0.6625
0.6925
0.695
0.65
0.985
0.925
0.7125
0.9925
0.8875
0.4
0.935
0.6975
0.735
0.9
0.795
0.7025
0.7725
0.9925
0.54
0.8925
0.48
0.885
0.9
0.7775
0.8975
0.8025
0.8825
0.5
0.9675
0.825
0.94
0.8475
0.975
0.9925
0.8425
0.665
0.855
0.965
0.8625
0.9775
0.88
0.7425
0.8925
0.8725
0.775
0.8525
0.7375
0.845
0.9225
0.88
0.8525
0.68
0.9125
0.5775
0.96
0.955
0.885
0.6975
0.735
0.95
0.8825
0.88
0.9425
0.8275
0.8975
0.9525
0.96
0.8875
0.7025
0.9175
0.6475
0.745
0.5675
0.915
0.67
0.76
0.72
0.945
0.756173
0.861111
0.311728
0.839506
0.320988
0.700617
0.904321
0.935185
0.669753
0.753086
0.901235
0.660494
0.682099
0.567901
0.808642
0.759259
0.518519
0.734568
0.808642
0.935185
0.848765
0.817901
0.641975
0.57716
0.416667
0.92284
0.975309
0.901235
0.694444
0.839506
0.845679
0.67284
0.916667
0.802469
0.916667
0.925926
0.953704
0.824074
0.990741
0.811728
0.808642
0.697531
0.907407
0.660494
0.743827
0.429012
0.688272
0.75
0.675926
0.645062
0.756173
0.966049
0.858025
0.635802
0.916667
0.814815
0.864198
0.867284
0.87963
0.907407
0.484568
0.969136
0.938272
0.891975
0.805556
0.719136
0.42284
0.864198
0.969136
0.978395
0.978395
0.734568
0.925926
0.944444
0.694444
0.861111
0.783951
0.929012
0.92284
0.95679
0.981481
0.929012
0.589506
0.725309
0.975309
0.947531
0.87963
0.873457
0.756173
0.941358
0.898148
0.851852
0.518519
0.851852
0.867284
0.592593
0.873457
0.614198
0.975309
0.935185
0.592593
0.935185
0.932099
0.861111
0.657407
0.935185
0.839506
0.589506
0.817901
0.83642
0.975309
0.790123
0.944444
0.611111
0.765432
0.92284
0.506173
0.898148
0.833333
0.694444
0.92284
0.891975
0.589506
0.935185
0.743827
0.83642
0.935185
0.796296
0.996914
0.932099
1
0.898148
0.944444
0.354938
0.947531
0.916667
0.95679
0.845679
0.654321
0.972222
0.694444
0.787037
0.990741
0.990741
0.987654
0.62037
0.682099
0.679012
0.898148
0.805556
0.731481
0.666667
0.57716
0.725309
0.654321
0.925926
0.830247
0.651235
0.75
0.993827
0.722222
0.685185
0.719136
0.842593
0.611111
0.873457
0.697531
0.712963
0.919753
0.861111
0.614198
0.950617
0.842593
0.805556
0.95679
0.941358
0.842593
0.962963
0.759259
0.79321
0.87037
0.783951
0.975309
0.975309
0.694444
0.987654
0.984568
0.895062
0.92284
0.891975
1
0.972222
0.626543
0.796296
0.564815
0.959877
0.765432
0.777778
0.824074
0.969136
0.882716
0.91358
0.901235
0.626543
0.651235
0.675926
0.787037
0.984568
0.895062
0.851852
0.845679
0.592593
0.743827
0.861111
0.808642
0.966049
0.808642
1
0.941358
0.984568
0.753086
0.854938
0.83642
0.888889
0.756173
0.552469
0.919753
0.799383
0.694444
0.716049
0.79321
0.885802
0.891975
0.533951
0.666667
0.608025
0.92284
0.635802
0.555556
0.790123
0.938272
0.959877
0.685185
0.947531
0.953704
0.861111
0.932099
0.814815
0.756173
0.743827
0.833333
0.898148
0.929012
0.876543
0.839506
0.87963
0.583333
0.700617
0.546296
0.941358
0.950617
0.969136
0.762346
0.811728
0.969136
0.817901
0.790123
0.438272
0.947531
0.851852
0.787037
0.722222
0.799383
0.54321
0.669753
0.814815
0.734568
0.993827
0.904321
0.623457
0.929012
0.783951
0.82716
0.830247
0.842593
0.885802
0.783951
0.645062
0.996914
0.824074
0.950617
0.487654
0.725309
0.820988
0.484568
0.716049
0.709877
0.771605
0.919753
0.972222
0.777778
0.82716
0.978395
0.731481
0.861111
0.780864
0.882716
0.756173
0.648148
0.506173
0.833333
0.851852
0.783951
0.959877
0.802469
0.885802
0.583333
0.608025
0.910494
0.734568
0.722222
0.842593
0.691358
0.783951
0.712963
0.842593
0.978395
0.882716
0.567901
0.697531
0.574074
0.808642
0.87037
0.385802
1
0.984568
0.993827
0.962963
0.666667
0.981481
0.919753
0.746914
0.814815
0.882716
0.839506
0.87963
0.83642
0.716049
0.487654
0.895062
0.92284
0.645062
0.851852
0.978395
0.641975
0.987654
0.898148
0.669753
0.950617
0.574074
0.280864
0.87037
0.907407
0.58642
0.759259
0.638889
0.675926
0.91358
0.648148
0.990741
1
0.787037
0.950617
0.716049
0.966049
0.743827
0.932099
0.771605
0.709877
0.768519
0.805556
0.722222
0.527778
0.549383
0.959877
0.858025
0.851852
0.932099
0.842593
0.901235
0.87963
0.867284
0.839506
0.657407
0.959877
0.712963
0.679012
0.839506
0.641975
0.916667
0.682099
0.805556
0.898148
0.808642
0.740741
0.626543
0.512346
0.885802
0.950617
0.808642
0.95679
0.916667
1
0.669753
0.518519
0.959877
0.941358
0.638889
0.842593
0.666667
0.83642
0.388889
0.972222
0.938272
0.796296
0.990741
0.990741
0.641975
0.830247
0.666667
0.617284
0.746914
0.728395
0.712963
0.910494
0.925926
0.780864
0.907407
0.981481
0.820988
0.885802
0.993827
0.774691
0.864198
0.740741
0.969136
0.904321
1
0.885802
0.891975
0.645062
0.580247
0.830247
0.712963
0.975309
0.888889
0.904321
0.972222
0.669753
0.898148
0.993827
0.904321
0.512346
0.842593
0.697531
0.888889
0.919753
0.953704
0.799383
0.762346
0.595679
0.996914
0.898148
0.814815
0.929012
0.697531
0.762346
0.75
0.67284
0.87963
1
0.725309
0.811728
0.712963
0.938272
0.802469
0.978395
0.898148
0.709877
0.79321
0.598765
0.697531
0.910494
0.817901
0.993827
0.746914
0.805556
0.969136
0.555556
0.888889
0.391975
0.938272
0.91358
0.404321
0.623457
0.657407
0.638889
0.564815
0.854938
0.993827
0.780864
0.777778
