0.0	0.0	0.36569756	0.3777632	0.47449183	0.3388608	0.0	0.0	0.0	0.0	0.011183977	0.0	0.3951137	0.03485173	0.0	
0.0	0.36569756	0.5081295	0.8401894	0.39670116	0.47449183	0.3388608	0.0	0.0	0.011183977	0.0	0.40629768	0.03485173	0.3951137	0.0	
0.30530477	0.45028913	0.92353964	0.31992286	0.0	0.0	0.0	0.0	0.3431173	0.0	0.0	0.03485173	0.0	0.06653553	0.65181863	
0.91870445	1.7712058	1.7440643	0.0	0.0	0.0	0.0	0.3431173	0.7781415	0.0	0.0	0.0	0.11515486	0.65181863	1.1219782	
2.17035	1.7217188	1.517453	0.0	0.0	0.60000443	0.5898731	1.054652	1.3657432	0.111676455	0.5829675	0.4668885	1.1556095	1.153662	0.93951064	
2.510057	1.4415795	1.88042	0.5230373	1.095108	1.3173258	2.003412	2.0781946	1.4822501	1.3528155	1.6417208	2.136435	1.2054492	0.287692	1.1219782	
0.6877528	0.3747428	1.1169506	2.7775753	4.3741198	2.775433	2.6771822	0.98061913	2.3754413	1.6699262	3.1523318	0.697891	0.50379086	0.0	0.27464372	
0.26672202	0.5230373	2.4442928	4.650401	3.5879412	2.8339949	1.541192	1.8254169	1.7989483	2.8354213	1.5526736	1.6326442	0.0	0.0	0.0	
0.0	1.6824672	3.056794	3.8265452	3.7646496	0.95015824	0.35223162	0.0	0.43292928	0.34615737	0.43292928	0.34615737	0.0	0.106828034	0.0	
0.0	0.0	1.1939195	0.35562402	1.1939195	0.35562402	0.0	0.0	0.0	0.0	0.0	0.0	0.106828034	0.53470993	0.0	
0.0	0.0	0.0	0.0	0.0	0.0	0.0	0.0	0.0	0.65643966	0.7878536	0.106828034	0.7351189	0.43880242	0.9223479	
0.0	0.0	0.0	0.0	0.0	0.0	0.0	0.0	0.65643966	0.8462828	0.9446403	1.2793572	1.2323197	1.26761	0.23084038	
0.0	0.0	0.0	0.0	0.0	0.0	0.0	0.65643966	0.8462828	1.60108	1.532501	1.4528972	1.4568355	0.5628148	1.2305393	
0.0	0.0	0.0	0.0	0.0	0.0	0.0	0.05842918	0.9446403	0.6026675	2.0655632	1.0884221	1.1311858	0.26890934	0.23084038	
0.0	0.0	0.0	0.0	0.0	0.0	0.0	0.0	0.0	0.22057754	0.52352655	0.22057754	0.7717787	0.0	0.24825215	
