0.0	0.0	0.0	0.0	0.0	0.0	0.0	0.0	0.0	0.0	0.0	0.0	0.0	0.0	0.0	
0.0	0.0	0.0	0.0	0.0	0.0	0.0	0.0	0.0	0.27417934	0.0	0.0	0.0	0.0	0.0	
0.0	0.0	0.0	0.0	0.0	0.0	0.0	0.38351834	0.32782954	0.022186548	0.0	0.10232639	0.14450505	0.0	0.29234606	
0.028600484	0.059049606	0.0	0.0	0.16383535	0.0	0.6066275	0.7465144	0.022186548	0.5050917	0.10232639	0.14450505	0.444022	0.3013622	0.074664146	
0.06714195	0.0	0.0	0.16383535	0.0	0.6066275	0.47233504	0.4057049	0.2845626	0.12451294	0.14450505	0.5463484	0.44586724	0.074664146	0.29234606	
0.028600484	0.059049606	0.35084182	0.0	0.38694453	0.41868484	0.22310919	1.1308167	0.0	0.23091239	0.444022	0.009016126	0.444022	0.009016126	0.0	
0.008092344	0.18700647	0.0	0.0	0.0	0.0	0.4812194	0.0	0.0	0.0	0.0	0.0	0.0	0.0	0.0	
0.18700647	0.0	0.18700647	0.0	0.0	0.4812194	0.0	0.4812194	0.0	0.0	0.0	0.0	0.0	0.0	0.0	
0.0	0.0	0.0	0.0	0.0	0.0	0.0	0.0	0.0	0.0	0.0	0.0	0.0	0.0	0.0	
0.0	0.0	0.0	0.0	0.0	0.0	0.0	0.0	0.0	0.0	0.0	0.0	0.0	0.0	0.0	
0.0	0.0	0.0	0.0	0.0	0.0	0.0	0.0	0.0	0.0	0.0	0.0	0.0	0.0	0.0	
0.0	0.0	0.0	0.0	0.0	0.0	0.0	0.0	0.0	0.0	0.0	0.0	0.0	0.0	0.0	
0.0	0.0	0.0	0.0	0.0	0.0	0.0	0.0	0.0	0.0	0.0	0.0	0.0	0.0	0.0	
0.11950907	0.0	0.1738292	0.0	0.0	0.0	0.0	0.0	0.0	0.0	0.0	0.0	0.0	0.0	0.0	
0.0	0.1738292	0.0	0.0	0.0	0.0	0.0	0.0	0.0	0.0	0.0	0.0	0.0	0.0	0.0	
