6.3932886	4.0328355	4.1412077	2.3436184	1.967229	2.3007462	2.714413	3.3899672	3.9750962	4.17025	4.2026215	3.7675138	2.7850158	2.010346	2.5808897	2.0944333	1.7218462	3.4529116	3.7700372	2.9252393	2.806576	3.0768743	1.8776798	2.7416208	2.7808824	2.9007924	2.493547	2.747613	2.5418382	3.1141305	2.9001696	2.5620594	4.7805743	
1.8962183	2.6750617	0.0	0.5588323	1.1894995	0.61844915	0.8490033	1.4745398	1.9598289	2.904275	3.585095	1.2603809	0.8435036	1.5748005	1.5768201	1.6147784	2.8330061	4.2963376	4.507272	5.0976753	3.5639844	1.180088	1.0291655	1.5466708	1.9189839	1.527822	1.8460379	1.6601672	1.1882359	0.71912014	1.89555	0.8006166	3.2226608	
0.62021375	0.15932688	0.62021375	0.37927535	1.2741809	0.7416744	0.7513867	1.1646805	1.2295994	1.8402158	2.3865032	1.9180641	1.8528093	1.3809007	2.1758623	2.6681957	2.307908	3.7105303	4.431046	4.255748	2.3306684	1.8640999	1.5097812	2.8500128	2.1904604	2.5898056	2.6285672	1.5651596	1.446044	1.656197	1.6027381	0.86622214	2.5809598	
1.6481495	1.7364551	1.5977156	1.7555964	1.4753665	1.691211	2.2328582	1.3119304	1.5808979	0.95458806	1.5465587	0.88839644	1.1431323	1.777578	1.065733	0.0747509	0.7784723	1.7360187	1.887121	1.4011825	1.5044705	1.7426882	3.1112294	3.437646	3.2425992	3.4045901	3.030789	2.1989164	2.3148925	3.2041762	1.7479075	1.5115927	2.9396489	
1.7364551	1.935832	2.3430374	1.4365873	2.3005614	2.1930196	1.9189653	1.2652612	1.6663007	1.6836987	1.6658714	2.2690196	2.5610845	2.3523653	0.9590826	0.17241758	1.4258727	1.6096935	1.4576154	1.4276237	1.4561064	2.2139633	2.265819	3.0822148	2.4829893	1.7799451	2.7149625	1.8328023	3.7917314	1.9013519	1.5162789	1.5819069	1.5869831	
3.265328	2.8649282	2.710683	1.6531243	3.1323972	2.8318505	2.11988	1.9938629	1.2093143	1.410608	2.1189308	3.437345	3.5140934	3.3066025	1.616089	1.0539806	1.6096935	1.4035885	2.0110726	1.8780667	1.4783702	1.6878138	2.5693684	1.4250138	1.3374221	1.3270142	1.3134315	2.0786188	1.5294542	2.0296457	0.42064935	1.2035086	0.79746175	
0.58744097	0.18946071	0.7000917	1.2781262	2.1533551	2.0689409	2.5009012	2.2268355	1.6404188	1.5902379	1.0609953	1.7799155	2.2118502	2.5708923	1.9851565	1.5082769	1.8218386	2.4913716	2.6180525	1.8077908	1.2362543	1.9739326	0.78436744	0.7804004	1.0928241	1.6531838	1.9593787	1.2141634	2.3430552	1.4620639	2.2260523	1.3577805	1.5769893	
0.34423488	0.2779923	1.1128249	1.6300846	1.6483934	0.94819045	0.8256087	1.3270265	0.43686232	0.823949	0.19769996	0.7591678	1.1304383	1.3783787	0.37793842	0.0	0.3975445	1.5270966	2.0739503	1.5391982	1.6836996	1.2272133	0.8766308	0.4808207	1.3739042	1.1238494	2.064117	2.3290954	1.8983397	2.021079	1.3577805	0.7056699	1.0362105	
2.56124	1.8441958	1.5174339	1.3569455	1.577533	1.2520564	0.74810255	1.0114136	1.2853194	0.56821704	0.18894383	0.733904	0.80843675	1.1704631	0.28995854	0.0	0.78817606	1.9322873	0.3574317	1.8358852	0.49277398	0.49093872	2.122278	1.7923412	0.5192609	1.8933283	1.3291237	1.609616	2.4531612	2.6369352	1.5679678	0.5840397	2.7767353	
2.714857	1.1350995	0.8557861	0.77446556	0.48323274	0.33348382	1.4855149	2.1591132	1.120466	0.094159275	0.0	0.5184782	1.8203748	1.0500642	0.0	0.78970593	1.9472866	2.2142	1.3580631	2.057846	0.2865369	1.6295041	1.8257164	1.3277161	0.82086325	0.81505173	1.1355221	0.31259334	1.7965658	1.4192016	0.44336936	1.7443423	2.9256043	
3.5618436	1.8729308	0.0	0.19091201	0.60667443	2.2631023	2.1591132	1.2394857	1.3416089	0.5526551	0.4843952	3.3820226	1.9229488	1.0353689	0.36176613	2.1039333	1.9310619	1.5536683	1.7004144	1.7552307	2.979974	2.279565	3.3914337	0.8326868	0.5068902	1.8665259	0.4372608	2.1112247	2.2977457	1.3141184	0.2285272	1.6791018	1.8563144	
3.040238	1.575235	1.3615167	1.4678081	3.5931425	2.304111	2.144699	2.2738242	0.98859704	0.69572747	3.977127	2.8474767	2.989886	1.3794417	1.6169331	2.4328544	1.1190951	2.7690067	1.3125508	3.275263	1.9417543	1.7619295	0.9930296	1.9831886	2.6213644	1.9205651	1.1048508	2.0819879	2.3227162	1.1906744	0.73936135	1.8563144	1.8739204	
2.6911783	2.5816793	2.6863086	3.2099173	2.0683014	1.572052	0.85886	0.21039307	1.235569	3.4391026	3.928548	3.5308676	2.5926538	1.6904372	2.7195926	3.3808186	0.8624697	1.155963	1.7723591	2.4325118	4.0833073	1.9354503	1.8311998	3.2051144	2.5795896	1.8629125	1.015981	0.9535301	0.56595075	0.0	0.051540807	0.0	0.82232964	
4.580912	4.363945	4.364979	2.8667972	2.4232495	1.1859341	0.0	0.11717297	2.425403	3.6917455	3.6949902	1.9482512	1.7249808	3.1118689	3.3973336	0.97038287	0.048346817	0.42188916	1.2986287	2.6112165	1.6899407	1.0888249	1.772279	2.9658294	1.3805431	1.6143701	1.1325641	0.32536274	0.9535301	0.62621397	0.4460828	1.688523	2.0030901	
4.351841	3.8635492	3.1105895	2.0663624	1.3047655	0.7944646	0.22485927	1.9080095	3.5912733	3.8363266	1.6815019	0.99585813	2.4804816	4.086231	1.4667437	2.347413	1.0358566	1.8629938	3.7084403	2.9966588	3.0966582	2.780071	3.2435575	1.5902972	1.1659148	0.13201165	0.0	0.84764075	1.6716332	1.7957867	2.6616118	3.3089275	4.8541546	
5.185338	3.867566	2.6426594	1.6936324	0.54287404	0.46413893	1.2726113	2.4630113	4.256235	2.7119813	2.0556417	1.3115611	1.952544	1.5990129	0.9649092	1.3084662	2.5198064	2.896423	2.0265028	0.8704903	0.7147195	2.0018163	1.6529951	0.6184487	0.51949006	0.0	0.84764075	2.3704193	2.0134218	3.4783282	4.5473294	5.9142256	7.1912446	
4.2844872	4.13713	1.9756918	0.6629637	0.24045113	0.5747824	1.721523	2.8360484	1.9487599	1.8982635	0.015606016	0.57831216	0.22534615	0.9389502	0.8383461	2.3907475	4.4509554	2.82854	1.5982072	1.1978612	2.421768	2.1296515	2.084524	1.4895436	0.0	0.84764075	1.7442052	2.8584607	3.1707265	3.4478602	3.5618858	4.2137423	4.479772	
3.672489	3.85321	1.9327124	1.1319599	0.4236618	1.3776993	1.3287034	1.9553761	1.2431586	1.4311366	0.82623696	0.22534615	0.72031057	0.20388418	1.5696964	2.5269585	2.985006	1.3759553	1.2952706	0.55625457	0.659428	1.4243089	2.0255475	0.93172866	0.6407479	0.8170185	0.9015712	2.0816834	1.0099542	1.0599477	2.0038724	2.558575	2.7650867	
2.267354	2.3493366	1.5648768	0.56566846	1.1649778	0.8236457	1.9229629	0.3994521	0.49317008	0.88395685	0.8614424	1.0632071	1.5025225	0.9030373	1.8003438	0.120039254	1.1125615	0.110045105	0.0	0.0	0.36496693	1.1902074	0.604534	0.99757373	0.8693979	1.3084502	1.3480248	0.9876755	0.5697868	0.0	0.91208386	1.6247776	1.0938516	
2.2679486	2.4460258	1.2029145	1.1558046	0.6463299	1.5273526	0.83443516	2.0140753	1.159925	1.2067931	1.1198252	1.2771764	1.6397144	1.9693202	0.5281143	0.038441718	0.8222009	1.1326203	0.20237356	0.24778071	1.2199653	0.7869043	1.7730393	1.8670145	0.9885509	0.90879095	0.7846501	0.24299929	0.0	0.7416768	1.6247776	1.649437	1.9122295	
1.7017322	1.8044255	1.8545673	0.76906383	1.211209	0.7346374	1.1857854	1.677323	0.82153964	0.80959725	1.7093885	1.7063069	2.8002865	1.0327299	0.6493406	1.7955934	2.6893153	1.634448	1.2526249	1.6493316	1.6725951	1.8375816	1.4895897	1.4076357	1.3110449	1.1687087	1.1446102	1.7189661	0.6289715	0.6143463	0.90776014	1.5161446	2.6098945	
1.1010702	1.4981407	1.1903617	3.0527697	1.0779259	1.0060554	1.1854053	1.8682297	0.2730931	0.13148509	0.82101107	1.0776536	1.3391312	1.3941133	2.5583262	3.637437	3.088857	3.0808585	2.336431	3.0880477	1.5700562	0.7664551	0.12219596	1.4835918	1.3993835	1.317297	2.1467853	1.4244735	0.54177475	0.0	0.85356665	1.7299752	2.0903344	
1.4502461	1.9895258	3.1200848	1.4189184	2.171229	2.393958	1.7561328	1.7364432	0.79989564	0.37554634	0.73847824	0.13062795	0.37095943	2.2777462	4.3003535	3.8794017	3.920947	3.7469728	4.25255	3.4366803	1.7091429	0.59333324	0.85341823	1.3970599	1.317297	2.8441103	3.983616	2.27274	0.7744689	0.009189755	0.1390051	1.5515544	1.7477618	
3.1721644	3.3957145	1.9207444	2.1793282	1.2944356	1.8456157	0.5973636	2.173847	1.795102	1.7313895	1.1189524	0.7998167	1.5684804	4.43112	2.946782	2.4792333	2.2450485	2.8128607	2.4911737	2.0634158	1.4600904	1.0066601	1.3970599	1.5983049	3.0663989	3.539441	2.1702394	1.6190002	1.4106776	1.3764215	2.6770797	2.181859	1.1414418	
3.416554	2.4224367	2.0235167	0.97522503	1.303515	2.0214481	1.9174047	2.4750304	3.290575	2.090853	1.2218353	1.4544958	3.9127917	4.4501686	3.9160585	1.9497108	0.9983061	1.502071	0.62283266	1.6598105	0.4955201	0.1337158	0.0	0.9711719	1.9867322	1.3537757	2.7979102	1.5205741	2.2156126	3.5980532	3.285861	2.8583612	2.110772	
2.465289	2.3774462	1.98583	1.4022944	1.1412547	2.8242617	3.12788	2.3548589	2.9851828	1.4217685	1.2624452	2.4916124	3.5981846	3.0638561	2.0600846	0.78460604	1.4783094	1.2533228	0.7285156	0.3011315	1.1232233	0.7128146	1.301755	0.46084988	0.100257024	0.65336	1.0554477	3.5122747	3.6131477	4.1058154	4.2346573	2.8838267	3.8976939	
1.1246684	2.9982443	2.246421	2.3163028	2.9487052	3.5963898	2.6711938	2.2009776	1.4557183	0.9031025	1.3177445	2.822553	2.669031	1.6938846	1.4340582	1.4952514	1.8073744	0.96664286	0.7705902	1.0820568	0.8341392	1.4354707	0.46084988	0.27384692	0.0	0.09547758	1.510334	2.9211445	2.1647673	2.1633484	2.9884353	1.9438691	2.0547829	
3.1871386	3.8828626	3.1202435	2.9930556	2.449089	2.6279883	2.4675157	1.8796442	2.1774263	1.0468862	1.576571	0.6310561	0.80618787	0.053485006	0.87716174	2.5491474	2.8688526	1.9987352	1.7250144	1.2918873	1.4177982	1.0204227	1.6020646	0.6423713	0.0	1.0207894	3.3249736	2.1913524	1.2376935	0.45040038	1.1438608	0.8118535	1.0448086	
3.5348115	4.781581	2.620896	2.3385618	1.9881214	1.5390453	2.234392	2.8305187	3.4701157	1.9150282	1.2570474	0.8317632	0.99953413	0.13193694	1.7938511	3.0357885	3.127992	2.166006	2.183545	1.2099669	0.49868342	1.5993805	1.6162908	1.3415862	0.7007832	3.839584	2.4303408	3.648296	1.2593311	0.68970084	2.2116654	2.0309901	2.5498214	
3.2856164	2.8300939	2.1031559	0.6565511	0.9864304	1.6348403	2.3141618	3.6446712	3.4983175	0.9139942	0.6480549	1.3258364	1.2411277	1.0322049	3.2434094	3.7090068	2.6327763	1.6112373	1.2992913	0.92279124	2.3306346	2.3583636	3.0232518	2.4515445	3.1694345	3.698735	3.3777323	2.1991634	1.9000268	3.3492093	3.0386848	3.8759794	4.0125637	
3.6463048	3.1184802	2.1831741	1.0526263	1.4803603	2.1357126	3.6046488	1.7408829	2.229292	1.873794	2.2491162	2.2353756	1.8680007	3.1358502	2.7824543	1.284977	1.6805338	0.44683695	1.1456836	2.3678596	3.3961852	4.559692	4.1241016	3.4319782	2.6557662	1.6136323	1.849039	1.8367974	3.5098763	4.1688857	3.5531862	3.993257	4.750532	
3.1350455	2.9283748	3.0515287	1.7581867	3.1995637	3.61761	1.8690629	1.2242479	2.0262597	2.6844091	3.3373704	3.151368	3.6143913	2.6724687	1.9323255	2.0771673	1.5656706	1.3249865	1.7517428	3.3803892	3.5304317	3.4260578	2.7383606	3.0562654	1.8391112	1.7110732	0.8107355	1.7515342	3.4084427	3.704694	2.8828871	3.5463128	2.992093	
5.2477045	1.7689369	1.5251708	2.689856	2.940622	3.4850922	2.2809427	2.7195568	2.4893475	3.4047427	5.1825705	3.6799436	2.8016028	1.7704108	0.9668366	2.6187065	3.6345325	3.192902	2.4286177	2.1671274	2.1907659	2.0328107	1.4453496	1.120692	2.315825	3.4960487	1.756263	1.9810982	3.5868526	2.8669753	1.8604087	2.1397305	2.4701834	
