7.4750423	4.8881025	3.1247327	2.118875	1.8906014	1.0470611	0.7626382	2.2794175	4.3049164	6.1219645	4.487052	3.5246215	2.690304	2.424889	2.6226277	3.0367987	3.720392	4.0354433	3.3785124	2.4685798	3.0628843	4.310501	4.2111216	2.6159627	3.1422539	2.7233548	3.065787	2.7012928	3.7383745	3.6306596	2.2897553	2.150941	2.7264795	
3.2431178	2.0677786	0.24894607	1.1557827	1.5784665	0.8197725	0.71437806	2.4542964	3.1230884	3.8914747	2.8197632	1.5698515	0.72420675	0.62363505	0.92566705	1.598582	1.9495561	2.9918814	2.7424426	3.5034466	3.9571471	3.0534692	2.6583824	2.4385216	1.5738267	2.0129917	1.5475628	3.2655861	3.0002036	2.0833986	1.9636043	0.66868603	2.0178754	
2.1581001	1.0095187	1.3274667	1.6714832	2.471899	1.5990434	1.0609244	2.0824952	2.3104546	3.2225046	3.5414615	2.508696	1.8160241	1.6804261	1.4884677	2.2212462	2.4623485	3.448494	3.4299655	3.9068065	3.4905896	3.5039215	3.7295604	2.5056267	2.843828	2.801912	3.4617069	3.661433	3.1337142	3.2748225	1.6064779	1.1239103	1.2815508	
1.9173069	1.894611	2.066611	2.9290757	3.2681766	2.6595962	2.2105887	1.5881814	1.890123	3.0950582	2.9551108	2.667553	1.5119174	1.0635364	1.2967507	1.3150327	1.7421563	2.5255165	2.4222214	2.0496626	3.7465427	2.7053733	2.650021	3.535461	3.1573668	3.5718608	3.5293117	4.3782806	4.491502	3.9664865	3.1671839	2.6847057	3.4678445	
3.206864	0.9133769	1.5335321	1.4384798	3.0597274	2.7680535	1.6986883	1.0651879	1.5279943	1.7425475	2.4396958	2.9693654	2.445663	2.4035025	2.4651728	2.7988052	3.3801026	2.8898575	1.9463868	2.781973	1.7747413	1.9268756	2.6690183	2.6710095	2.171821	2.4026299	3.6754057	3.125367	3.7163286	3.0010152	2.3491192	2.8335855	3.745222	
3.4706552	1.6255736	1.836901	2.4501443	4.3950706	3.1656978	3.0966883	2.38226	1.5603642	1.727499	1.9076083	2.1127362	3.1908078	3.5434415	3.3315516	3.3571823	3.6820533	3.8416028	4.163869	2.1783526	2.3240414	1.7239494	2.4085479	2.8896883	2.3353932	3.1448169	2.7625341	2.67928	2.6297746	2.3554358	2.3663158	3.4660468	2.5809617	
2.323083	0.06974232	1.6675355	3.8367975	3.5709424	3.9720256	4.295933	4.121503	3.7938776	3.0468173	1.8406104	2.457602	2.7471805	4.132448	3.798379	3.5554905	4.196234	4.4104314	3.8260005	3.3933382	2.3580112	2.4015949	2.2920558	2.395556	3.1593647	2.346817	1.8794864	2.2513556	2.6026409	3.0117054	2.701937	2.4399762	2.0220928	
1.8635712	1.7627857	2.8403797	3.679317	3.5306163	3.2526414	4.0022283	4.2733603	3.2157216	2.2871385	1.7893069	1.9419949	3.6497512	3.892945	3.102086	2.9576578	3.5789418	3.6833067	3.9235482	3.4950547	3.599652	2.445776	2.3604639	2.8354373	2.2576537	1.0874944	2.1625028	2.7506206	2.980227	2.1198568	2.3459156	1.8036736	2.3051074	
4.1642075	2.8124442	2.461803	2.238141	1.9501461	2.4059105	3.9980288	3.8910534	3.3487253	2.1663084	0.697592	2.2345834	3.7758613	4.3129416	3.2912312	2.4872131	2.8452244	3.2187548	3.0640826	2.9307766	2.5540733	1.4840536	2.1846445	1.7029562	1.4714676	2.858907	2.7477808	3.4522412	2.5183835	2.5297685	1.6176909	3.081057	3.7739134	
4.5665865	1.9941614	1.303923	1.2394891	1.4135909	2.120389	2.464241	3.1785703	1.919038	1.1908445	0.74656814	3.292653	4.009165	3.626762	2.3203187	1.3422357	0.9985769	1.6370538	1.5816694	1.7380288	1.0230149	0.22333778	0.07323164	0.0	0.98127717	1.0605601	2.368376	1.295588	1.3619479	0.0	1.1796086	2.3615243	4.411685	
3.913002	1.9231745	1.0830393	1.104867	1.6677952	2.454575	3.460834	2.7011828	1.9341431	1.2471715	2.49349	4.342305	3.9500668	3.7613301	2.61734	1.8952979	2.0863247	2.322723	0.9330533	0.7926694	0.7767215	0.47701997	0.10179925	0.0	0.72810304	1.8680148	0.40457413	1.8330059	1.6092392	0.9834371	0.97474486	2.145186	2.5021253	
4.669673	2.3434372	1.9962997	2.3356626	2.5735207	3.3702903	2.3714786	1.9971077	1.1118919	2.5238829	2.9756866	2.7535663	2.894769	2.0872185	0.88064337	1.5671461	1.4833229	1.8575537	1.6094971	1.6661363	0.66196144	0.386111	0.9861753	1.7545176	2.4393663	1.6075988	1.998914	3.172221	3.3795345	1.239007	1.2927351	1.5670657	2.3916552	
5.6669216	3.5753777	3.3627295	2.969689	2.686358	2.3682818	2.123592	0.5946659	0.8303827	1.6351743	2.8552148	3.3793452	3.208724	2.3629873	1.6626346	2.1626883	0.031419456	1.2742231	0.7767215	1.0847479	1.1628325	1.4631953	1.9172256	3.2165086	3.015858	3.8312566	3.6891832	3.820318	3.2467155	2.8207102	1.2613032	0.5283861	1.4494451	
6.219683	5.270152	4.750297	4.8975477	4.215394	4.650836	2.8212414	1.2992392	0.90817165	1.1726997	1.3246713	2.6177583	2.7294197	2.8408418	2.3768363	1.3855355	0.6535804	0.4009045	0.6626047	0.5477216	0.9861753	1.4564083	2.884645	3.610362	3.3444982	3.5130234	2.7945597	2.7747803	4.243041	3.0548532	1.6344395	2.0157456	2.4596937	
5.5658875	3.9703717	3.6208348	3.792142	4.9140377	5.2743587	3.9966812	1.377986	1.1726997	0.99202716	1.6980865	2.7389653	3.3077362	2.6900625	1.8248467	3.2595553	2.5136483	1.719165	1.1549292	0.5763518	0.2720769	1.303458	2.2990708	3.3942075	2.5048873	1.2465317	1.2352328	2.837368	3.1653466	3.741433	3.5903096	3.1035793	3.6158934	
6.2552133	4.3970056	4.0027137	4.1472607	5.088318	4.733276	3.1432128	1.9307518	1.8306893	1.7754242	3.3996572	3.6290915	3.674326	1.5997093	1.97763	3.988786	3.5292816	1.9230511	1.8965874	0.8347459	0.80133724	1.7506951	2.2432022	1.5509888	0.60544217	0.14528172	1.311154	1.9358602	2.7320151	3.5468023	3.511662	3.99548	5.041526	
5.259747	4.245385	3.4506447	4.427608	3.2553601	2.5795393	2.3618836	0.32999453	0.0	1.2443374	2.48518	3.5493405	3.9085221	2.6698904	2.9644375	3.328823	4.2541184	2.8197856	1.7573727	1.7998314	2.3013167	3.1105857	3.1561098	1.6637036	0.438112	0.7381447	1.0653687	2.215822	2.918343	3.035379	3.1791413	4.359989	4.083448	
5.6163692	3.8478453	3.9906542	4.1571565	2.9955378	3.3110597	1.8303571	1.706247	1.6143615	1.3032445	2.5382037	2.3980947	3.266817	1.915356	1.3767486	1.9070451	2.3434095	1.0219026	1.3547947	1.5845158	2.3296385	3.069821	2.2764075	1.2929193	0.42957214	0.3462069	0.301728	0.78606087	0.9678863	2.077629	3.59165	2.8962994	3.0392013	
4.022616	3.6217842	2.4980416	3.8363943	3.4268892	2.891121	3.3557913	2.0869489	2.036295	2.4981618	2.8337612	2.9524648	2.3349576	1.393497	2.250904	1.1786892	1.663686	0.951385	0.9216019	1.811494	2.0977087	2.283084	1.3022346	1.0078744	1.3172348	1.0840688	0.7794842	0.7584804	1.201211	2.225366	1.9250385	2.7624836	1.7779815	
3.425725	2.8521361	2.320662	2.2613468	2.3959594	2.44605	3.7730439	5.1452227	4.748844	3.4897714	3.8884382	3.2305465	3.5193048	3.401428	1.7801957	1.6446438	1.306989	1.2030646	1.383987	1.0427841	1.6373429	1.2333157	1.6484506	1.9922897	1.9461405	1.1256912	1.2750946	0.8701807	1.535279	1.1572387	1.2118962	0.62644935	1.1958697	
3.5289552	3.834319	2.1958728	2.8610833	1.9349675	1.4670606	2.499776	2.851954	2.186318	2.466773	2.4217863	3.2723508	4.6675177	3.588766	3.4188395	2.9627967	2.5234845	1.5565659	1.3308899	1.3654158	1.2402415	1.2476065	2.0706093	2.191659	2.4081228	2.134108	1.9338665	1.9495127	1.6723628	2.4683504	1.7175297	2.1863966	2.3081565	
3.414795	3.1603355	3.529542	3.4290335	3.217465	2.166121	2.4725118	2.619824	1.4845843	0.66008496	1.0453671	2.656003	3.1904283	3.7336745	3.839363	3.930773	3.5672426	3.1455812	3.3057733	2.2411582	1.708132	1.3370321	2.6419728	2.5640604	2.6486077	1.8141539	0.99377	1.0588279	1.3526807	1.7593424	1.8859597	2.9218283	2.3799522	
3.1149673	3.4739676	2.738522	2.6929417	2.6142945	2.4041831	2.028844	2.745728	2.2377226	1.2718297	1.687016	1.0897074	2.63241	3.4248056	3.0257428	2.8648863	3.5033484	3.934318	3.9616766	3.5887694	2.4032304	3.059802	4.630105	2.9040725	2.2164946	1.9191688	1.9204999	1.604881	1.5025973	2.2067857	2.2254653	2.1872268	2.1029344	
3.3249776	3.7068372	2.6446548	2.9292312	3.1064897	2.4315665	2.916611	3.1507092	2.9183683	2.3235373	1.693229	1.7123785	2.7217426	3.7476468	2.728641	2.6295729	3.0061932	2.705202	2.6632245	1.186954	2.3300219	3.3334475	4.1691794	2.9580479	3.026306	2.8131561	2.3297575	1.3628025	1.8028862	2.3216865	1.7904211	1.7338202	0.69401646	
4.6580777	3.7147424	3.258918	2.939892	3.2073913	3.1442294	3.3706133	3.7557907	4.0262794	3.2263002	1.9791334	2.1848934	3.7255807	3.9921205	3.395074	2.5460362	1.5466843	1.8405844	0.8580977	0.55417335	1.4616725	1.2724867	2.4588447	2.818755	1.7341231	2.9721637	4.2326674	3.6806653	3.5377288	3.7208939	2.7478044	2.195393	2.1416953	
4.273062	3.7386947	2.8671627	3.071248	3.0570474	3.017183	2.9354446	3.224075	3.5144663	2.010737	2.1175468	2.737856	4.149541	3.8558228	2.8061376	1.9637527	1.4756179	0.753577	0.7639779	0.90631425	2.431458	1.9389031	3.0447125	0.63770837	1.015067	1.7372704	3.6433501	3.8840735	3.0094833	3.328335	3.143433	2.9292371	3.45189	
4.320356	2.9293242	2.1672904	2.4273088	2.9869776	3.2770014	3.133254	3.2621856	1.9020674	1.7284946	1.8001072	2.6900644	4.3272996	2.1156535	2.2909195	2.2612545	0.91865677	0.90556765	1.504591	2.8731766	3.5900915	3.9321237	2.5334113	1.2276229	1.2335665	1.8863276	3.9784887	3.3976955	2.0675857	2.6513915	2.473212	3.3264966	3.0699782	
4.2755713	2.5011158	2.0491009	2.188859	2.9033296	3.0250356	3.3232403	3.2097287	2.5107994	0.961719	2.1327677	1.9804777	1.6058682	1.7544143	1.0294203	2.740119	1.6870703	1.3795373	3.4212189	3.9682953	5.270549	3.8389115	2.455371	0.8556401	1.0745363	2.2027125	2.9748485	2.4955966	2.1398828	2.0832796	2.5624096	3.0950217	2.4599047	
4.3612404	3.0523772	2.1196957	2.6846633	2.8745818	2.8751287	3.1439464	3.6752048	3.575151	3.141818	3.0028014	1.3294566	2.256719	1.2996726	2.5475235	2.7303886	2.0929565	1.9259816	3.1237864	3.8826213	4.4228554	3.7354128	2.3312	1.3322927	1.6446306	2.2005196	2.605001	3.267283	1.7970817	1.5341401	2.5913312	2.4050472	2.7051125	
4.8979197	3.414464	2.9057517	2.96639	2.305963	2.1662621	2.4495504	3.4104762	4.1923866	2.8651688	2.9371393	1.8827236	1.6557469	3.0509605	3.420642	3.827719	3.0665889	2.0340114	2.172131	3.3539276	4.2972455	3.6049685	3.3930287	1.9753697	2.193387	2.9140928	3.7145178	3.5547552	2.7609928	3.0584767	3.056635	3.649572	3.561483	
4.1353745	2.9448786	3.0070267	2.793617	1.9870157	2.0577393	2.2386055	3.2160282	4.43501	3.9793303	3.4183228	2.8769565	2.6943645	3.6030545	4.034887	4.686552	4.393613	2.9661102	3.0524406	3.5437903	3.7605355	3.3177032	3.0540307	2.8808012	2.6297045	2.7369454	2.872159	2.6762125	3.3453145	3.8652916	4.5861874	4.362151	4.0551553	
4.4038343	3.4167457	2.8918078	3.184338	2.8364663	2.388287	2.2893353	2.1561222	3.1613584	3.5055037	2.8692358	2.5491416	2.515648	3.2656393	4.3145638	5.281002	4.810713	3.9990315	3.8333473	4.2974024	3.635036	2.916364	2.6421041	3.2693386	3.6944804	3.3040574	1.9142618	1.9866725	3.0263252	3.6087632	3.954588	3.5576155	4.426524	
4.361596	3.15062	3.0400205	3.5044312	3.59236	3.3863215	3.0908666	2.0165687	2.8397837	3.3539145	3.0752492	3.0701442	3.1523762	3.1241941	4.5733633	5.4595776	5.239126	4.701947	4.0246344	4.1216025	3.4442334	3.0416126	3.2721846	3.1695695	3.2625065	2.730979	2.8010607	2.7960143	4.7626143	4.5585327	2.9035878	3.5542102	3.698275	
