0.0	0.0	0.0	0.080485344	0.0	0.080485344	0.7537595	3.2139757	2.4749188	0.0	0.10824251	0.0	0.0	0.0	0.40916145	1.0764868	0.63522106	0.7675489	0.0	1.7840211	1.3730391	1.7840211	0.0	0.0	0.12599534	1.0322716	0.23692638	0.17062944	1.9940193	0.17062944	0.0	0.0	2.5855918	
0.0	0.0	0.0	0.0	0.0	0.0	3.2139757	1.7211595	3.07205	0.72304726	0.4741602	0.0	0.0	0.0	0.30893797	0.22605962	0.30893797	0.22605962	0.0	1.3730391	0.0	1.3730391	0.0	0.0	1.0322716	0.11093104	1.0322716	1.9940193	0.0	1.9940193	0.0	0.60931313	3.813865	
0.0	0.0	0.0	0.0	0.0	0.14192557	1.1063547	0.14192557	1.3352258	1.680154	0.6825377	0.18924755	0.0	0.0	0.0	0.43704385	0.1376996	0.0	0.0	0.0	0.0	0.0	0.0	0.0	0.11093104	0.27533507	0.11093104	0.0	0.0	0.0	0.0	1.538398	4.2647877	
0.0	0.0	0.0	0.0	0.061809182	0.0	0.0	0.120628655	1.7978208	1.15859	0.66340774	0.11565977	0.0	0.0	0.43704385	0.1376996	0.0	0.0	0.0	0.0	0.0	0.0	0.94399977	0.0	0.27533507	0.3956018	0.0	0.0	0.0	0.0	0.0	0.99304104	2.8687983	
0.0	0.0	0.0	0.061809182	2.1225543	0.0	0.26497728	1.3236606	1.2792187	1.3952413	0.68995494	0.21575826	0.0	0.43704385	0.1376996	0.43704385	0.1376996	0.0	0.0	0.0	0.0	0.94399977	2.7578516	0.27533507	0.3956018	0.69570667	0.0	0.0	0.0	0.0	0.0	1.1215214	0.9849719	
0.0	0.0	0.061809182	2.1225543	0.18040127	0.14434862	0.3362556	0.5842948	0.1176669	0.69995457	0.026510715	0.11565977	0.0	0.0	0.0	0.0	0.0	0.0	0.0	0.011275411	0.94399977	2.7578516	1.513098	0.3956018	0.4203716	0.3956018	0.0	0.0	0.0	0.0	0.0	0.08391619	1.2114481	
0.0	0.0	2.1225543	0.3806231	2.266903	0.21858871	0.14434862	0.0	0.0	0.026510715	0.0	0.026510715	0.0	0.0	0.0	0.0	0.04806298	0.0	0.08037019	0.0	2.7578516	0.56909823	2.7578516	0.46449637	0.0	0.4203716	0.0	0.0	0.0	0.0	0.0	0.0	1.6574016	
0.0	0.0	0.3806231	0.0	0.3371808	0.0	0.5783417	0.0	0.0	0.0	0.0	0.0	0.54301834	0.27964532	0.0	0.04806298	0.47850984	0.08037019	0.0	0.011275411	0.56909823	0.0	0.613223	0.11693919	0.0	0.0	0.0	0.0	0.0	0.0	0.0	0.4129548	1.4759071	
0.0	0.26203102	0.0	0.26203102	0.0	0.359753	1.009709	0.0	0.0	0.0	0.0	0.54301834	0.27964532	0.0	0.04806298	0.47850984	0.14831579	0.0	0.06909478	0.0	0.0	0.044124782	0.11693919	0.044124782	0.0	0.0	0.0	0.0	0.0	0.28647166	0.0	1.3190556	3.1665056	
0.0	0.0	0.0	0.0	0.79379183	1.0855427	0.5671172	0.0	0.0	0.0	0.54301834	0.38198823	0.54301834	1.082546	0.47850984	0.03115803	0.47850984	0.0	0.0	0.0	0.0	0.11693919	0.020866275	0.11693919	0.0	0.0	0.0	0.0	0.28647166	0.0	0.0	2.147891	1.2425649	
0.0	0.0	0.0	0.43403882	1.0855427	0.2073642	1.009709	1.0022752	0.0	0.0	0.1023429	0.0	0.8029007	0.9786606	0.03115803	0.0	0.03115803	0.0	0.0	0.0	0.0	0.020866275	0.0	0.0	1.3584795	0.72495735	0.0	0.28647166	0.0	0.28647166	1.6265867	0.51940274	2.9687119	
0.0	0.0	0.43403882	0.07583362	0.641403	0.07583362	1.2096394	1.1809351	0.0	0.1023429	0.0	0.9052436	0.9786606	0.8029007	0.0	0.0	0.0	0.0	0.0	0.0	0.027205646	0.0	0.020866275	1.3584795	1.8424287	0.5134957	0.0	0.0	0.0	0.0	0.51940274	0.28231615	2.1823688	
0.0	0.0	0.07716173	0.0	0.0	1.0022752	1.1809351	1.0022752	0.0	0.0	0.0	0.9786606	0.0	0.9786606	0.0	0.0	0.0	0.78462255	0.0	0.006339371	0.0	0.0	1.3584795	1.8424287	1.8719752	0.72495735	0.0	0.0	0.0	0.0	0.28231615	0.0	1.445349	
0.0	0.07716173	0.0	0.0	0.0	1.1809351	0.0	1.1809351	0.0	0.0	0.0	0.0	0.0	0.0	0.0	0.25735945	0.78462255	0.1976201	0.006339371	0.0	0.006339371	0.0	1.1174713	0.5134957	1.1174713	0.5134957	0.0	0.0	0.614064	0.0	0.0	0.0	0.8293468	
0.07716173	0.0	0.07716173	0.0	0.0	0.37781924	0.0	0.0	0.0	0.0	0.0	0.0	0.0	0.0	0.25735945	1.4592195	0.1976201	0.78462255	0.0	0.0	0.0	0.0	0.0	0.0	0.0	0.0	0.87733483	1.7466849	0.6418927	0.0	0.0	0.0	1.4157479	
0.0	0.0	0.0731886	0.0	0.37781924	0.18017322	0.0	0.0	0.0	0.0	0.0	0.47286868	0.0	0.25735945	0.6745969	0.92965585	0.0	0.1976201	0.0	0.0	0.0	0.0	0.0	0.0	0.0	0.87733483	2.2613597	0.6418927	0.8259247	0.0	0.0	0.04652238	0.9617012	
0.0	0.0731886	0.0	0.37781924	0.18017322	0.37781924	0.0	0.0	0.0	0.0	0.47286868	0.7503587	0.0	0.6745969	0.4746763	1.1479411	0.0	0.0	0.0	0.0	0.0	0.0	0.0	0.0	0.87733483	1.6472956	1.5192275	1.3444817	0.8109954	0.6619872	0.52005553	0.012506306	1.0037348	
0.0731886	0.0	0.0731886	0.18017322	0.0	0.18017322	0.0	0.0	0.0	0.47286868	0.83388716	0.47286868	0.0	0.4746763	0.4733442	0.4746763	0.0	0.0	0.0	0.0	0.0	0.0	0.0	0.0	0.51467466	0.0	0.7265354	0.16910273	0.8738479	1.0975292	0.0	0.09318036	0.8643544	
0.0	0.0	0.0	0.0	0.0	0.0	0.0	0.20236284	0.0	0.83388716	0.0	0.7503587	0.0	0.4733442	0.0	0.4733442	0.0	0.0	0.0	0.0	0.0	0.0	0.0	0.0	0.0	0.0	0.17677277	0.6619872	1.2666318	0.6619872	0.52005553	0.019691348	1.3045553	
0.0	0.0	0.0	0.0	0.0	0.0	0.20236284	0.0	0.08352846	0.0	0.08352846	0.39645636	0.057691216	0.0	0.0	0.0	0.0	0.0	0.0	0.0	0.0	0.0	0.0	0.0	0.0	0.007670045	0.0	0.57747364	0.0	0.57747364	0.019691348	1.1611977	1.0408106	
0.0	0.0	0.0	0.6095147	0.0	0.20236284	0.0	0.26448405	0.0	0.0	0.39645636	1.3270665	0.51356244	0.0	0.0	0.0	0.0	0.0	0.0	0.0	0.0	0.0	0.0	0.0	0.007670045	0.0	0.007670045	0.0	0.0	0.0	0.632481	1.160706	0.38375646	
0.0	0.0	0.6095147	0.0	0.0	0.0	0.062121212	1.3851656	0.0	0.39645636	1.3270665	0.9100188	0.34761077	0.0	0.0	0.0	0.0	0.0	0.0	0.0	0.0	0.0	0.0	0.0	0.0	0.0	0.0	0.0	0.0	0.632481	0.34859222	0.9702348	0.27692503	
0.0	0.6095147	0.0	0.6095147	0.0	0.062121212	1.3851656	1.049768	0.0	1.2693753	0.51356244	1.5592949	0.55527943	0.0	0.0	0.0	0.0	0.0	0.0	0.0	0.0	0.24092543	0.99629116	0.0	0.0	0.0	0.0	0.0	0.0	0.34859222	0.23121691	0.614654	0.65390354	
0.0	0.0	0.0	0.0	0.0	1.3851656	0.9876467	1.3851656	0.0	0.0	0.28991956	0.041716993	0.28991956	0.0	0.0	0.04175371	0.0	0.0	0.0	0.0	0.24092543	0.99629116	0.026505888	0.0	0.0	0.6571932	0.47617888	0.0	0.0108632445	0.07288647	0.0108632445	0.29182637	0.036948144	
0.0	0.0	0.0	0.0	0.0	0.9876467	0.0	0.9876467	0.0	0.0	0.041716993	0.0	0.041716993	0.0	0.04175371	0.0	0.0	0.0	0.0	0.24092543	1.2254202	0.26743132	0.99629116	0.0	0.6571932	1.9394151	0.677829	0.0	0.0	0.0	0.0	0.0	0.5871973	
0.0	0.0	0.0	0.0	0.0	0.0	0.0	0.0	0.0	0.0	0.0	0.927093	0.0	0.04175371	0.0	0.04175371	0.0	0.0	0.0	0.22912902	0.026505888	0.0	0.026505888	0.6571932	1.9394151	1.5796689	1.0075264	0.0	0.0	0.015274823	0.0	0.0	1.681731	
0.0	0.0	0.0	0.0	0.0	0.0	0.0	0.0	0.0	0.0	0.927093	0.0	0.0	0.0	0.5394118	0.43616682	0.0	0.0	0.22912902	0.0	0.22912902	0.0	0.0	1.4632362	0.9224757	1.9945837	1.932175	0.0	0.015274823	0.72081816	0.0	0.5997455	0.7761794	
0.0	0.0	0.0	0.0	0.0	0.0	0.0	0.0	0.0	0.927093	0.16323513	0.927093	0.0	0.5394118	0.43616682	0.328865	0.0	0.0	0.0	0.0	0.0	0.0	0.0	0.24464667	0.5313475	1.4989927	0.5313475	0.015274823	0.72081816	0.015274823	0.0	0.12931675	2.1925116	
0.0	0.0	0.0	0.0	0.0	0.0	0.0	0.0	0.0	0.16323513	0.0	0.0	0.5394118	0.43616682	0.8682768	0.88703996	0.0	0.0	0.0	0.0	0.38802516	0.023954213	0.0	0.0	1.254346	0.0	1.254346	0.72081816	0.0	0.72081816	0.0	0.35005194	2.5894172	
0.0	0.0	0.0	0.0	0.0	0.0	0.048506737	0.0	0.16323513	0.0	0.16323513	0.0	0.0	0.328865	0.45087314	0.42464787	0.0	0.0	0.0	0.38802516	0.023954213	0.0	0.0	0.0	0.0	0.0	0.0	0.0	0.0	0.0	0.0	0.5515084	1.8795196	
0.0	0.0	0.0	0.0	0.0	0.076177835	0.0	0.0	0.0	0.0	0.0	0.0	0.0	0.45087314	0.095782876	0.45087314	0.0	0.0	0.38802516	0.023954213	0.38802516	0.023954213	0.0	0.0	0.0	0.519621	0.0	0.0	0.0	0.0	0.0	0.7234057	1.5076878	
0.0	0.0	0.0	0.0	0.076177835	0.20695555	0.048506737	0.0	0.0	0.0	0.5426049	0.0	0.0052723885	0.095782876	0.0	0.46780562	0.045191467	0.0	0.0	0.0	0.0	0.0	0.0	0.0	0.519621	0.019192994	0.0	0.0	0.0	0.0	0.0	1.0476091	0.4302755	
0.0	0.0	0.0	0.027671099	0.20695555	0.027671099	0.0	0.0	0.0	0.5578141	0.0	0.0052723885	0.0	0.0	0.43840182	0.045191467	0.0	0.0	0.0	0.0	0.0	0.0	0.0	0.519621	0.019192994	0.519621	0.0	0.0	0.0	0.0	0.0	0.98503894	0.008990169	
