0.017464578	0.087871134	0.094138384	0.087871134	0.094138384	0.0	0.06578207	0.0	0.06578207	0.0	0.0	0.0	0.0	0.5375775	0.0	0.4951303	0.0	0.50537395	0.0	0.0	0.42998832	0.48299134	0.0	0.0	0.0	0.0	0.12584728	0.0	0.12584728	0.13369554	0.0	0.0	0.0	
0.0	0.017464578	0.0	0.0	0.0	0.0	0.0	0.3624726	0.0	0.0	0.0	0.0	0.48920172	0.0	0.0	0.0	0.05861944	0.0	0.05861944	0.42998832	0.48299134	0.42998832	0.17262799	0.0	0.0	0.14624059	0.09218967	0.0	0.13369554	0.0	0.0	0.0	0.052401245	
0.0	0.0	0.0	0.0	0.0	0.0	0.3624726	0.0	0.0	0.0	0.0	0.48920172	0.0	0.48920172	0.0	0.0	0.0	0.0	0.0	0.31036335	0.0	0.31036335	0.0	0.0	0.14624059	0.09218967	0.0	0.13369554	0.0	0.13369554	0.0	0.0	0.0	
0.0	0.0	0.0	0.0	0.0	0.5230445	0.0	0.3624726	0.0	0.0	0.0	0.0	0.0	0.0	0.0	0.0	0.0	0.0	0.0	0.0	0.0	0.0	0.0	0.14624059	0.09218967	0.14624059	0.09218967	0.0	0.0	0.0	0.0	0.0	0.23518652	
0.0	0.0	0.0	0.0	0.16057193	0.07425153	0.0	0.0	0.0	0.0	0.0	0.0	0.0	0.0	0.0	0.0	0.0	0.0	0.0	0.13216782	0.0	0.0	0.0	0.0	0.0	0.0	0.0	0.0	0.0	0.0	0.0	0.0	0.0	
0.0	0.0	0.0	0.16057193	0.07425153	0.16057193	0.0	0.0	0.0	0.0	0.0	0.0	0.25900084	0.0	0.0	0.0	0.0	0.0	0.13216782	0.0	0.0	0.0	0.14311004	0.0	0.0	0.24248153	0.0	0.0	0.0	0.0	0.14563966	0.42347378	0.56300884	
0.0	0.0	0.0	0.07425153	0.0	0.07425153	0.0	0.0	0.0	0.0	0.0	0.25900084	0.0	0.21987158	0.0	0.0	0.0	0.13216782	0.0	0.2786392	0.39141053	0.42395407	0.0	0.0	0.24248153	0.2485829	0.0	0.2868362	0.5078657	0.5065935	0.65448415	0.6096908	0.98192304	
0.0	0.0	0.0	0.0	0.0	0.0	0.0	0.0	0.0	0.0	0.25900084	0.0	0.47887242	0.0	0.0	0.0	0.0	0.0	0.14647138	0.39141053	0.42395407	0.0	0.14311004	0.24248153	0.2485829	0.24248153	0.29929882	0.56112903	0.5065935	0.65448415	0.75533044	1.4053968	0.9999217	
0.0	1.3267372	0.0	0.0	0.0	0.0	0.0	0.07814902	0.50026137	0.0	0.0	0.21987158	0.0	0.21987158	0.0	0.0	0.0	0.14647138	0.39141053	0.4273154	0.39141053	0.28084403	0.0	0.2485829	0.0	0.5478817	0.56112903	0.6477901	0.7388761	0.4076358	0.23101038	0.04668194	0.07310212	
1.3267372	0.114209354	0.0	0.0	0.0	0.0	0.07814902	0.50026137	0.0	0.0	0.0	0.0	0.0	0.0	0.0	0.0	0.0	0.0	0.0	0.25847286	0.012818575	0.0	0.0	0.0	0.012462616	0.053263307	0.012462616	0.053263307	0.0	0.0	0.0	0.0	0.51193446	
0.114209354	1.3267372	0.0	0.0	0.0	0.07814902	0.50026137	0.07814902	0.50026137	0.0	0.0	0.0	0.0	0.0	0.0	0.0	0.0	0.0	0.25847286	0.012818575	0.0	0.70779866	1.2098565	0.0	0.0	0.0	0.0	0.0	0.16793036	0.0	0.0	0.0	0.2890107	
0.0	0.8146347	0.6012737	0.58814996	1.0175018	0.36601394	0.0	0.0	0.0	0.0	0.0	0.0	0.0	0.0	0.0	0.0	0.0	0.25847286	0.012818575	0.25847286	0.72061723	1.2098565	0.0	0.0	0.0	0.0	0.0	0.49554008	0.29265124	0.0061559677	0.0	0.0	0.72364527	
0.7004253	0.6012737	0.58814996	1.0175018	0.36601394	0.0	0.5108573	0.0	0.0	0.0	0.0	0.0	0.0	0.0	0.0	0.0	0.0	0.0	0.0	0.70779866	1.2098565	0.70779866	1.2098565	0.0	0.0	0.0	1.1148676	0.8582741	0.17408633	0.010030925	0.17461228	0.0	0.2689405	
0.9155983	1.2885753	1.6187756	0.9541639	1.0175018	0.8768712	0.0	0.0	0.0	0.0	0.0	0.0	0.0	0.0	0.0	0.0	0.0	0.0	0.0	0.0	0.0	0.0	0.0	0.0	0.0	0.9469372	0.8582741	0.3337657	0.30268216	0.18076825	0.0	0.2689405	0.0	
0.49393147	0.5775978	0.0	0.0	0.5108573	0.008337915	0.5108573	0.0	0.0	0.0	0.0	0.0	1.2188058	0.49946517	0.0	0.0	0.0	0.0	0.07593781	0.0	0.0	0.0	0.0	0.0	0.6193275	0.56562287	0.6193275	0.5756538	0.17461228	0.010030925	0.17461228	0.0	0.0	
1.7480466	0.6231552	0.0	0.0	0.008337915	0.0	0.0	0.0	0.0	0.0	0.0	1.2188058	0.49946517	0.0	0.0	0.0	0.0	0.22572702	0.0	0.0	0.6052297	0.75516874	0.0	0.0	0.0	0.0	0.0	0.0	0.0	0.36257905	0.056753695	0.0	0.24622399	
1.5858829	0.5775978	0.0	0.008337915	0.0	0.008337915	0.0	0.0	0.0	0.0	1.2188058	0.49946517	1.2188058	0.49946517	0.0	0.0	0.22572702	0.0	0.07593781	0.6052297	0.75516874	0.035088837	0.0	0.0	0.0	0.0	0.347681	0.0	0.36257905	0.056753695	0.0	0.0	0.34461325	
1.0610034	0.6231552	0.0	0.010915041	0.0	0.0	0.0	0.0	0.0	0.0	0.0	0.43295628	0.90863353	0.04014516	0.0	0.14978921	0.0	0.14978921	0.6052297	0.75516874	0.6403185	0.75516874	0.0	0.0	0.0	0.347681	0.0	0.36257905	0.056753695	0.36257905	0.10547441	0.07140529	0.0	
0.4698761	0.573201	0.32835907	0.0	0.8054169	0.11440951	0.0	0.0	0.30569643	0.47111827	0.93365526	2.1053612	0.34173602	0.0	0.0	0.0	0.14023	0.0	0.0	0.035088837	0.0	0.035088837	0.0	0.48745757	0.347681	0.0	0.347681	0.0	0.0	0.048720717	0.0	0.0	0.0	
0.96107674	1.4910421	0.15680498	1.125462	0.89379144	0.0	0.0	0.30569643	0.47111827	0.93365526	2.1053612	0.7746923	1.3756028	0.20544827	0.0	0.14023	0.32713515	0.3379838	0.0	0.0	0.0	0.0	0.48745757	0.0	0.0	0.0	0.0	0.0	0.048720717	0.0	0.048720717	0.0	0.34862816	
1.4812069	0.730006	1.4319911	0.89379144	0.8054169	1.1536787	0.72329295	0.47111827	0.8063954	1.667846	0.80228984	1.663697	0.9065974	0.976271	1.1579142	0.4383639	0.4782138	0.0	0.0	0.10611409	0.7052054	0.96017516	0.0	0.48745757	0.0	0.0	0.0	0.0	0.0	0.0	0.0	0.32162243	0.0	
0.3398015	1.4718132	0.9361869	0.30913013	1.833318	0.41759652	0.0	0.0	0.0	0.0	0.4669693	0.6050065	1.4432403	1.1829873	0.4383639	0.3379838	0.32713515	0.3379838	0.45284033	0.7052054	0.47271758	0.0	0.7101926	0.39958435	0.6043015	0.0	0.0	0.0	0.0	0.0	0.32162243	0.0	0.87473655	
1.2638178	0.0	0.0	1.053936	0.41759652	1.0392692	0.41759652	0.0	0.0	0.19926631	0.4397034	0.976271	1.4573877	1.0874997	1.0176842	0.111228764	0.0	0.45284033	1.3226912	0.5788317	0.7052054	1.1829102	0.39958435	0.6043015	0.0	0.0	0.0	0.03904617	0.29105347	0.0	0.0	0.5531141	1.4662402	
0.95880646	0.6767927	0.014666736	0.0	0.014666736	0.36767668	0.98824996	0.2699855	0.19926631	0.40387613	0.0	0.0	0.0	0.0	0.0	0.052269936	0.34672624	0.6174858	0.34672624	0.0	0.7101926	0.39958435	1.3144941	0.39958435	0.6043015	0.0	0.15799624	0.45710975	0.01848799	0.0	0.0	0.29173368	0.76542646	
1.9406104	0.0	0.0	0.10103148	0.36767668	0.98824996	0.44471878	0.19926631	0.60057575	0.43386143	0.0	0.0	0.0	0.0	0.4750989	0.8580584	1.1721224	0.0	0.6174858	0.0	0.0	0.0	0.0	0.023437679	0.0	0.15799624	1.0987408	0.58096063	0.31780922	0.0	0.29173368	0.76542646	1.1220864	
1.2369899	0.6767927	0.10103148	0.36767668	0.98824996	0.81239545	0.98824996	0.87056124	0.40468556	0.40387613	0.0	0.0	0.6396833	0.4750989	0.8580584	1.0627633	0.64868253	0.30220264	0.0	0.0	0.0	0.15516645	1.1695523	0.0	0.11895007	0.80768734	0.72076976	0.6142043	0.01848799	0.0	0.9116475	0.8303527	2.3530521	
0.0	0.10103148	0.0	0.10103148	0.17473328	0.24667126	0.3714329	0.40468556	0.19669962	0.23459512	0.0	0.7486416	0.5483141	0.8580584	1.4333224	1.5067409	1.9476304	0.7569571	0.08878666	0.19136626	0.17299402	1.1695523	0.0	0.023437679	0.64163107	0.5833317	1.0897791	0.5234265	0.02675575	0.14622104	0.5345338	1.409844	1.1773522	
0.2781834	0.0	0.0	0.0	0.24667126	0.18973231	0.17009044	0.0	0.17009044	0.0	0.7486416	0.6693945	1.0177867	0.45585686	0.64868253	2.4226353	2.3692067	1.111057	0.8381617	0.17299402	1.1461146	0.15516645	1.1461146	0.0	0.05990523	0.44758648	0.16415465	0.42139226	0.14622104	1.2022386	1.2455282	0.0	0.52314013	
0.5501624	0.0	0.0	0.24667126	0.65520436	0.28448224	0.0	0.0	0.3285299	0.3170759	0.6693945	0.48706174	0.6187806	0.34632212	1.6645758	1.7205242	2.7063947	2.3740296	1.3688477	0.19136626	0.01782757	0.0	0.012596607	0.008421063	0.026194215	0.10424942	0.0	0.23493475	1.2022386	0.9336492	0.5345338	0.0	0.2593674	
1.308861	0.43402416	0.57184047	1.6100613	1.0442858	0.45039004	0.5880262	0.3285299	0.2081176	0.5439094	0.37810344	1.257368	0.72442555	0.57378465	0.9635671	2.1006014	2.4637754	1.9823012	0.64679545	0.0	0.18408448	0.055353522	0.53812855	0.2545759	0.10424942	0.026194215	0.33918417	1.2512289	0.9835546	0.66770476	0.57616705	0.2593674	2.314222	
0.98418653	0.57184047	1.8563104	1.6955438	0.7261298	0.742166	0.6379565	0.2081176	0.3285299	0.38236368	0.7134586	0.34632212	0.4932955	0.34632212	0.8067489	0.85341287	2.2834454	0.7789108	1.2622335	0.18408448	0.055353522	0.53812855	0.39958435	0.008421063	0.0	0.23493475	0.7895349	0.6423223	0.0	0.35748214	0.2593674	0.047252417	1.1094539	
1.8807015	2.742277	2.6657853	1.43539	1.7108297	0.57008433	0.5880262	0.0	0.49409002	0.83789593	0.0	0.2201631	0.0	0.0	0.07450205	0.26108545	0.07450205	0.0	0.18408448	0.042756915	0.71379197	0.42974466	0.5297075	0.2283817	0.0	0.9439449	0.04990542	0.58352417	0.04990542	0.0	0.0	0.0	1.243363	
2.0380807	3.3795726	1.6376877	1.4761677	0.3094266	0.116328776	0.3094266	0.6833503	0.9326767	0.17424607	0.0	0.0	0.0	0.0	0.26108545	0.0	0.21446311	0.0	0.038979173	0.9843536	0.83942384	0.8216837	0.5183081	0.4180054	1.1546776	0.03312099	1.1185952	0.14133167	0.30381304	1.4393535	0.0	0.70355386	1.6178782	
