1.390636	0.9797778	0.86342233	0.6184211	0.7005322	0.6445257	0.68515885	0.49178958	0.4370346	0.33545065	0.40223095	0.26164407	0.15980242	0.042239744	0.0	
0.7634287	0.55698717	0.4419944	0.30937636	0.36879757	0.2985428	0.33232856	0.25469851	0.26325154	0.1557943	0.19814602	0.11592156	0.08776173	0.02815983	0.0	
0.24698913	0.12719412	0.12703776	0.035459	0.035459	0.0	0.01725018	0.01725018	0.03450036	0.07940392	0.07940392	0.062153738	0.0	0.0	0.0	
0.04451921	0.017807683	0.0	0.14656511	0.14656511	0.14656511	0.0	0.06343697	0.12559071	0.18774445	0.124307476	0.062153738	0.0	0.0	0.0	
0.026711524	0.017807683	0.14656511	0.29313022	0.29313022	0.14656511	0.06343697	0.18902768	0.25118142	0.31205192	0.18646121	0.124307476	0.0	0.0	0.0	
0.0	0.14656511	0.38136992	0.70065415	0.55408907	0.3978176	0.14197035	0.33099803	0.3146184	0.31333518	0.124307476	0.062153738	0.0	0.0	0.0	
0.0	0.23480481	0.49576363	0.6684828	0.44877434	0.2663489	0.15706676	0.26756108	0.18902768	0.18774445	0.062153738	0.062153738	0.0	0.0	0.0	
0.08823971	0.34919852	0.55183196	0.67756176	0.43169937	0.32269573	0.1087262	0.15706676	0.06343697	0.06343697	0.0	0.0	0.0	0.0	0.0	
0.08823971	0.20263341	0.31702712	0.27003783	0.17074054	0.07144324	0.030192826	0.015096413	0.0	0.0	0.0	0.0	0.0	0.0	0.0	
0.08823971	0.11439371	0.20263341	0.15564412	0.12949012	0.056346826	0.015096413	0.015096413	0.0	0.0	0.0	0.017942654	0.017942654	0.017942654	0.0	
0.0	0.0	0.0	0.0	0.0	0.0	0.0	0.0	0.0	0.0	0.017942654	0.035885308	0.035885308	0.017942654	0.0	
0.0	0.0	0.0	0.0	0.0	0.0	0.0	0.0	0.0	0.017942654	0.035885308	0.071770616	0.053827964	0.035885308	0.0	
0.0	0.0	0.0	0.0	0.0	0.0	0.0	0.0	0.0	0.017942654	0.035885308	0.053827964	0.035885308	0.017942654	0.0	
0.0	0.0	0.0	0.0	0.0	0.0	0.0	0.0	0.0	0.017942654	0.017942654	0.035885308	0.017942654	0.017942654	0.0	
0.0	0.0	0.0	0.0	0.0	0.0	0.0	0.0	0.0	0.0	0.0	0.0	0.0	0.0	0.0	
