2.8956099	1.0903898	0.8191228	0.0	1.1639445	0.70612085	0.561525	0.78340036	1.8539879	0.6145111	0.5804252	1.1448922	1.9358227	1.9477273	1.8230207	
0.63037074	0.16402428	0.2839687	0.95954394	1.1363887	0.30811083	0.65878326	0.81793284	0.825899	0.098272234	0.448111	1.1928502	0.71112263	0.34394738	0.1778177	
2.3728173	1.0627615	0.90432245	1.2561402	0.3954954	0.80938315	1.4185865	0.7877624	1.2878977	1.641939	1.2032082	1.2430122	2.1526523	0.8236222	1.0614817	
2.4803445	0.9166619	0.90716004	0.99619746	1.4988457	0.5930307	0.39085644	0.71223915	1.8724825	0.28930706	0.56823695	1.1737528	1.5980656	0.99648345	0.99886286	
3.40968	1.0790361	1.0012482	1.9706515	1.1898775	0.39085644	1.3052698	2.263339	1.3765543	1.8165873	1.7082433	2.829986	2.656645	1.3208268	2.7822092	
3.5647528	1.9388543	2.7277024	2.2987337	1.0685779	0.18032622	0.62413216	0.66301215	0.62413216	0.24518333	2.251555	0.62775576	1.2761017	0.0	1.0975875	
3.629795	2.8360043	2.383405	0.7091501	0.63317096	0.0	0.51901007	0.0	0.7641934	0.97545326	0.8729391	0.66368353	0.4864089	0.0	1.1800017	
2.7975154	1.8194816	0.9499744	1.2097417	0.0	0.036324114	0.0	0.0	0.31176975	0.14134686	0.31176975	0.14134686	0.0	1.6042987	1.6921407	
1.6515803	0.5926813	0.5809286	0.30575645	0.0	0.0	0.1078339	0.09381748	0.09421325	0.35296428	0.0	0.0	1.3268969	1.0755315	1.4282304	
0.4458829	0.44056678	0.30575645	0.024866521	0.0	0.1078339	0.7216952	0.3869973	0.35296428	0.0	0.8595128	1.508392	1.2670739	0.4295629	1.3547828	
1.0175133	0.53507566	1.1964507	0.61355907	0.1078339	1.033785	1.20366	0.9834102	0.09421325	1.3136668	1.5465391	0.6227063	0.72416073	0.889257	1.0735996	
1.8436038	0.9957565	0.61999893	0.061792627	1.4915067	1.0016129	1.1645062	0.29278407	1.0506179	1.8144287	1.4656866	0.92748725	1.4193828	1.0877016	1.6026946	
3.0919423	0.84931815	0.76794356	1.4020399	1.2774084	0.8487182	0.7088288	1.4211175	1.8332752	0.35911363	1.2498305	1.4345093	2.0176928	2.9281254	2.574718	
1.9587345	0.37783083	1.5452858	1.1995622	1.374481	0.35601434	1.5575079	2.6968763	1.5272777	2.543853	1.2546668	1.9317048	2.1719596	2.437897	3.914985	
2.3985553	0.6815504	1.6443777	1.3667989	0.9245939	1.9676948	2.0738084	2.4697819	3.53053	2.09548	2.0247936	2.4784558	3.7563188	3.3855658	4.000182	
