0.59760714	3.6016266	0.43669242	1.7570614	0.0	0.27583206	0.0	0.26061958	0.0	0.38506442	0.0	1.2533655	0.0	2.8028693	0.0	
2.1151955	0.0	1.3727114	0.0	0.16351837	0.0	0.0	0.0	0.0	0.0	0.0	0.0	0.3871836	0.0	1.6308358	
0.433846	3.1627364	0.0	0.78146607	0.0	0.0669409	0.0	0.0	0.0	0.0	0.0	0.3730604	0.0	1.2436521	0.21341449	
1.6565588	0.0	0.0	0.0	0.0669409	0.14505404	0.0	0.45080012	0.0	0.0	0.3730604	0.0	0.0	0.0	0.0	
0.27293128	1.2529347	0.0	0.0669409	0.14505404	0.0669409	0.45080012	0.0	0.0	0.3730604	0.0	0.3730604	0.0	0.0	0.0	
0.0	0.0	0.0	0.14505404	0.0	0.59585416	0.0	0.45080012	0.0	0.33729297	0.66620415	0.0	0.0	0.0	0.0	
0.0	0.0	0.0	0.0	0.0	0.0	0.0	0.0	0.33729297	0.66620415	0.0	0.0	0.0	0.0	0.0	
0.29641253	0.0	0.0	0.0	0.0	0.0	0.0	0.33729297	0.66620415	0.33729297	0.66620415	0.0	0.0	0.0	0.35690635	
0.58915466	1.2715583	0.0	0.0	0.0	0.0	0.0	0.0	0.0	0.0	0.0	0.0	0.0	0.40483242	0.0	
2.5736184	0.0	0.3292243	0.0	0.0	0.0	0.0	0.0	0.0	0.0	0.0	0.0	0.0836401	0.0	2.2895179	
0.58915466	3.4790907	0.0	0.98748606	0.0	0.52288526	0.0	0.0	0.0	0.0	0.0	0.04792607	0.0	1.8037431	0.0	
3.21318	0.0	1.3167104	0.0	0.52288526	0.0	0.0	0.0	0.0	0.0	0.0	0.0	0.3249821	0.0	1.3800538	
0.0	4.6667166	0.0	2.6707435	0.0	1.5097022	0.0	0.7231719	0.18495709	0.4036277	0.0	0.0	0.0	1.716202	0.038262367	
2.4198484	0.0	2.1021562	0.0	1.3376971	0.0	1.436333	0.18495709	0.47612017	0.0	0.0	0.0	0.66113037	0.038262367	1.9552772	
0.0	5.5791087	0.13124508	4.011489	0.0029395223	4.217181	0.39651108	2.459056	0.46326804	1.6393218	0.23530096	1.66553	0.038262367	2.7554264	0.29387218	
