6.1912656	2.5610857	2.166491	4.3850527	3.4797142	4.079867	5.3648686	3.0054445	3.3122897	4.1124988	3.8953147	4.5960817	3.1829677	3.404952	3.5045207	2.7607975	2.7322164	3.7738984	4.108367	3.7365313	3.7641473	3.0288343	4.3451405	4.8756704	5.214729	6.007251	5.054967	4.887205	6.107603	5.6367593	6.062148	5.2237005	5.2713914	
4.32671	2.9065917	3.8248284	3.1841533	4.7779064	5.1568356	4.37906	3.914271	2.6809163	1.538203	3.2638645	2.2894568	5.090891	4.6568065	3.8094814	3.0188274	3.0251744	4.772622	4.8475227	4.764517	3.5104501	3.4750571	3.2370107	3.6590753	3.7171252	3.6491995	3.2651496	3.0101542	2.5324483	3.2601175	2.7196138	1.8920894	3.3440242	
4.8875093	3.1644504	4.8030987	4.939296	6.087532	4.028136	4.609278	4.1221704	3.5929341	3.3242264	2.253398	3.980098	4.2849665	1.9709362	2.9255	2.579391	4.878054	4.760824	2.706696	2.5240903	3.5076575	3.8885481	4.782016	5.472372	5.6185513	5.306598	5.4894514	3.5023623	5.5042534	4.444767	3.831698	4.5452414	3.476307	
4.928361	3.4810476	2.6030316	1.5298021	2.1363893	1.5070009	2.611582	2.8742237	4.1582174	3.625908	4.156562	4.428418	3.3228645	3.2222357	1.2307296	2.944892	4.1054564	3.691392	3.1696506	3.5618005	3.6117013	2.8284774	2.9756453	3.1295474	3.5904014	3.5027366	4.46618	4.7525105	3.3391652	3.6205401	3.7136447	4.54317	3.6431117	
6.354621	1.9102302	3.101848	3.1196952	2.912064	1.5930321	3.0727746	2.5807223	3.591858	3.2471385	3.1814637	3.2761586	4.1064224	3.177719	2.7821124	4.6793265	3.9237013	4.4391294	3.8668356	3.3238688	3.5595798	3.9409394	2.955524	2.5676715	3.2385445	4.145107	4.242217	2.5559182	2.8229527	2.2037296	3.0882936	2.295274	2.9949312	
3.4425511	1.8008766	2.605503	2.440284	2.7467785	2.5496802	4.05692	4.1635056	4.9374294	4.3137674	4.013279	4.3902674	4.02791	3.6238878	3.2982209	2.3388038	2.6414962	2.9759912	3.3481388	3.1713576	4.0524597	3.5059674	2.1386888	2.1811795	3.4829783	2.8657956	3.2063885	3.5682359	3.0972195	4.078391	3.579596	2.3210764	2.2533503	
5.018014	1.8988101	2.4390543	1.8485014	2.3847613	2.5666046	3.177753	2.7634027	3.7467594	2.7697947	4.785918	4.4754205	3.9218495	4.4199038	2.7599854	3.5991156	4.6287146	3.7083974	3.1986172	2.8692467	3.805839	2.661887	2.599089	1.3426383	2.0909383	0.6479541	2.758123	3.2324865	2.538832	1.8709834	1.3393698	1.2199783	3.183569	
4.824945	4.4463615	2.68299	2.0710573	3.30297	2.6657867	4.1927724	3.8794494	3.6964006	4.2119513	4.851445	3.9303522	4.529176	2.3966103	2.8142495	3.1993089	2.5299995	2.824431	2.9891422	2.1115866	1.8490975	2.4966857	2.8549707	3.0968044	2.4654837	2.315255	4.2656417	3.1796079	2.9448571	2.6439445	3.9391677	3.2742841	2.7948399	
5.1062756	0.7333102	1.243697	1.4692369	2.0959265	3.6731915	4.4833665	4.116258	4.677849	3.2393966	3.2736144	3.9600549	0.9990377	1.8367026	2.3807445	2.5280726	3.5376465	3.1093237	2.2980459	2.73028	1.9174527	1.054632	2.7322724	2.5820365	3.9357495	3.6806536	1.9696724	2.300436	2.1715543	4.776784	4.404778	2.3080661	2.4382455	
3.9790921	3.1820443	2.8599834	3.518921	4.3844423	5.0130463	4.8190565	4.0258617	3.858425	2.4386148	4.2030463	3.8342772	2.555036	2.528018	2.291601	2.3448834	2.45164	2.7996364	5.008602	2.8380446	2.0419044	3.5971136	3.9720614	4.112399	4.1309705	2.0525405	0.5598974	1.661733	5.2442946	5.619093	5.254554	3.0034876	2.2632582	
4.5464916	4.1064663	3.2012622	4.362442	5.694544	5.092223	6.451708	4.392038	4.5525975	3.3495836	3.3791356	2.1598573	2.706728	4.1100216	3.6922643	3.9005914	3.231648	5.00773	4.181823	2.7874024	3.2112613	2.6238637	2.4641647	5.1045446	3.7402327	1.2541684	1.2721093	3.6026373	5.6506333	5.553317	3.8994482	1.7476795	3.795689	
4.9699545	3.5386708	4.299499	3.9997678	4.5660925	4.417178	3.2525313	3.3197489	4.352261	2.8546865	1.9725771	3.3522034	5.5763383	5.741494	4.673767	2.2551515	2.011868	2.1044621	2.4431763	3.0475326	2.6437392	1.7289459	3.2020626	2.1196878	1.4978243	2.0189931	1.7086508	2.1296372	4.380966	3.3911245	4.227718	4.624017	5.120359	
5.601241	5.3724403	5.0768127	4.0820217	4.9638777	3.755836	4.5417237	4.806699	3.9946375	2.9100707	2.032326	4.2079663	4.539328	5.285137	3.661543	2.2605112	2.03224	1.407519	3.9197083	2.449536	2.3694143	2.4035954	0.8533385	2.8226154	1.7031031	2.6822772	3.0788417	2.293964	2.6661131	3.3610306	3.964779	3.445817	3.8354762	
3.4673307	3.1700401	3.0589151	3.2390685	3.1764293	2.3993485	3.4377763	4.52091	5.4328403	2.995512	2.5365417	2.9628778	4.6627126	4.571666	3.534143	3.1857882	3.9876037	4.415525	2.8619797	1.9480274	3.2437985	2.3736098	3.0140505	3.9979334	4.4454412	4.1112523	3.6953082	3.9700172	2.9126596	3.9186122	3.7606692	4.7814236	3.9403565	
6.375948	3.977192	5.414714	3.958571	4.1467466	2.6715827	5.01213	6.4856777	5.643922	3.7311654	3.1036675	3.7393024	3.951215	2.964485	4.1447535	6.194233	6.1883984	3.8481367	5.0926557	4.67348	3.3568206	5.683894	6.466198	7.3920226	6.8512735	6.5656195	7.0566072	4.9847145	3.1391015	3.4231234	2.9653451	3.4509463	2.534388	
4.3781786	4.704882	5.4259024	4.8904295	3.379071	4.531331	4.672889	5.991514	3.8720999	1.2891449	1.8874056	1.8806975	3.0255857	3.7476788	5.775134	4.204261	3.8821642	4.9732513	3.4705684	4.249238	4.890353	5.9139104	4.48896	5.1868186	5.69922	5.8990793	5.3816934	3.2383385	3.055777	3.0760977	3.1031141	4.487031	4.0309086	
4.274679	4.8163524	4.2489834	4.0644383	2.749415	4.1310396	4.503005	5.800921	5.130144	2.459525	2.8634765	2.296486	3.0494194	3.372416	2.3721678	3.1396217	2.903874	1.5878446	2.851626	4.141221	3.3425646	3.7211962	5.0782905	4.4607344	4.9207315	2.9893222	2.8621867	2.4640222	2.7519674	2.3209307	3.3102746	2.8957973	1.4164865	
6.270256	4.6775837	4.9427814	4.5651226	2.7167492	3.7659082	3.053493	3.2554927	2.2599077	2.7278125	2.4625516	2.2136178	1.5641165	1.0808209	2.7332773	1.6698472	0.48144898	1.1577408	2.664465	0.85415053	1.3590661	3.2483406	3.1959867	2.4597845	3.213821	2.3383193	2.510999	2.526912	1.8727732	4.1916833	2.7912693	3.6589246	3.7544403	
3.0782316	3.7060006	2.65078	2.935032	2.8542233	3.4337337	4.5335073	4.5153646	5.568338	4.6489735	4.762389	3.3184052	2.3457625	5.26738	2.6097686	1.7281364	1.5683644	2.5049653	2.1161032	3.0421631	4.505807	3.356771	4.2611446	3.176765	3.8230338	2.0878901	3.0368443	3.2550144	5.2747574	3.284394	2.7802157	3.5623457	2.487	
4.3527646	3.8163753	2.9535913	2.9840214	1.7011154	2.6108441	2.9387372	3.2267206	3.0496078	2.4025211	1.8244579	2.521431	3.288735	2.8148725	2.3975558	3.1933174	1.784493	1.4644009	2.7274137	3.4003596	1.9779607	2.8875105	4.3390746	3.4601421	3.1718273	3.4170432	3.843603	4.355542	3.4311876	4.2346635	4.4631743	2.4359972	4.506167	
4.374917	2.9835231	3.6410594	3.9207497	2.7871146	3.3965373	3.8830955	3.7040193	2.9707708	2.7624278	4.4431047	2.8230705	2.7919557	2.58325	3.7122936	2.7497234	4.053365	4.621026	4.042698	2.4349608	2.1472661	3.910839	3.5155191	3.1904132	3.3385324	3.1551087	1.7029638	2.6985817	4.200124	5.169928	3.126455	5.877243	2.366967	
3.8371015	4.9176874	4.4143453	4.3522787	2.3614647	3.1470351	3.6706748	3.7131846	3.5221467	3.8434575	2.9431434	1.6631353	2.2177458	2.3023767	1.9902731	3.1664968	3.1049032	2.373016	1.2340974	1.8208623	2.1984503	2.8398392	3.3987596	3.9103336	2.8459673	1.7862625	2.414653	3.518393	2.744513	1.7064803	2.7744713	3.072491	2.2633405	
5.1647863	4.287429	2.5446868	1.5533504	0.47422928	2.202254	2.9240963	3.175874	4.5875177	3.6351943	3.3974428	2.8405752	3.0377398	3.721807	3.953277	3.2813392	2.5984516	2.2057524	0.4904204	1.7712182	2.637307	3.4389837	3.2526374	2.563369	2.8564515	3.5844955	3.0815296	2.5499933	2.3954606	3.4410684	3.0242789	3.2166111	2.016391	
4.20711	2.4954662	3.0723243	4.2821984	3.3244224	3.3217666	4.2553024	5.2898464	3.3907456	2.3366733	2.9693484	4.116618	5.3043337	4.161446	2.2851324	3.4680128	3.107022	2.1431198	1.4779716	2.3939285	2.4388938	2.0390964	1.4196012	3.0816576	3.4008284	2.4644015	3.3822074	2.6442807	3.3640132	2.9266229	3.6463904	3.034762	2.22963	
4.245327	2.8573513	2.8984761	2.1111832	1.6675265	2.6562023	3.6122718	2.4680717	1.5681764	2.574101	3.9320385	5.3379545	4.3831677	3.3609648	2.9350662	4.6684866	2.1699421	2.6602893	3.3457866	5.4158907	6.2691765	5.2864475	5.6040134	3.813187	2.829677	3.5091672	2.1943717	2.027586	3.218943	3.1705372	2.706264	2.5193393	5.7055125	
4.012922	2.6921136	3.4240735	3.912089	2.9877608	3.3271728	2.284587	2.0747616	2.5969253	3.530075	5.2942567	4.327462	3.5813234	3.9091516	4.3322954	4.5972424	3.011842	4.8698196	3.730099	5.2715683	3.9172256	4.9149723	4.3428717	3.4974837	5.123759	1.9129452	1.1394596	1.6010782	1.6171656	1.4455386	2.544336	3.1107469	2.0199304	
6.6089444	2.394969	3.098613	2.5856757	2.6116056	1.6376202	1.8968613	3.308268	3.262831	3.982398	3.7303257	2.3147006	2.3383756	2.3387852	2.6840372	2.3242517	3.358089	3.9683828	4.764929	4.466589	4.7556157	5.5083933	4.8900146	6.0024157	4.7576327	4.9486017	3.5760634	1.5550888	2.5863004	2.385956	3.1234448	3.7265513	2.2982705	
6.0939174	2.879778	3.0821986	2.372322	1.7809057	1.6788318	2.886229	3.9435477	4.159859	3.2807527	2.9930487	2.1578288	2.0191367	3.561466	2.7838116	3.4483857	2.659883	3.708552	1.9337106	1.0964885	2.0944095	1.8224126	3.8826642	4.128772	4.7617607	3.553955	1.4765519	1.4525746	1.7827854	3.0802512	3.0269344	2.3948798	3.1526551	
5.547434	2.6965299	2.635634	3.077999	2.7224789	3.1517649	3.9573984	3.8284948	3.2323635	2.3541384	2.265593	2.0869832	2.955243	1.7731333	2.1754484	2.7111738	1.5859797	2.4424486	1.2070794	2.6269393	3.1754873	3.8003497	4.6404686	3.424837	4.476435	3.5948067	3.3307025	2.535323	2.739603	3.100659	1.603734	2.9159002	3.3949656	
2.7964923	1.5938864	2.1759832	2.2870538	3.0051131	4.029499	3.9223619	3.665966	2.4239023	1.4720004	2.4704702	2.8761048	2.369372	2.696602	2.3130064	1.9296017	1.6986433	1.5137188	1.67766	2.7511563	3.2623274	3.119597	2.2193515	3.5268738	3.0841103	2.2683601	3.906449	3.3944643	4.6031075	4.3019776	4.024615	3.4761238	2.8609352	
3.150193	2.298008	2.3890474	2.5412376	3.953704	4.036344	2.7522607	3.5488684	2.579547	2.9316812	2.6736293	2.2391028	2.1872568	2.374593	1.0353328	2.530706	2.1130652	3.0390067	3.8456964	4.1141396	2.966224	1.882005	2.2498121	1.5489073	1.6018348	3.402642	2.2825594	2.944162	2.07892	1.5078753	2.1941094	1.2350402	1.05247	
1.7276976	2.7153234	2.274161	1.7998958	2.3867228	1.2133546	2.9843655	2.551618	3.0458713	3.1295269	3.0941486	3.0730171	1.949355	1.3966224	2.2657852	2.0478687	2.6267757	3.5275192	3.4955878	2.5026019	1.4540755	1.1203139	0.7418813	1.1752815	2.7256072	2.8539896	2.5110953	3.180327	2.368875	4.5562572	2.199354	1.3453058	1.5577404	
7.748457	2.0528243	2.5557816	2.93578	3.649076	4.193998	3.4675486	3.0139701	3.0272732	1.8320279	2.6818645	3.080209	1.8163964	2.5793452	3.619185	3.2112813	4.7997074	3.614934	3.1919918	1.5115718	2.0720415	2.6520412	3.0139074	3.801492	3.0305505	2.8036628	2.1935885	3.0578594	4.1656637	1.5413128	2.6027837	2.5109684	3.7499118	
