0.0	1.060502	0.0	0.23853058	0.0	0.0	0.0	0.0	0.27776748	0.14855039	0.27776748	0.5321781	0.6911312	0.3836277	0.6911312	0.0	0.0	0.56445366	1.3793447	0.0	0.80594724	0.8765511	0.14125097	0.0	0.2757501	0.2547595	0.43678778	0.728906	1.1483998	0.47022253	0.90742135	1.155539	2.187514	
0.0	0.0	0.5622932	0.0	0.034315705	0.18392038	0.0	0.0	0.0	0.0	0.0	0.27980322	1.6222565	0.4329769	0.0	0.0	0.56445366	1.3793447	0.0	0.6646963	0.8765511	0.0	0.0	0.2757501	0.2547595	0.43678778	0.728906	1.5841811	0.5583369	1.13253	1.1727414	0.57126576	0.9136044	
0.0	0.5622932	0.010411084	0.27284628	1.0960605	0.0	0.0	0.1494081	0.036687613	0.0	0.27980322	1.6222565	1.0517775	0.5348968	0.0	0.56445366	1.3793447	0.6526221	2.044041	0.8765511	0.6646963	0.8765511	0.2757501	0.2547595	0.7125379	0.98366547	2.020969	1.2872429	2.2809298	1.7115738	1.3885113	2.0691433	0.0	
1.0493517	0.010411084	0.3580783	1.0960605	0.034315705	0.67138153	1.0223796	0.30745977	0.0	0.27980322	1.6222565	1.3315806	2.1571534	0.5214164	0.0	0.0	0.08816844	0.0	0.0	0.0	0.0	0.0	0.0	0.0	0.0	0.43578118	0.08811438	0.7510656	0.17392671	0.8865502	0.24290168	0.57126576	1.295296	
0.010411084	0.0	0.92255116	0.0	1.3996012	1.0223796	0.30745977	0.1494081	0.036687613	0.0	0.6188006	0.5348968	0.7072401	0.5348968	0.0	0.08816844	0.0	0.08816844	0.11883956	0.0	0.0	0.0	0.0	0.0	0.0	0.0	0.0	0.06860989	0.0	0.06860989	0.0	0.0	0.0	
0.7255891	0.0017977953	0.0	0.48746115	0.8729715	0.7582333	0.8729715	0.27077216	0.0	0.0	0.0	0.088439524	0.0	0.088439524	0.0	0.0	0.0	0.11883956	0.0	0.0	0.0	0.0	0.0	0.0	0.0	0.0	0.0	0.0	0.0	0.0	0.0	0.0	0.0	
0.0017977953	0.0	0.045560896	0.0	0.0	0.0	0.0	0.0	0.0	0.0	0.0	0.0	0.0	0.0	0.0	0.0	0.11883956	0.0	0.11883956	0.0	0.0	0.0	0.0	0.0	0.0	0.0	0.009548783	0.0	0.0	0.0	0.0	0.0	0.15353668	
1.222055	0.10526657	0.0	0.0	0.0	0.0	0.0	0.0	0.0	0.0	0.07735622	0.0839507	0.0	0.0	0.43447858	0.049711168	0.0	0.0	0.0	0.0	0.0	0.0	0.0	0.0	0.0	0.009548783	0.0	0.0	0.0	0.0	0.0	0.15353668	1.553318	
0.5483925	1.0978882	0.045560896	0.0	0.0	0.0	0.0	0.0	0.0	0.07735622	0.0839507	0.0	0.0	0.43447858	0.049711168	0.0	0.0	0.0	0.0	0.0	0.0	0.0	0.0	0.0	0.009548783	0.0	0.009548783	0.0	0.0	0.0	0.7978075	0.0	0.9262076	
2.3199432	0.05790788	0.0	0.0	0.0	0.1429655	0.0	0.0	0.07735622	0.0839507	0.07735622	0.0839507	0.43447858	0.049711168	0.43447858	0.049711168	0.0	0.0	0.0	0.3253954	0.0	0.0	0.0	0.3184957	0.31139034	0.8655389	1.1277878	0.0	0.12129986	0.64427084	0.0	0.0	0.0	
0.4449237	1.0978882	0.23719859	0.0	0.1429655	0.8147808	0.265696	0.0	0.0	0.25816792	0.0	0.0	0.87818235	0.8094358	0.57707816	1.061485	0.031755686	0.0	0.3253954	0.0	0.0	0.0	0.3184957	0.31139034	0.8655389	1.2201502	0.9782501	0.12129986	0.64427084	0.0	0.64427084	0.0	0.0	
0.0	0.23719859	0.0	0.14310658	1.078778	0.8929183	0.80074066	0.0	0.25816792	0.0	0.0	0.87818235	0.8094358	0.57707816	1.1625023	1.0519333	0.61285573	0.3253954	0.0	0.3253954	0.0	0.3184957	0.31139034	1.1840346	1.5315406	1.843789	1.2490877	0.0	0.12129986	0.0	0.6070979	0.80121833	0.5431331	
0.23719859	0.0076097846	0.23733968	1.078778	0.7499528	1.6155214	0.265696	0.25816792	0.0	0.25816792	0.87818235	0.8094358	1.4552605	1.9719381	1.6290114	1.6743407	1.0005615	0.0	0.0	0.0	0.0	0.0	0.0	0.092362404	0.9782501	0.092362404	0.9782501	0.0	0.0	0.6070979	0.80121833	0.05087483	0.84612924	
0.0076097846	0.08573848	0.40723348	1.5046263	1.0647379	0.4842568	0.80074066	0.0	0.0	0.0	0.0	0.0	0.10101718	1.0201776	0.7138729	1.9889834	0.61285573	0.43038374	0.41574568	0.0	0.0	0.0	0.0	0.0	0.0	0.0	0.06939387	1.065906	0.6070979	0.80121833	0.65797275	1.6517599	0.0	
0.085597396	0.150846	1.0202284	0.8077428	0.43578714	0.0	0.0	0.0	0.0	0.0	0.0	0.0	0.0	0.0	0.96880573	0.0	1.3991895	0.41574568	0.0677945	1.2165849	0.5643156	0.0	0.0	0.0	0.0	0.06939387	1.065906	0.0	0.4764455	0.05087483	0.735337	0.05087483	1.5172825	
0.14323622	1.1058258	0.950979	1.4560156	1.4203227	0.18835157	0.0	0.0	0.0	0.0	0.0	0.0	0.0	0.2576813	0.0	0.43038374	0.41574568	0.49817824	1.6323307	0.73578805	0.0	0.0	0.0	0.0	0.06939387	1.065906	0.06939387	1.5423515	0.0	0.004412234	0.0	0.1657846	1.2343881	
0.0	0.8077428	0.43578714	2.2280655	0.6241387	0.0	0.0	0.0	0.0	0.0	0.0	0.0	0.2576813	0.0	0.71747655	0.0	0.0677945	1.8847022	0.80358255	1.2165849	0.5643156	0.0	0.26839763	0.07047933	0.3181134	1.0336361	1.1084778	0.0	0.4764455	0.0	0.041973114	0.22149664	0.041973114	
0.0	0.0	1.4203227	0.18835157	1.4203227	0.18835157	0.0	0.0	0.0	0.0	0.0	0.33982533	0.0	0.97515786	0.44697744	1.0806963	0.9303025	0.21059	0.0	0.2936154	0.0	0.26839763	0.07047933	0.3181134	1.2888315	1.0565656	1.123285	1.5376658	0.41927522	0.0	0.0	0.0	0.0	
0.0	0.0	0.0	0.0	0.7088923	0.0	0.0	0.0	0.0	0.0	0.08214402	0.037615716	1.5918107	1.4997809	2.2403612	1.0424488	0.06575209	1.401677	0.7362225	0.46187907	0.586972	0.07047933	0.586511	1.3593109	1.3746791	2.1569211	2.1696982	0.41927522	1.2865977	1.1081755	0.0	0.009126246	0.94398683	
0.09024942	0.0	0.0	0.7088923	0.43799824	0.5090403	0.0	0.0	1.2852199	0.69241995	0.037615716	0.9564782	1.4997809	1.897224	0.96538734	1.1464484	0.99574506	0.7753401	1.3096461	1.3835924	1.0926406	0.09139103	0.37060124	0.90234184	1.3784804	1.9621992	1.5425603	2.8242636	1.5274508	0.0	0.009126246	0.94398683	0.8729194	
0.0	0.0	0.7088923	0.43799824	1.2179326	0.85560304	0.0	1.2852199	0.6102759	0.037615716	1.3149333	1.0904193	1.6908617	1.3090281	0.46882284	0.8457061	0.64071405	2.043206	1.8755288	1.5545197	0.4099654	0.11540586	0.47780854	0.22280318	0.8376679	0.40224785	1.2865977	1.1081755	1.2865977	1.1173017	0.94398683	0.8820456	1.4935951	
0.09024942	0.0	0.43799824	0.7342629	1.2936013	0.5090403	1.3925062	0.6102759	1.293356	1.0508751	0.0	0.37433928	0.14407831	0.37433928	0.22684836	0.13505632	0.9846922	0.94287497	1.9404078	1.034266	1.2080464	0.56919956	0.33820903	1.3154764	0.4225844	0.5632891	0.50054723	0.118750036	0.5286347	0.16241121	0.0	0.0	1.4609156	
0.038320363	0.0	0.22522259	0.85560304	0.0	0.9628894	0.0	0.008136094	0.963416	0.78304154	0.44059914	0.0	0.52986497	0.35600865	0.27057117	0.13692516	0.5478044	1.225368	0.6760469	0.0	0.0	0.39769942	0.8376679	0.6453876	1.400957	0.9027951	0.118750036	0.5286347	0.16241121	0.33165652	0.7456005	0.16354614	0.71523416	
0.0	0.22522259	0.0	0.22522259	0.107286334	0.12664604	0.11542243	0.52281684	0.79117763	0.0	0.0	0.5419426	0.35600865	0.27057117	0.21969521	0.68286073	1.3622932	1.1054635	0.7809134	0.0	0.17489624	0.0	0.020336568	0.5632891	0.5208838	0.68203914	1.029182	0.28116125	0.86029124	0.90801173	0.7813326	1.5398207	0.16354614	
0.038320363	0.0	0.0	0.0	0.12664604	0.0	0.8035363	1.0226686	0.52281684	0.78304154	0.5419426	0.2732386	0.6653798	0.2732386	0.6833193	1.225368	1.6532679	2.0062814	0.6760469	0.17489624	0.0	0.17489624	0.0	0.0	0.0	0.0	0.0	0.33165652	0.7548545	0.949443	1.9837801	0.09369969	1.5343828	
0.6600711	0.0	0.0	0.12664604	0.0	0.4073655	0.23962712	0.20262009	0.29776138	0.01207763	0.0	0.01207763	0.0	0.0	0.0	0.4294166	0.7809134	0.4294166	0.7809134	0.0	0.0	0.0	0.0	0.0	0.5815	0.0	0.0	0.009253979	0.61778647	0.82458645	0.71148616	0.9635513	0.22653711	
0.95019156	0.0	0.0	0.0	0.6894119	0.23962712	0.48333955	0.5373885	0.0	0.0	0.0	0.0	0.0054015517	0.0	0.0	0.0	0.0	0.0	0.0	0.0	0.0	0.15746468	0.0	0.5815	0.0	0.0	0.009253979	0.16838467	0.009253979	0.09369969	0.13896483	0.614491	0.13896483	
0.6600711	0.19751209	0.0	0.40869242	0.0	0.21871716	0.29776138	0.4875276	1.1448786	0.6841461	0.0	0.0054015517	0.0	0.0	0.0	0.0	0.27376133	0.43672734	0.0	0.0	0.15746468	0.34104246	0.5815	0.0	0.5815	0.0	0.16838467	0.0	0.33722383	0.0	0.37025112	0.0	0.8573491	
1.1477036	0.0	0.40869242	0.0	0.4247895	0.0	0.28490752	0.84711725	0.6841461	0.41607195	0.7349832	0.6205004	1.115174	0.8233884	0.0	0.28240204	0.48319113	0.14777339	0.0	0.32993007	0.395733	0.15746468	0.6729186	0.0	0.24959004	0.16838467	0.0	0.5056085	0.0	0.37025112	0.0	1.2276002	0.44324344	
0.0	0.19751209	0.0	0.016097069	0.0	0.3010046	0.84711725	0.9690536	1.2631892	1.4137278	0.6205004	1.1097724	0.8233884	0.0	0.28240204	0.6905331	1.1277353	1.118669	0.17246538	0.395733	0.0	1.0139611	0.0	0.24959004	0.0	0.0	0.33722383	0.0	0.33722383	0.0	0.8573491	0.44324344	1.769672	
0.0	0.108222306	0.0	0.0	0.0	0.0	0.0	0.41607195	0.72958165	1.0365723	1.839354	1.4438888	1.1097724	0.8320291	0.25380576	0.86261463	0.7284055	0.46648473	0.05469054	0.17246538	0.72760916	0.1877994	0.92250866	0.0	0.24959004	0.0	0.0	0.0	0.0	0.0	0.0	0.91232294	0.0	
0.191585	0.0	0.0	0.0	0.0	0.0	0.0	0.0	0.0	0.0	0.0	0.0	0.0	0.20734197	0.70620054	0.88928366	0.8524465	0.6819417	0.0	0.0	0.1877994	0.0	0.8962719	0.0	0.0	0.9904426	1.9242156	0.74474937	0.5485566	0.8795504	0.0	0.0	0.64043576	
0.0	0.2603373	0.0	0.0	0.0	0.0	0.0	0.0	0.0	0.0	0.0	0.0	0.046423495	0.0	0.0	0.14624596	0.30391008	0.27458054	0.0	0.1877994	0.0	1.0840713	0.0	0.0	0.9904426	1.9242156	0.7601914	0.5485566	0.8795504	0.4912004	0.38553518	0.9807432	0.0	
