0.7266632	0.071744025	0.005246341	0.0	1.4376986	1.0714369	1.0559249	0.8624826	0.17756325	0.0	0.0	0.037995934	0.6740184	0.0062766075	0.0	0.0	0.0	0.0	0.0	0.0	0.0	0.0	0.40501547	0.0	0.0	0.0	0.0	0.6606738	0.13990474	0.34749	0.20421612	0.0	0.0019666553	
2.0973222	0.005246341	0.071744025	1.442945	1.0714369	1.4119229	0.8624826	0.17756325	0.8624826	0.0	0.031719327	0.6740184	0.0	0.64291376	0.0	0.22536737	0.0	0.0	0.0	0.0	0.0	0.40501547	0.0	0.1552729	0.0	0.0	0.6606738	0.13990474	0.79182243	0.20421612	0.34749	0.20421612	0.08480066	
0.7266632	0.0	1.0817006	1.0714369	2.1376255	1.0714369	1.2334881	0.0	0.17756325	0.031719327	0.031104624	0.031719327	0.031104624	0.0	0.42018634	0.24137145	0.0	0.0	0.0	0.0	0.24974257	0.0	0.24974257	0.0	0.0	0.21634138	0.13990474	0.5214905	0.13990474	0.0	0.0	0.08480066	0.0	
2.0255783	0.0	0.0	0.0	0.0	0.0	0.0	0.0	0.0	0.0	0.0	0.0	0.0	0.42018634	0.24137145	0.22536737	0.0	0.0	0.0	0.0	0.0	0.70790535	0.0	0.0	0.0	0.0	0.30514914	0.0	0.0	0.0	0.08480066	0.30498928	0.08480066	
1.0927846	0.095045924	0.0	0.0	0.0	0.0	0.0	0.0	0.0	0.0	0.0	0.0	0.19481897	0.24137145	0.7565325	0.85049486	0.0	0.0	0.0	0.0	0.70790535	0.0	0.0	0.32168132	0.0045901537	0.30514914	0.0	0.30514914	0.0	0.0	0.30498928	0.0	0.0	
0.095045924	0.0	0.0	0.0	0.0	0.12555945	0.0	0.0	0.154612	0.15617013	0.0	0.0	0.0	0.5617135	1.5686197	0.3969807	0.0	0.0	0.0	0.70790535	0.0	0.70790535	0.32168132	0.34052795	0.0	0.0	0.0	0.0	0.0	0.30498928	0.0	0.30498928	0.0	
1.0927846	0.095045924	0.0	0.0	0.12555945	0.0	0.0	0.154612	0.15617013	0.0	0.0	0.0	0.6186947	1.5686197	0.9586942	0.6091234	0.03827083	0.0	0.0	0.0	0.0	0.32168132	0.34052795	0.32168132	0.0045901537	0.0	0.0	0.0	0.0	0.0	0.0	0.0	0.0	
0.0	0.0	0.0	0.12555945	0.0	0.12555945	0.154612	0.15617013	0.154612	0.15617013	0.0	0.056981206	0.9594963	0.3969807	0.9594963	0.43525153	0.0	0.0	0.0	0.0	0.0	0.3359378	0.0	0.3359378	0.0	0.0	0.0	0.0	0.0	0.0	0.0	0.5657788	1.3194897	
0.0	0.0	0.7126991	0.0	0.0	0.0	0.0	0.0	0.0	0.0	0.056981206	0.0	0.056981206	0.0	0.03827083	0.0	0.03827083	0.0	0.0	0.0	0.0	0.0	0.0	0.38545805	0.0	0.0	0.0	0.0	0.0	0.87860185	2.0048509	3.1031775	0.0	
0.0	0.7126991	1.0599036	0.0	0.0	0.0	0.0	1.6387529	1.6043584	0.0	0.0	0.0	0.0	0.0	0.0	0.64493567	0.28358346	0.14178646	0.0	0.1967628	0.0	0.0	0.38545805	0.0	0.0	0.0	0.0	0.0	0.87860185	2.0048509	2.7032309	0.77613515	0.37711304	
0.7126991	1.0599036	0.7126991	0.13637698	0.0	0.0	1.6387529	3.3982306	1.1100271	0.48775965	0.0	0.0	0.0	0.0	0.64493567	0.28358346	1.51644	1.0561538	0.1967628	0.0	0.0	0.38545805	0.0	0.38545805	0.0	0.0	0.0	0.8889824	1.4390721	3.477612	1.6494285	2.8719027	0.0	
1.0599036	0.23116869	1.1962806	0.20214391	0.0	1.6387529	3.3982306	2.74878	2.092118	0.0	0.0	0.0	0.0	0.64493567	0.28358346	2.1613758	1.3397372	0.33854926	0.0	0.1967628	0.0	0.0	0.0	0.0	0.0	0.0	0.010380566	0.0	0.0	0.21035635	0.668094	0.28647304	0.0	
0.48426533	0.13637698	0.20214391	0.13637698	0.0	1.7938721	1.1100271	2.2816317	1.1100271	0.48775965	0.0	0.0	0.0	0.0	1.3746536	1.0561538	1.3746536	1.0561538	0.0	0.0	0.0	0.0	0.0	0.0	0.0	0.010380566	0.0	0.010380566	0.0	0.668094	0.40626675	0.0	1.0244694	
0.0	0.4333126	0.0	0.20214391	0.0	0.0	2.057584	3.2731187	0.8646589	0.0	0.0	0.0	0.0	0.06714016	0.14367557	0.11788422	0.0	0.0	0.0	0.0	0.0	0.0	0.0	0.0	0.0	0.0	0.0	0.0	0.668094	0.40626675	0.668094	1.100586	0.15983588	
0.25309664	0.0	0.0	0.0	0.0	2.057584	3.5654638	1.3649397	0.8360191	0.0	1.1939554	0.447918	0.06714016	0.6003185	0.11788422	0.0	0.464168	0.52025074	0.7513707	0.8534923	0.0	0.0	0.0	0.0	0.0	0.0	0.4847136	0.0	0.33015007	0.0	0.33015007	0.15983588	0.272698	
0.0	0.0	0.14778358	0.0	2.057584	3.5654638	3.4225237	4.109138	0.8646589	1.373625	0.447918	0.06714016	0.6003185	0.18502438	0.14367557	0.58205223	0.52025074	0.7513707	0.8534923	0.0	0.07177162	0.0	0.0	0.0	0.62087566	0.4847136	0.0	0.0	0.0	0.0	0.0	0.272698	0.8683071	
0.0	0.22164756	0.0	0.06579673	0.292345	0.5002808	1.1283641	0.5002808	2.209644	0.447918	1.1939554	0.9045609	0.0	0.45664293	0.464168	0.52025074	1.2155387	1.373743	0.7513707	0.92526394	0.0	0.069500506	0.0	0.62087566	0.4847136	0.0	0.4847136	0.0	0.0	0.0	0.272698	0.54993147	0.42822182	
0.22164756	0.0	0.21358031	0.0	0.0	0.0	0.0	0.17966962	0.0	0.17966962	0.12789619	0.0	0.11180997	0.4170938	0.0	0.04153526	0.0	0.0	0.6773612	0.2347849	0.14127213	0.0	0.62087566	0.0	0.62087566	0.0	0.0	0.0	0.0	0.0	0.0	0.0	0.0	
0.0	0.13966072	0.0	0.06579673	0.0	0.0	0.0	0.0	0.0	0.12789619	0.0	0.11180997	0.4170938	0.0	0.04153526	0.0	0.0	0.60558957	0.2347849	0.069500506	0.0	0.069500506	0.0	0.0	0.0	0.0	0.0	0.0	0.0	0.0	0.50708705	0.52762717	0.0	
0.0	0.4894653	0.7449892	0.0	0.0	0.0	0.0	0.0	0.12789619	0.40849882	0.23970616	0.4170938	0.11180997	0.45862907	0.0	0.04153526	0.60558957	0.2347849	0.8587835	0.2347849	0.0	0.0	0.0	0.0	0.0	0.5420596	1.2647047	0.41616553	0.38233513	0.50708705	0.52762717	0.0	0.0	
0.4894653	1.0000699	0.0	0.0	0.3158719	0.0	0.0	0.0	0.40849882	0.0	0.0	0.0	0.0	0.0	0.0022261143	0.0	0.0	0.684363	0.69089013	0.114141524	0.0	0.013543844	0.45194238	0.0	0.5420596	1.9920223	0.8294078	0.38233513	0.50708705	0.52762717	0.50708705	0.52762717	0.0	
1.0000699	0.6676898	0.7449892	0.4255913	0.90596646	0.004272282	0.0	0.40849882	0.055684447	0.40849882	0.0	0.0	0.045497894	0.1906994	0.0	0.0	0.684363	1.8577414	1.9494865	0.362624	0.013543844	0.45194238	0.036117435	0.5420596	1.9920223	1.3714674	1.6470399	0.41616553	0.38233513	0.0	0.0	0.0	0.13486338	
0.1782245	0.25508064	0.4255913	0.90596646	0.32014418	0.34914118	0.4255361	0.33081812	0.4350949	0.7749992	0.80804604	0.4880522	0.1906994	0.13038433	0.0022261143	0.4311691	1.8577414	2.127462	1.650887	0.12768537	0.45194238	0.04966128	0.45194238	0.7273175	0.41324228	0.7273175	0.41324228	0.0	0.0	0.39714915	0.43444806	0.0	0.31035846	
0.0	0.2879439	0.90596646	0.11399168	1.2551076	0.42980838	0.33081812	0.6188128	1.1944846	0.8102145	0.4880522	0.18847328	0.17588222	0.18847328	0.0	1.1668513	1.9833558	2.1268482	1.5821512	0.362624	0.036117435	0.0	0.036117435	0.0	0.0	0.0	0.0	0.0	0.39714915	0.5314938	0.0	0.0	0.0	
0.0	0.8162846	0.0	0.34914118	0.4255361	0.62427485	1.044349	1.4139338	1.2453094	1.2175535	0.80804604	0.5729386	0.0	0.13038433	0.0	0.40120465	0.59737295	0.0	0.59737295	0.68772024	0.008794665	0.0	0.0	0.0	0.0	0.0	0.0	0.39714915	0.5314938	0.39714915	0.43444806	0.0	0.0	
0.8162846	0.0	0.0	0.0	0.0	0.1837179	0.7079576	0.18588638	0.36380094	0.0021684766	0.0	0.0	0.0	0.31394583	0.67646265	0.0	0.40120465	0.0	0.79706657	0.008794665	0.0	0.14498329	0.0	0.0	0.0	0.0	0.0	0.09704572	0.0	0.09704572	0.0	0.0	0.9662234	
0.0	0.8162846	0.0	0.15533513	0.0	0.34415668	0.0	0.0	0.0	0.0	0.0	0.0	0.4942702	0.49820554	0.0	0.0	0.0	0.79706657	0.071204245	0.68772024	0.38662845	0.0	0.38233215	0.46163172	0.2117415	0.0	0.0	0.0	0.09234077	0.07163578	0.0	0.0	0.0	
0.0	0.0	0.15533513	0.6647983	0.34415668	0.0	0.34415668	0.0	0.0	0.0	0.0	0.4942702	0.49820554	0.31394583	0.3570701	0.2874139	0.123330295	0.12154287	0.10934633	0.37783378	0.28306442	0.52731544	0.46163172	0.2117415	0.0	0.0	0.0	0.09234077	0.07163578	0.0	0.0	0.11984694	0.0	
0.027732968	0.15533513	0.6647983	0.15533513	0.1994806	0.0	0.0	0.0	0.0	0.0	0.18032438	0.22294754	0.26207227	0.30475962	0.2874139	0.013983965	0.12154287	0.2722829	0.29526007	0.28306442	0.61518264	0.46163172	0.59407365	0.46163172	0.5527313	0.006050408	0.09234077	0.07163578	0.21339923	0.3543632	0.7519296	0.1150772	0.0	
0.17577451	0.720692	0.0	0.8642789	0.0	0.0	0.0	0.0	0.0	0.0	0.0	0.08174789	0.31830132	0.46308827	0.09579605	0.3465472	0.70692587	0.9005944	0.813038	0.0	0.28306442	0.0	0.0	0.34098977	0.006050408	0.0	0.0	0.121058464	0.28272742	0.7519296	0.6555513	1.2527376	0.51227397	
0.08362663	0.0	0.1994806	0.0	0.1994806	0.0	0.0	0.0	0.0	0.0	0.08174789	0.23648924	0.25742227	0.0	0.62309927	1.0467587	1.2291517	0.80225646	0.0	0.0	0.0	0.0	0.34098977	0.12518167	0.34098977	0.006050408	0.25495523	0.28272742	0.7531411	0.93827873	1.7649734	0.62735116	0.0	
0.8658409	0.05589366	0.15849781	0.0	0.0	0.0	0.23873979	0.020039022	0.0	0.24698347	0.59778535	1.2646596	1.0011824	1.6311381	1.7416375	1.2291517	0.9506326	0.8414611	0.52997357	0.0	0.0	0.14852506	1.4469337	0.9715232	0.0	0.21751928	0.36256474	0.19018179	0.5404741	1.1328907	2.2487688	1.2313936	0.82369244	
0.0	0.15849781	0.38296324	0.06597501	0.0	0.23873979	0.22299534	0.0	0.24698347	0.8411342	1.0889852	0.7646932	1.4554638	1.3209785	1.0107899	0.3538167	0.3876906	0.0	0.0	0.0	0.14852506	1.4469337	0.9715232	0.11913127	0.21751928	0.6194458	0.32407856	0.2707507	0.12252754	1.1960206	0.098502874	0.31141847	0.14397705	
