1.0983949	0.19459914	1.9550786	1.0224214	1.7396497	2.327499	3.6914382	2.861466	2.205951	2.919209	2.8371868	1.3783798	1.3431568	0.0	0.8846594	
1.3548757	0.9603377	0.98208237	1.1583589	1.6599971	2.8105698	3.6742826	3.830159	1.9971533	1.8708308	1.5257077	2.0711465	0.83864224	0.45216307	1.1184253	
0.50371677	1.6275148	1.9480674	1.6192682	1.8927916	2.9765399	2.829269	2.933601	2.050931	4.351878	1.7302121	0.9916245	1.0975807	1.2421126	1.5180618	
1.5808547	3.2062516	2.9678633	1.2847105	2.3247175	2.4327443	2.4579124	3.2547545	5.3616543	2.3896222	2.8972166	2.1820002	2.0296402	1.0388917	1.3585846	
3.3605225	3.012861	2.7886353	1.8767858	0.76321733	1.9552319	1.8533742	5.1241875	4.4048405	4.0752144	0.6378855	0.66608894	1.4164953	2.5340617	1.7849412	
1.2782425	1.9972056	1.8858964	0.4991281	0.856027	2.4534252	3.8912268	6.094533	4.4610853	1.298131	1.4955881	1.2615612	2.6124423	1.62692	1.0907385	
0.7538168	0.9622495	2.6129284	2.908715	3.3942327	4.8496633	7.3273687	3.2219532	3.4197793	0.86427677	1.4486785	2.9608061	0.58366096	1.2964795	0.96093297	
0.5711678	2.0373738	2.60915	3.6648352	4.35381	6.6192884	5.1506453	3.8070052	3.2803454	2.5798514	2.0714784	1.0666122	1.3159628	0.45284086	0.92208767	
1.5382457	1.8907859	2.9099498	3.825707	3.4822087	3.4697232	1.8794359	2.3130007	1.6784457	1.8741621	1.9260368	0.34836394	1.0365019	0.7948025	2.1365438	
0.12514687	0.43089664	0.7418114	1.8211172	2.3391845	2.2182229	1.5294662	1.1491405	1.6771929	1.6236173	1.0908768	0.0	1.3733857	1.2303016	1.6601703	
0.6558755	0.30894706	1.0779611	1.3894905	1.6632644	2.0140023	0.6992707	1.6810305	1.7097871	2.2250252	2.1366704	1.680968	1.0335238	0.23553441	1.0240455	
1.1232628	0.59417903	0.41328436	0.8897262	1.2034564	1.1088943	1.1902604	1.4864473	1.977384	2.55634	2.648366	1.507848	2.1964333	0.624565	1.2397587	
1.9115644	0.30894706	1.371351	0.50766146	0.434754	1.0875123	1.1523153	1.21275	2.5156722	2.6941988	3.150228	3.2749104	1.2880921	0.6460581	1.7986827	
1.4379606	0.6603399	0.20421878	0.27808028	0.91394997	1.1256449	0.53124154	0.6986748	0.9423981	1.1450545	2.4424963	1.5317471	1.8393179	1.2493546	0.38246623	
2.6324902	0.0	1.5376843	0.41222617	0.5997896	0.48135796	1.0506895	0.990456	0.708374	1.5605173	0.60607845	1.386585	1.6572545	0.46174696	2.4726095	
