6.914754	1.4506176	2.135234	1.2442737	1.9970043	1.1947832	1.5771071	0.54307854	1.2161114	0.40597546	0.7287101	0.0	1.4412115	1.6905322	6.6536727	
0.41429484	0.31151253	0.0	0.096048415	0.31135213	0.1885593	0.0	0.04115504	0.0	0.0	0.0	0.0	0.0	0.16068274	0.0	
2.27453	0.0	0.40756094	0.31135213	0.2846077	0.31135213	0.22971433	0.0	0.04115504	0.0	0.0	0.0	0.16068274	0.0	1.2390234	
0.0	0.0	0.0	0.0	0.0	0.0	0.0	0.0	0.0	0.0	0.0	0.0	0.0	0.0	0.0	
1.6552248	0.0	0.0	0.0	0.0	0.0	0.0	0.0	0.0	0.0	0.0	0.0	0.0	0.0	0.32668906	
0.0	0.0	0.0	0.0	0.0	0.0	0.0	0.0	0.0	0.0	0.0	0.0	0.0	0.0	0.0	
1.4527136	0.0	0.0	0.0	0.0	0.0	0.0	0.0	0.0	0.0	0.0	0.0	0.0	0.0	0.11735982	
0.0	0.0	0.0	0.0	0.0	0.0	0.0	0.0	0.0	0.0	0.0	0.0	0.0	0.0	0.0	
2.071956	0.026520371	0.04117775	0.0	0.0	0.0	0.0	0.0	0.0	0.0	0.0	0.0	0.0	0.0	1.2491705	
0.026520371	0.04117775	0.0	0.0	0.0	0.0	0.0	0.0	0.0	0.0	0.11802995	0.0	0.0	0.20236874	0.0	
1.9088795	0.60645515	0.09978968	0.20229506	0.0	0.0	0.15921003	0.0	0.070981145	0.12304485	0.0	0.9523118	0.31878704	0.045336843	1.6421223	
0.5799348	0.05861193	0.20229506	0.0	0.0	0.15921003	0.0	0.070981145	0.12304485	0.0	1.0703418	0.1164183	0.045336843	0.57555336	0.0	
1.5273619	1.7766049	0.073171675	0.5346673	0.39570922	0.0	1.011551	0.0050148964	1.2459558	0.9739953	1.2438791	1.8016196	0.96264815	0.32485974	1.5559789	
0.99437505	0.014559746	0.33237225	0.23649919	0.0	0.78135985	0.1380924	1.1749747	0.016668618	1.1274607	0.979044	0.2706765	0.2795229	0.3209995	0.0	
0.9310448	1.3267473	0.87267834	0.33237225	1.1668718	0.1380924	3.0188012	0.016668618	3.5719666	1.5558248	3.1748967	2.13615	0.7483113	1.2884161	2.3503735	
