0.9380068	0.7863461	0.792227	0.8545771	1.242681	1.3629591	1.7368855	1.7606775	2.221798	2.6633375	2.7546277	2.6202817	2.2365453	2.247006	2.4692683	
1.1107957	0.95525205	1.1712086	1.3560662	1.4811769	1.1026859	1.0611143	1.1567116	1.7889898	2.353415	2.2946794	2.0750494	1.5657248	1.6673377	1.9146394	
1.2156365	1.1804328	1.2999235	1.4964911	1.3420525	0.8002771	0.39970085	0.554251	1.0092227	1.5325222	1.4923263	1.3089466	1.1432624	1.1417919	1.5078973	
1.4339697	1.3888984	1.4855316	1.6450413	1.3124142	0.76300967	0.27815104	0.4181952	0.5951345	0.91972595	0.8846674	0.8515224	0.7413287	0.73497	0.9593884	
1.6782163	1.512003	1.2769139	1.0199652	0.7320126	0.38152674	0.1792993	0.15104355	0.15659073	0.32363886	0.3377775	0.3940329	0.457701	0.47174066	0.6571005	
1.658951	1.4631636	0.8838047	0.6113175	0.25488773	0.17041835	0.022103759	0.0	0.0	0.0	0.015025445	0.174917	0.3687568	0.4195862	0.34439367	
2.0828006	1.4637318	0.63181466	0.19119377	0.0	0.010234318	0.010234318	0.010234318	0.0216044	0.052470624	0.24170502	0.5472137	0.73840714	0.6009443	0.35381037	
2.0730588	1.3252777	0.5238034	0.32126027	0.21518125	0.18052797	0.08857212	0.052150935	0.077630505	0.2544858	0.702127	1.1202838	1.3159297	0.9967397	0.76128584	
2.395656	1.5740759	0.83879554	0.6252024	0.413932	0.2691001	0.14072305	0.118411355	0.18460386	0.59831476	1.0713009	1.3538601	1.2441747	1.0267198	0.9049989	
2.023044	1.5231847	1.0371859	0.94177693	0.7097181	0.48909807	0.24684128	0.15916973	0.36605173	0.78298414	1.2231143	1.2796812	1.2735095	1.1752895	1.231146	
1.733984	1.5904994	1.1909914	1.1230955	0.8587363	0.6913101	0.44073588	0.36317632	0.4895177	0.80603385	0.85306334	0.83034956	0.6933284	0.85829914	0.8525127	
1.1346449	1.1579292	0.99196374	1.1446564	1.1882595	1.1478088	0.78717834	0.54856277	0.47954205	0.47664365	0.5551915	0.5081838	0.57070684	0.5478189	0.60040027	
0.95139027	1.0390613	1.1333768	1.5024986	1.6937333	1.6712615	1.2377145	0.87516695	0.441424	0.3644481	0.21450734	0.3087582	0.21775594	0.34702218	0.39892757	
0.74105024	0.897827	1.1828748	1.6304919	1.7970465	1.8913792	1.5514338	1.1151407	0.5933412	0.40786535	0.43655157	0.4812321	0.441053	0.5422867	0.8863833	
0.81212366	1.0338553	1.2949493	1.5118599	1.6168664	1.8793478	1.7830446	1.4323548	0.9355966	0.736304	0.6888236	0.76874435	0.7504887	1.2645307	1.8935027	
