0.49443263	0.031449974	1.3474782	0.0	0.46990573	0.0	0.11704117	0.0	0.11704117	0.0	0.0	0.0	0.0	0.0	0.0	
0.031449974	1.0427709	0.031449974	0.13511562	0.0	0.0	0.20393592	0.0	0.0	0.08754325	0.016414404	0.08543283	0.0	0.0	0.0	
0.7424568	0.0	0.7424568	0.0	0.0	0.9877302	0.92325413	0.42400777	0.2091021	0.81225395	0.9912922	0.3493715	0.37341046	0.0	0.0	
0.0	0.0	0.0	0.0	0.9877302	1.4810226	0.6279437	0.2091021	3.0092297	2.1085064	0.9553949	0.9050418	0.0	0.9799063	0.0	
0.0	0.0	0.0	0.7837943	1.4810226	1.207802	1.4283981	4.7711096	2.065182	1.73482	1.9303067	0.40125477	1.3533168	0.0	0.027613938	
0.0	0.0	0.0	0.55776846	0.0	0.94135374	3.5512624	1.0377638	2.7865849	1.6807077	0.6414923	1.4261048	0.0	1.0075202	0.0	
0.0	0.0	0.0	0.0	0.38358527	1.9896411	0.3916781	1.3542868	0.2129311	0.05188328	0.3784731	0.10343683	0.027613938	0.0	0.54821986	
0.0	0.0	0.0	0.0	0.6353543	0.69108486	0.37868798	0.09228647	0.0	0.17363483	0.051553547	0.0	0.0	0.5206059	0.116012156	
0.0	0.0	0.0	0.6353543	0.69108486	1.0140423	0.29860836	0.0	0.17363483	0.051553547	0.17363483	0.051553547	0.5206059	0.116012156	0.85487175	
0.0	0.0	0.0	0.69108486	0.37868798	0.9896932	0.43570137	0.09228647	0.0	0.0	0.79152095	0.8260007	0.5428938	0.0	0.116012156	
0.0	0.0	0.0	0.0	0.2063219	0.057013392	0.6532324	0.0	0.0983507	0.9396109	1.2815531	0.42688167	0.53520536	0.26421207	0.2390905	
0.100596905	0.0	0.032901168	0.17539698	0.15808046	0.4469105	0.37036717	0.20065391	0.9396109	2.3899226	1.5879097	1.4768274	1.3857875	0.6747322	0.0	
0.7151921	0.5414897	0.19753325	0.101067066	0.4469105	0.31335378	0.6475644	0.41338122	1.6622727	0.517597	1.9176354	1.3990726	1.4337993	0.26421207	0.0	
0.6420866	0.19753325	0.13396823	0.17539698	0.41442084	0.10230321	0.57864505	1.2106726	0.36950707	2.0352468	1.5043676	1.0142152	0.6946937	0.6747322	0.49945545	
2.326088	0.50858855	0.022136271	0.025205672	0.0	0.26529127	0.0	0.26529127	0.8112563	0.44016677	1.0351181	0.44016677	0.22386175	0.0	1.0865842	
