0.37622637	0.14818966	0.37622637	0.0	0.0	0.0	0.0	0.3609017	0.26063758	0.71679324	0.77623737	0.9200485	0.9685403	1.8595272	0.43329942	
0.045130134	0.041736484	0.0	0.0	0.0	0.0	0.0	0.0	0.0	0.022946894	0.06847793	0.2442202	0.46803552	0.3999586	0.0	
0.041736484	0.0	0.0	0.0	0.0	0.0	0.0	0.0	0.0	0.0	0.0	0.3995576	0.0	0.3995576	0.10650474	
0.045130134	0.041736484	0.0	0.0	0.0	0.0	0.0	0.0	0.0	0.0	0.0	0.0	0.0	0.10650474	0.15548986	
0.0	0.0	0.0	0.0	0.0	0.0	0.0	0.0	0.0	0.0	0.0	0.0	0.10650474	0.15548986	0.10650474	
0.0	0.0	0.0	0.0	0.0	0.0	0.0	0.0	0.0	0.0	0.39825034	0.0	0.15548986	0.0	0.15548986	
0.0	0.0	0.0	0.0	0.0	0.0	0.0	0.0	0.0	0.39825034	0.0	0.0	0.0	0.0	0.0	
0.0	0.0	0.0	0.0	0.0	0.0	0.0	0.0	0.39825034	0.0	0.39825034	0.0	0.0	0.0	0.0	
0.0	0.0	0.0	0.0	0.0	0.0	0.0	0.0	0.0	0.0	0.0	0.0	0.0	0.14134139	0.0	
0.0	0.0	0.0	0.04401213	0.0	0.0	0.0	0.0	0.0	0.0	0.0	0.0	0.14134139	0.0	0.0	
0.0	0.0	0.04401213	0.0	0.0	0.0	0.0	0.0	0.0	0.0	0.0	0.14134139	0.0	0.14134139	0.0	
0.0	0.04401213	0.0	0.04401213	0.0	0.0	0.0	0.0	0.0	0.0	0.0	0.0	0.0	0.0	0.0	
0.0	0.0	0.0	0.0	0.1777249	0.10183537	0.0	0.0	0.0	0.0	0.0	0.0	0.0	0.0	0.0	
0.0	0.0	0.0	0.24076754	0.17481893	0.0	0.19465065	0.057840586	0.09449917	0.0	0.0	0.0	0.0	0.0	0.0	
0.0	0.0	0.24076754	0.96723753	0.9373402	0.6565037	0.16819394	0.2415564	0.0	0.0	0.23315251	0.010963798	0.0	0.0	0.0	
