1.2073894	1.2673045	1.1091847	1.42753	1.937037	2.7086883	3.205697	2.9946227	2.6915426	2.3764968	2.3074527	1.7594304	1.0817949	0.725911	0.64183307	
0.93617076	1.1805186	1.2741921	1.5530795	1.9118994	2.6224484	3.1038694	2.897139	2.7801309	2.3876734	2.1862416	1.5348486	1.0460896	0.9438669	0.95436156	
1.2903789	1.681285	1.7504951	1.7597618	2.0177443	2.5620916	3.0222037	3.1544132	3.1156206	2.6861339	2.2233598	1.7070856	1.3270891	1.1882336	1.2898717	
1.860994	2.332921	2.2591064	1.940673	1.9028896	2.1650887	2.8686237	3.3633916	3.7718534	3.0999393	2.213527	1.516527	1.4664996	1.5578189	1.6979971	
2.1910748	2.4531481	2.1688154	1.694109	1.6051097	2.109764	3.27971	4.100396	4.051558	3.0023596	1.8781452	1.6887686	1.7075669	1.7214129	1.8028371	
1.7510524	2.0724845	2.0604897	1.9539516	2.1729362	3.0381963	4.085663	4.422039	3.6626668	2.4561644	1.6342478	1.4536897	1.6620574	1.5451858	1.6113243	
1.1365823	1.6342257	2.1308315	2.5316358	3.2887917	4.321743	4.823901	4.5171046	3.2252178	2.324357	1.671887	1.6463101	1.4641429	1.2068962	1.1686429	
0.8887578	1.7650741	2.6024103	3.306837	4.0631313	4.5029306	4.2931204	3.56422	2.5598688	2.127006	1.6822518	1.4175668	1.0951146	1.0555348	1.0588343	
0.73262405	1.4282808	2.2146251	2.8608637	3.5326774	3.4491096	3.1262143	2.4960752	2.2203066	1.9780006	1.3978888	1.1365798	0.8465302	1.2136219	1.2682929	
0.6035899	1.0755134	1.5996295	2.138966	2.4692132	2.1438644	1.8836992	1.5907521	1.7701557	1.7713125	1.4339689	1.1807029	0.8592646	1.1694233	1.2239864	
0.53152806	0.6079294	0.85193485	1.282144	1.6274843	1.5517802	1.4529706	1.4555533	1.7873293	1.9605844	1.7188568	1.5186746	1.0980622	1.1797464	1.0818154	
0.9338411	0.8628191	0.7623942	0.99454993	1.1443069	1.1726367	1.2924981	1.5138797	2.006515	2.401519	2.4305062	2.1018934	1.3875481	1.1207438	0.93797183	
1.1639965	0.89167863	0.5808653	0.69072026	0.83885336	0.9720033	1.0659713	1.3007936	1.6921022	2.2302375	2.32791	2.2088265	1.5731473	1.2516365	0.9660309	
1.3264115	1.118284	0.5867232	0.695524	0.6489974	0.819695	0.9256269	1.0891746	1.385344	1.7516688	1.9768684	1.9085234	1.4816741	1.3106203	1.0770056	
1.3628097	1.0582424	0.5081301	0.5329037	0.45088398	0.5506603	0.5624285	0.57056874	0.72539073	0.897879	1.0560186	1.1132277	0.9643854	0.9572399	0.77020967	
