7.7736907	7.5016985	6.3912773	5.3517904	4.675128	4.3826113	4.5927715	4.4942274	4.789357	5.049126	5.4426775	5.7868223	6.1038437	6.359064	6.7692604	
5.926508	5.580692	4.8188066	4.3355417	4.0127926	3.6093488	3.5674205	3.6347675	4.070558	4.620778	5.0709887	5.442822	5.5838714	5.763234	6.157573	
3.7792134	3.7034636	3.555993	3.6993775	3.8099616	3.5389462	3.4474435	3.3140392	3.9372215	4.8089275	5.819615	6.0919375	5.72803	5.6308365	5.625764	
3.1241121	3.0185988	3.128964	4.0052023	4.8076115	4.9858484	4.442768	4.061534	4.722199	6.188816	7.4196906	7.1976595	6.1613183	5.754817	5.4170866	
3.0871296	2.905247	3.6426027	5.635091	7.4529123	7.5218277	6.5898056	5.785991	6.905827	8.578838	9.521613	8.551344	6.592397	5.8189936	5.21829	
3.57537	3.3346138	4.520709	7.499588	9.305796	8.839979	7.1958494	6.4130273	7.5924134	8.901797	8.941412	7.5717063	5.5021057	4.8887186	4.480205	
3.9456897	3.8708923	5.321306	7.9218845	8.952073	7.5449553	6.1078978	5.6026583	6.697563	7.293537	6.947391	5.8264313	4.2397165	3.8267882	4.0673547	
4.165079	4.2471266	5.298123	6.918197	6.6483936	5.065976	3.807259	3.6622307	4.4571495	4.678685	4.482052	3.8720827	3.1480205	3.1419568	3.7621808	
3.8826408	3.8862267	4.268057	4.784092	4.0907073	2.8908284	2.3162916	2.6443806	3.4438396	3.7273226	3.8385954	3.333519	3.055605	2.8881485	3.6330292	
3.9149106	3.7728777	3.6137793	3.957634	3.4214954	2.955244	2.5538516	2.8292055	3.421958	3.7585597	3.9019098	3.4274008	3.0771089	2.8215442	3.2497256	
3.8487687	3.5222015	3.1680236	3.4335701	3.3256516	3.3122234	3.266861	3.4217622	3.9417787	4.323617	4.3171434	3.7293212	3.0549045	2.7719088	2.7598515	
4.074886	3.7773464	3.5012238	3.9514577	4.1034794	4.1023407	3.8477798	3.7962964	4.274705	4.66545	4.5523863	3.910172	3.3377438	3.186599	3.169715	
4.4318237	4.1150174	3.9805253	4.390895	4.6426277	4.558261	4.306405	4.266601	4.755918	5.2506433	5.0435495	4.4300156	3.6732838	3.5732327	3.5471625	
5.380331	5.2269754	5.0417423	5.5299883	5.6197586	5.3886147	4.812245	4.666854	5.112648	5.6581364	5.496971	4.987444	4.3728223	4.2722387	4.5420837	
6.7631264	6.542164	6.441114	6.670098	6.5242863	6.059882	5.4729843	5.3712063	5.8163776	6.3090982	6.213416	5.73283	5.0430865	5.057643	5.6105914	
