0.0	1.8831599	0.10191879	2.5568328	0.3902074	0.7272763	0.40974486	1.50768	0.26855654	1.4094156	0.6430757	2.0776565	0.6134633	1.9195517	1.8938107	
0.052466244	0.0	1.0460175	1.7554168	1.0803012	0.4358402	0.48315835	0.0	0.21538499	0.0	0.61208016	0.4648828	1.8081367	1.8938107	4.1049867	
0.0	0.97585595	1.7554168	1.6451069	0.72412884	0.85047853	0.33528307	0.5374595	0.0	0.5948782	0.4648828	1.5849743	1.8137345	3.9359224	3.6764166	
0.4248107	1.4671282	0.9660778	1.5676852	0.56227744	0.10055712	0.008203298	0.0	0.008203298	0.30040047	0.7382407	0.30040047	2.5027597	2.0271645	3.175922	
0.0	0.031455904	0.0	0.031455904	0.0	0.0	0.0	0.0	0.0	0.0	0.0	0.0	0.0	1.411403	0.002031058	
0.0	0.0	0.0	0.0	0.0	0.0	0.0	0.0	0.0	0.0	0.0	0.0	0.0	0.002031058	0.655217	
0.0	0.0	0.0	0.0	0.0	0.0	0.0	0.0	0.0	0.0	0.0	0.0	0.002031058	0.655217	0.8526573	
0.22172692	0.0	0.0	0.0	0.0	0.0	0.0	0.0	0.0	0.0	0.530591	0.0	0.3394797	0.85062623	0.7384786	
0.0	0.0	0.0	0.0	0.0	0.0	0.0	0.0	0.0	0.530591	0.23736516	0.0	0.0	0.0	0.0	
0.48903632	0.0	0.0	0.0	0.0	0.0	0.0	0.0	0.530591	0.23736516	0.530591	0.0	0.0	0.0	1.8176779	
0.0	0.0	0.0	0.0	0.0	0.0	0.0	0.0	0.23736516	0.0	0.23736516	0.0	0.0	0.028537422	0.013636798	
1.8444552	0.0	1.0955986	0.0	0.8582808	0.119526476	0.988253	0.491644	0.0022233129	0.0	0.4118285	0.0	1.1690278	0.0	1.4363526	
0.0	1.0955986	0.0	0.8582808	0.119526476	0.988253	0.491644	0.0022233129	0.0	0.4118285	0.0	1.1404904	0.0	0.419499	0.048539788	
2.6727443	0.0	2.3152285	0.50766754	3.0244765	0.73226285	0.9904763	0.6793151	0.4140518	0.41519096	2.104464	0.0	2.0310595	0.048539788	3.074488	
0.0	0.36134902	0.38814107	1.1779428	0.12109241	0.0	0.1876711	0.10272667	0.41519096	0.68771434	0.0	0.47107008	0.0	0.0	1.3330282	
