0.053482294	0.0	0.16261768	0.0	0.34887815	0.0	0.18626046	0.0	0.0	0.0	0.014548302	0.0	0.014548302	0.35909557	0.0	
0.62681746	0.0	0.0	0.0	0.0	0.0	0.0	0.0	0.0	0.0	0.0	0.0	0.35909557	0.0	0.48021114	
0.0	0.0	0.0	0.0	0.0	0.0	0.0	0.0	0.0	0.0	0.0	0.0	0.0	0.0	0.0	
0.0	0.0	0.11967385	0.0	0.2176609	0.0	0.39359403	0.0	0.37693083	0.0	0.0	0.0	0.18413734	0.0	0.22048962	
0.0	0.11967385	0.0	0.2176609	0.04099059	0.49398208	0.16563141	0.39816833	0.5294888	0.0	0.0	0.22248101	0.29387248	0.6811373	0.22471392	
0.11967385	0.0	0.33733475	0.04099059	0.711643	0.16563141	0.79176235	0.5294888	0.54087484	0.0	0.36838055	0.2966612	1.4551004	0.48900712	0.6033548	
0.0	0.0	0.04099059	1.001361	1.2707926	0.88043225	1.3421305	0.2278173	1.4663451	0.1842432	1.0223272	1.3328782	1.7135868	1.2396477	0.5235933	
0.0	0.0	0.90097296	1.0641706	0.7588067	0.6470103	0.2065798	0.93685627	0.30984354	0.72845477	0.9797864	1.1977892	1.3688258	0.5631726	0.3828652	
0.0	0.90097296	1.0641706	1.6597797	1.7111809	0.8014425	2.0150738	0.0426358	2.2720866	0.24406111	1.7623614	0.64019597	1.2996068	0.39613485	0.5928322	
0.0	0.0	0.0	0.0	0.0	0.43120718	0.0	0.6095644	0.0	0.105988145	0.0	0.0700202	0.0	0.29395282	0.0	
0.0	0.0	0.0	0.0	0.43120718	0.0	1.0910925	0.0	0.71555257	0.0	0.17600834	0.0	0.36397302	0.0	0.6494267	
0.0	0.0	0.0	0.0	0.0	0.050320864	0.0	0.0	0.0	0.0	0.0	0.0	0.0	0.0	0.0	
0.0	0.0	0.0	0.0	0.050320864	0.0	0.050320864	0.0	0.0	0.0	0.0	0.0	0.0	0.0	0.0	
0.0	0.0	0.0	0.0	0.0	0.0	0.0	0.0	0.0	0.0	0.0	0.0	0.0	0.0	0.0	
0.0	0.0	0.0	0.0	0.0	0.0	0.0	0.0	0.0	0.0	0.0	0.0	0.0	0.0	0.122187614	
