3.1197383	1.2668746	0.3575878	1.0968843	1.3043022	1.6046876	1.7261107	2.274629	3.418973	3.9177313	2.8757095	3.7269201	2.6165867	3.6667686	5.147189	
1.5723299	0.47073227	0.007777512	0.52433074	0.26674265	0.535845	0.7328103	1.2248383	1.9890726	1.8840148	2.2459512	1.6234946	2.2685997	2.0773182	2.540298	
1.2732335	0.5595505	0.1251849	0.0	0.1251849	0.0	0.085713625	0.86799675	0.085713625	1.6468422	0.0	1.3613766	0.15359485	0.8850024	0.77688783	
0.39887846	0.0	0.0	0.0	0.0	0.0	0.0	0.0	0.0	0.0	0.0	0.0	0.0	0.0	0.0	
1.0702922	0.0	0.0	0.0	0.0	0.0	0.0	0.0	0.0	0.0	0.0	0.0	0.0	0.0	0.0	
1.6593981	0.17955643	0.0	0.0	0.0	0.0	0.0	0.0	0.0	0.0	0.0	0.0	0.0	0.0	0.12604237	
2.4640012	0.32812327	0.0	0.0	0.0	0.0	0.0	0.0	0.0	0.0	0.0	0.0	0.0	0.12604237	0.9528046	
2.9441264	0.3751762	0.0	0.0	0.0	0.0	0.0	0.0	0.0	0.0	0.0	0.0	0.12604237	0.5616805	0.9313684	
3.1015291	0.88877946	0.36633134	0.0	0.0	0.0	0.0	0.0	0.0	0.0	0.0	0.0	0.61574113	0.16042006	1.5205603	
3.3532617	1.2467506	0.47569644	0.0	0.0	0.0	0.0	0.0	0.0	0.0	0.0	0.054060668	0.020293713	0.0	1.1323417	
3.5808332	1.3492022	0.6880862	0.0	0.0	0.0	0.0	0.0	0.0	0.0	0.054060668	0.0	0.054060668	0.35410076	0.9666913	
3.923546	1.1824481	0.9730059	0.0	0.0	0.0	0.0	0.0	0.0	0.0	0.0	0.0	0.29731816	0.49221927	0.81458515	
3.4122412	1.5455451	1.2183548	0.30969065	0.0	0.0	0.0	0.09634012	0.12207508	0.0	0.0	0.0	0.12395704	0.17396396	1.3961043	
3.3015013	1.3729386	1.6581901	0.21954447	0.0	0.0	0.09634012	0.3268348	0.38410634	0.18565524	0.0	0.0	0.0	0.8684592	2.0779629	
5.0762157	3.1746194	2.7117205	0.9640546	0.015493035	0.34203404	0.57648546	1.159812	0.8989379	0.8177497	0.8066415	0.12533796	0.1530301	1.3534098	2.0166044	
