4.6658163	4.5523877	4.5231915	3.777001	4.6185884	4.3357925	4.2979474	4.339493	4.0565853	3.8450036	3.5668442	3.1458988	3.3713975	4.0107694	5.327278	
4.99328	3.9438639	3.6802073	3.9414253	3.4298093	2.9407973	3.0269122	3.509869	3.6488104	2.0359077	1.5742633	1.5566224	2.8704538	4.170206	3.8634355	
4.8410144	3.35627	3.407411	2.620481	2.0557194	1.4032235	2.2426815	2.4961352	2.239097	1.4255941	1.1402466	1.8133599	2.6892018	1.7235105	3.7973363	
3.5500443	2.5061154	2.1569262	0.5170634	0.9770738	0.66851246	1.2660004	0.8071027	1.1536992	0.355605	0.8529084	0.7807193	0.9105601	0.7807193	1.6888981	
2.7786505	2.0820584	0.8918402	0.37097692	0.0	0.0	0.0	0.0	0.0	0.0	0.0	0.0	0.0	0.0	0.5124117	
1.3139176	0.44464108	0.6861459	0.0	0.30918372	0.85368764	0.1219742	0.0	0.0	0.0	0.0	0.0	0.0	0.0	0.16184115	
0.45641664	0.0	0.0	0.7994899	1.8538071	0.36297032	0.0	0.0	0.064371444	0.09039043	0.0	0.0	0.36923867	0.16184115	0.30145895	
1.1386504	0.60186434	0.7994899	1.9761665	0.67215407	0.85368764	0.1219742	0.18131523	0.09039043	0.27364704	0.25116462	0.41022623	0.10371135	0.34970725	0.19717303	
2.768186	1.4312916	1.4738035	0.7313023	1.0001194	0.24099612	0.18131523	0.09039043	0.33801848	0.34155506	0.5150868	0.10371135	0.7189459	0.7785448	1.5126183	
3.8911238	1.7225182	0.16145681	0.19955805	0.037456073	0.12672952	0.0	0.39059082	0.25116462	0.4194952	0.6316222	0.51824677	1.151537	2.5106905	4.220869	
4.097074	1.5790687	1.1234457	0.25408798	0.25543153	0.62675726	0.26294982	0.5953833	0.6468985	1.6148576	1.3362057	1.1452894	2.235566	3.1011348	4.0887747	
3.7242374	2.0729415	1.3925533	1.163162	1.8963975	1.0515691	0.91286343	1.3684809	2.5391057	2.2841458	2.0615609	1.7375267	2.1175075	2.6062844	3.8475757	
4.337533	2.8110988	2.8929338	3.1470652	1.9442675	2.493504	3.0186071	3.691525	3.651937	3.2933908	2.3170435	1.2517025	1.6926986	2.0888596	3.518094	
5.3072376	3.9972122	4.7690816	3.6197736	3.4031906	3.6960683	3.418974	3.91878	3.2760158	2.4715686	2.424432	1.3663882	2.2936687	2.9090512	4.053016	
6.459525	4.704214	3.7891903	3.693034	3.6379292	3.8603923	4.3448086	3.0157003	2.6684506	2.0545158	2.4107113	1.9587905	3.0146842	3.4063768	4.1720285	
