0.44346604	1.0583799	1.047141	0.23408166	1.4413536	1.4702663	0.47310957	0.0	0.0	0.007080607	0.39744237	0.28877264	0.13447651	0.3632478	0.13447651	0.3632478	0.0	0.08344824	0.2558434	0.17720708	0.13104266	0.2358655	0.4601144	0.64814705	0.059801757	0.12122064	0.25286365	0.51756924	0.25747347	1.0119386	1.2322923	1.3641391	2.3952994	
0.90404	0.45108315	0.98378175	1.4654125	1.550008	1.5469065	0.62406737	0.0	0.007080607	0.39744237	0.29585326	0.39744237	0.0	0.0	0.0	0.0	0.0	0.12480075	0.093758844	0.12480075	0.32962435	0.44534403	0.8840126	0.23549163	0.22376832	0.19690418	0.3963486	0.19372895	1.2193639	0.8570786	1.5096205	1.5976701	0.8205196	
0.26930022	0.0	0.0	0.846199	0.5308663	0.846199	0.47310957	0.3675822	0.0	0.28877264	0.0	0.28877264	0.0	0.0	0.0	0.0	0.0	0.0	0.07079678	0.024340503	0.2548838	0.42437872	0.29673997	0.42437872	0.041856177	0.0	0.0	0.39206964	0.8570786	1.4707446	2.4724479	1.8063072	1.2151741	
0.0	0.0	0.0	0.057756744	0.0	0.057756744	0.3675822	0.38037786	0.0	0.0	0.0	0.0	0.0	0.0	0.0	0.0	0.0	0.07079678	0.26219174	0.1068993	0.0	0.0	0.0	0.0	0.0	0.0	0.0	0.054483823	0.31912783	0.7711289	1.2379869	0.906428	0.8697944	
0.0	0.0	0.0	0.0	0.0	0.3675822	0.38037786	0.3675822	0.0	0.0	0.0	0.0	0.0	0.0	0.0	0.0	0.07079678	0.26219174	0.17769608	0.024340503	0.17217371	0.4348236	0.0	0.0	0.0	0.0	0.0	0.0	0.07218314	0.22624043	0.24767822	0.22624043	0.02485346	
0.0	0.0	0.0	0.0	0.0	0.38037786	0.0	0.38037786	0.0	0.0	0.0	0.0	0.0	0.0	0.0	0.0	0.23785123	0.1068993	0.25667167	0.279073	0.4348236	0.21417955	0.0	0.0	0.0	0.079144605	0.0	0.076416574	0.0	0.17549509	0.2099919	0.0	0.596121	
0.0	0.0	0.0	0.0	0.0	0.0	0.0	0.0	0.0	0.03164614	0.0	0.0	0.0	0.0	0.043684192	0.0	0.0	0.018820435	0.17217371	0.4348236	0.38635325	0.4348236	0.0	0.0	0.079144605	0.06211794	0.076416574	0.0	0.17549509	0.2099919	0.17549509	0.0	0.84234256	
0.0	0.0	0.0	0.0	0.0	0.0	0.0	0.0	0.03164614	0.21313274	0.0	0.0	0.0	0.043684192	0.7751664	0.3549013	0.018820435	0.0	0.018820435	0.21417955	0.0	0.21417955	0.0	0.079144605	0.06211794	0.15556118	0.0	0.076416574	0.2123331	0.05182036	0.2099919	0.089042954	0.50936747	
0.0	0.0	0.0	0.113206334	0.0	0.0	0.0	0.03164614	0.27908897	0.06423165	0.0	0.0	0.043684192	0.7751664	0.4703683	0.0	0.0	0.0	0.0	0.0	0.0	0.0	0.0	0.06211794	0.0	0.06211794	0.0	0.002341196	0.3797966	0.6538552	0.6993461	0.0	0.17825414	
0.718875	0.0	0.3544654	0.6587734	0.0	0.0	0.0	0.27908897	0.03258551	0.27395397	0.0	0.0	1.0740081	1.0505996	1.3899488	0.3549013	0.0	0.0	0.0	0.0	0.14728206	0.0	0.0	0.0	0.0	0.25886285	0.41022116	0.3797966	0.6561964	0.6621235	0.46887055	0.0	0.039327346	
0.7501667	0.3544654	0.6587734	0.113206334	0.0	0.036010705	0.08696538	0.03258551	0.12677747	0.03258551	0.0	0.29884169	1.4054835	1.4504613	1.0104977	0.0	0.0	0.0	0.0	0.14728206	0.0	0.0	0.2117118	0.0	0.25886285	0.40787998	0.32797623	0.6538552	0.9382794	1.2712419	1.1409905	0.039327346	0.0	
0.960134	0.6587734	0.24125907	0.6587734	0.036010705	0.30134922	0.4803761	1.0020902	0.16777971	0.44923666	0.34212708	1.3337007	1.749303	1.656184	1.344418	0.6393355	0.05438941	0.0	0.14728206	0.0	0.14728206	0.2117118	0.0	0.25886285	0.40787998	0.25886285	0.40787998	0.0	0.6173867	0.5306874	0.77658683	0.0	0.0	
0.7501667	0.0	0.0	0.036010705	0.30134922	0.58359754	1.3801692	1.6916608	1.866643	0.34489	0.8050943	0.89509577	1.7420536	1.5653144	1.6296673	0.7842109	0.6687919	0.0	0.08447752	0.098431565	0.2117118	0.0	0.2117118	0.0	0.0	0.0	0.0	0.14851615	0.5306874	0.45623243	0.5306874	0.0	0.15306358	
0.0	0.0	0.0	0.28034008	0.54758686	1.6395	2.5986948	3.8211317	1.1961317	0.48372465	0.10270235	0.093553625	0.9286738	0.9684998	1.5138465	1.3081274	0.068186775	0.32006243	0.8785243	0.5302781	0.41724107	0.03710542	0.0	0.0	0.115850024	0.0	0.0	0.0	0.30771628	0.0	0.30771628	0.15306358	1.3833933	
0.0	0.0	0.0	0.08304208	0.417891	2.0177498	3.8782823	3.254461	1.5735368	0.36102155	0.09530922	0.25845516	0.23561063	0.7298215	0.72040874	0.74361885	0.98885435	0.8785243	0.61475563	0.7973844	0.03710542	0.0	0.0	0.21808921	0.0	0.0	0.0	0.0	0.0	0.0	0.017033175	0.6816747	1.1629322	
0.0	0.0	0.015831307	0.0	0.42665794	2.006331	3.5459368	2.5547447	0.8736029	0.0	0.19903821	0.18399379	0.19903821	0.18399379	0.013797365	0.23558491	0.79389006	0.765863	1.4790455	0.7522378	0.41724107	0.03710542	0.21808921	0.13302967	0.115850024	0.0	0.0	0.0	0.0	0.0	0.0	0.0	0.25375447	
0.0	0.015831307	0.0	0.015831307	0.99311113	2.4358168	3.0375395	2.2070932	1.0119586	0.81677306	0.2926028	0.0	0.0	0.12451724	0.0	0.0	0.0	0.28171173	0.1848543	0.28171173	0.0	0.102239184	0.13302967	0.102239184	0.0	0.0	0.0	0.0	0.0	0.0	0.0	0.0	0.0	
0.0	0.058499716	0.0	0.024167083	1.6903033	2.0927625	3.1518834	2.5534837	1.0069139	0.2926028	0.0	0.0	0.12451724	0.0	0.0	0.0	0.10529401	0.48269865	0.0	0.1848543	0.0	0.13302967	0.0	0.13302967	0.0	0.0	0.06777305	0.17603397	0.0	0.0	0.0	0.0	0.0	
0.058499716	0.0	0.0	0.0	0.52707016	1.2714392	1.5390288	2.0882123	1.3045614	0.81677306	0.2926028	0.12451724	0.0	0.12451724	0.0	0.16315301	0.29784435	0.33904746	0.3233631	0.0106185675	0.0	0.0	0.0	0.0	0.0	0.06777305	0.17603397	0.0	0.0	0.0	0.0	0.0	0.0	
0.0	0.058499716	0.0	0.0	0.0	0.0	0.0	0.0	0.0	0.0	0.0	0.0	0.0	0.0	0.16315301	0.29784435	0.44434148	0.6212075	0.0106185675	0.26496872	0.66778165	0.0	0.0	0.0	0.06777305	0.17603397	0.06777305	0.17603397	0.0	0.0	0.0	0.0	0.0	
0.0	0.0	0.0	0.0	0.0	0.0	0.0	0.0	0.1752344	0.0	0.0	0.0	0.0	0.057858996	0.0	0.39690647	0.3233631	0.34966603	0.5883318	0.6784002	0.14253509	0.0	0.0	0.0	0.117104284	0.053773202	0.022683792	0.3407158	0.0	0.0	0.0	0.0	0.0	
0.0	0.0	0.0	0.0	0.0	0.08693982	0.0	0.1752344	0.0	0.0	0.0	0.0	0.0	0.0	0.0	0.0	0.0	0.26496872	0.66778165	0.4075038	0.66778165	0.0	0.0	0.117104284	0.053773202	0.065582156	0.42617163	0.5323837	0.047802784	0.17167655	0.0	0.0	0.49091348	
0.0	0.0	0.0	0.0	0.08693982	0.0	0.1752344	0.0	0.1752344	0.0	0.052765198	0.0	0.0	0.0	0.0	0.0	0.0	0.0	0.14253509	0.0	0.14444779	0.0	0.117104284	0.053773202	0.18268645	0.47994483	0.5550675	0.38851857	0.21378991	0.24216342	0.0	0.0	0.0	
0.0	0.0	0.0	0.08693982	0.0	0.08693982	0.0	0.0	0.0	0.052765198	0.0	0.0	0.0	0.0	0.07807105	0.0	0.0	0.0	0.039693363	0.0019126981	0.0	0.11942091	0.022893213	0.7783276	0.08545583	0.57528204	0.13325861	0.74617356	0.2899662	0.17167655	0.0074048936	0.0	0.08318124	
0.0	0.0	0.0	0.0	0.0	0.0	0.0	0.0	0.052765198	0.0	0.052765198	0.0	0.0	0.07807105	0.0	0.0	0.0	0.039693363	0.0019126981	0.03779558	0.35449618	0.022893213	0.7354292	0.63245726	0.46061167	0.0	0.042113356	0.58000034	0.042113356	0.24956831	0.0	0.08318124	0.39271414	
0.0	0.0	0.0	0.0	0.0	0.0	0.0	0.0	0.0	0.0	0.0	0.0	0.07807105	0.0	0.07807105	0.0	0.039693363	0.0	0.077488944	0.35258347	0.022893213	0.87624365	0.65535045	2.086579	1.1388125	0.0	0.33783692	0.0	0.0074048936	0.0	0.0074048936	0.12734199	0.0066134483	
0.0	0.0	0.0	0.0	0.0	0.0	0.0	0.0	0.0	0.0	0.0	0.0	0.0	0.0	0.0	0.0	0.0016583204	0.03779558	0.23316255	0.03779558	0.2545561	0.63245726	1.6131119	2.6998305	1.2537899	0.49005464	0.0	0.5066842	0.11594991	0.0	0.103258945	0.0066134483	0.18461315	
0.0	0.0	0.0	0.0	0.0	0.0	0.0	0.0	0.0	0.0	0.0	0.0	0.0	0.0	0.0	0.0016583204	0.0	0.0	0.0	0.02139353	0.0	1.1738937	2.1732507	2.275961	1.2910303	0.0	0.16884726	0.3430301	0.0	0.0	0.0	0.08135421	0.35497928	
0.0	0.0	0.0	0.0	0.0	0.0	0.0	0.0	0.0	0.0	0.0	0.0	0.0	0.0	0.0016583204	0.0	0.0016583204	0.0	0.11635221	0.09905996	0.26196182	1.0344381	1.6473844	1.0807785	0.7931782	0.32106498	0.3430301	0.16884726	0.11594991	0.0	0.08135421	0.35497928	0.08135421	
0.0	0.0	0.0	0.0	0.0	0.0	0.0	0.0	0.0	0.0	0.0	0.0	0.0	0.0	0.0	0.0	0.09735311	0.11635221	0.09905996	0.0	0.10587744	0.5922444	0.10587744	0.5922444	0.0	0.2270802	0.028773986	0.2270802	0.0	0.0	0.0	0.0	0.036216058	
0.0	0.0	0.0	0.0	0.0	0.0	0.0	0.0	0.0	0.0	0.0	0.0	0.0	0.0	0.0	0.09735311	0.11635221	0.09905996	0.11635221	0.09905996	0.0	0.30905697	0.0	0.0	0.0	0.028773986	0.0	0.0	0.0	0.0	0.0	0.0	0.0	
0.0	0.0	0.0	0.0	0.0	0.0	0.0	0.0	0.0	0.0	0.0	0.0	0.0	0.0	0.09735311	0.0	0.09735311	0.0	0.0	0.0	0.30905697	0.018799566	0.0	0.0	0.028773986	0.022980623	0.0653013	0.0	0.0	0.0	0.0	0.0	0.0	
0.0	0.054246105	0.0	0.0	0.0	0.0	0.0	0.0	0.0	0.0	0.0	0.0	0.054631032	0.011747599	0.0	0.0	0.0	0.0	0.0	0.30905697	0.13961734	0.41039333	0.22770202	0.022036068	0.05823393	0.36204952	0.73571724	0.60390556	0.366754	0.52538425	0.74986	0.0	0.0	
