0.0019047558	0.0	0.23929748	0.0	0.73111117	0.0	1.1286138	0.14965737	1.2249447	0.6440049	1.262078	3.2733655	2.3721929	2.5452085	1.0223417	
0.0	0.23929748	0.9772161	0.7271212	0.31725624	1.0872557	0.6315486	1.4075073	0.047543973	0.3706837	0.7260673	1.6015617	1.6673844	0.3835334	0.0	
0.40662134	0.9772161	1.7553724	0.31725624	1.1082947	0.6315486	1.3943776	0.096824676	0.9389415	0.0	1.5120995	0.9413171	2.2706347	0.52522624	1.4471579	
1.4547144	1.0441967	2.1269684	0.35082063	0.9387417	0.5292089	0.6298119	0.48036516	0.047543973	0.082240015	0.41609088	0.49570224	0.41609088	0.0	1.1307274	
1.4433209	0.8324959	1.3950174	0.03921756	0.72057253	0.0	0.93017757	0.0	0.40314817	0.0	0.65362173	0.0	1.3595315	0.0	1.5265492	
1.3099942	0.0	0.8717135	0.0	0.03921756	0.29569018	0.3837445	0.0	0.0	0.07567948	0.06068918	1.195522	0.8510076	0.9331864	1.0321848	
0.23180029	0.0	0.0	0.0	0.29569018	0.3837445	0.23951748	0.0	0.120074004	0.06068918	1.9359906	0.8510076	2.764185	0.0	2.045679	
0.0	0.0	0.0	0.0561727	0.3837445	0.08814216	0.3837445	0.044394523	0.06068918	0.9964818	0.9203799	1.4994895	0.9876108	0.42338455	0.65972024	
0.0	0.0	0.0	0.0	0.28603607	0.0	0.044394523	0.0	0.9627397	0.008683056	1.9401019	0.1366032	2.2133336	0.014913261	1.8083364	
0.0	0.0	0.0	0.28603607	0.0	0.031969458	0.0	0.25355616	0.008683056	0.412492	0.14528626	1.0704974	0.19479427	1.1200341	0.5837262	
0.0	0.0	0.25406662	0.0	0.25406662	0.0	0.25355616	0.0	0.56364876	0.0	0.9569995	0.0432778	2.465081	0.31654754	1.6797618	
0.0	0.0	0.0	0.0	0.0	0.0	0.0	0.20257664	0.0	0.1310521	0.0432778	0.9293523	0.35982534	1.1482052	0.90408146	
0.0	0.0	0.0	0.0	0.0	0.0	0.098228306	0.0	0.12493208	0.0	0.70436966	0.31654754	1.6453671	0.31654754	0.103265435	
0.0	0.0	0.0	0.0	0.0	0.0	0.0	0.0	0.0	0.10830882	0.0	1.0960301	0.0	0.7932533	0.579052	
0.0	0.0	0.0	0.6148882	0.039574742	0.5533235	0.0	0.15824303	0.0	0.3661913	0.19446805	0.88776493	0.17949143	1.9787258	0.34787735	
