0.43115926	2.6118522	0.0	1.2146913	0.0	1.0105224	0.25270212	0.77834177	0.0	0.634446	0.0	0.51354134	0.0	1.6109886	2.5718982	
0.8853886	0.0	0.71105254	0.0	0.2068677	0.25270212	0.2068677	0.25270212	0.0	0.0	0.0	0.0	0.1620785	0.0	1.080189	
0.0	2.3831406	0.0	0.71105254	0.0	0.0	0.0	0.0	0.0	0.0	0.0	0.1620785	0.0	1.2422675	0.23496568	
0.87549853	0.0	0.0	0.0	0.0	0.0	0.0	0.0	0.0	0.0	0.0	0.0	0.0	0.0	0.0	
0.0	0.87549853	0.0	0.0	0.0	0.0	0.0	0.0	0.0	0.0	0.0	0.0	0.0	0.0	0.0	
0.0	0.0	0.0	0.0	0.0	0.0	0.0	0.0	0.0	0.0	0.0	0.0	0.0	0.0	0.0	
0.0	0.0	0.0	0.0	0.0	0.0	0.0	0.0	0.0	0.0	0.0	0.0	0.0	0.0	0.0	
0.0	0.0	0.0	0.0	0.0	0.0	0.0	0.0	0.0	0.0	0.0	0.0	0.0	0.0	0.12238008	
0.0	1.5418539	0.120797455	0.0	0.0	0.0	0.0	0.0	0.0	0.0	0.0	0.0	0.0	0.18158925	0.0	
1.5418539	0.120797455	0.0765785	0.0	0.0	0.0	0.0	0.0	0.0	0.0	0.0	0.0	0.07118249	0.0	1.0420485	
1.2731776	3.7235408	1.1030171	1.0597785	0.0	0.01812917	0.0	0.0	0.0	0.0	0.0	0.059209168	0.0	1.0984783	0.39169466	
2.1816869	0.9822196	1.136357	0.0	0.01812917	0.0	0.0	0.0	0.0	0.0	0.0	0.0	0.009193957	0.39169466	1.1746976	
3.255334	4.7036066	2.0293727	2.2258162	0.074834585	0.84345704	0.17064756	0.0	0.52431345	0.0	0.0	0.009193957	0.39169466	1.9949982	1.092442	
2.4003353	1.0471531	1.4343297	0.074834585	1.3863177	0.17064756	0.13830769	0.52431345	0.0	0.0	0.0	0.0	0.8111067	0.7007474	1.741899	
4.4940295	5.3148837	2.217136	3.807569	0.42544478	2.502974	1.3209069	0.6744273	0.52431345	0.34686577	0.0	0.8111067	0.7007474	3.2982082	1.1045994	
