2.0923138	2.185955	2.1243982	1.1609815	0.82784307	0.52827954	0.67281175	0.4447552	0.45395625	1.3679807	2.4918818	3.5100696	2.8253384	2.1134627	0.9924735	
1.9506317	2.5841427	1.8887026	0.8222319	1.0265753	0.67281175	0.97303474	0.81699586	0.41191223	1.0610012	0.78878284	1.0634452	1.2654067	0.54320675	0.68119514	
2.6582048	1.8673035	1.7991376	0.7002636	0.16218457	0.07232371	0.16218457	0.07232371	0.18757203	0.16509053	0.39393187	0.16509053	0.20635983	0.0	0.0	
1.7508013	1.9447501	1.7685828	0.8222319	0.49829575	0.0	0.0	0.0	0.0	0.0	0.0	0.0	0.7141113	1.5931957	0.0	
0.8679616	0.20772251	0.0	0.0	0.0	0.0	0.0	0.0	1.063319	2.6669698	0.0	0.7141113	1.5931957	0.0	0.58745575	
0.48985106	0.38371018	0.20772251	0.0	0.0	0.0	0.0	1.063319	2.6669698	0.5087582	0.81982386	1.5931957	0.7141113	2.1806514	0.9910388	
0.4459959	0.0	0.0	0.14435968	0.306334	0.0	1.063319	3.16857	1.6744167	3.1845644	0.0	0.0	0.58745575	0.9910388	1.4181046	
0.21428892	0.0	0.14435968	0.59225005	0.09063223	0.0	0.5016004	0.6110977	0.5175945	1.5739124	1.2434368	0.7919085	0.9111289	1.0530471	1.5354534	
0.0	0.14435968	0.59225005	0.23499191	0.306334	0.5016004	0.13510141	1.2671032	1.8601989	2.5561488	1.9248455	1.3525901	1.1799345	1.4813558	0.71015066	
0.0	0.28591606	0.09063223	0.28591606	0.3240127	0.040608257	0.35362074	1.7578593	2.6385813	3.4656804	2.9583058	2.0322652	2.1233082	1.6221745	1.0596578	
0.0	0.0	0.0	0.4576686	0.3740459	0.5880409	0.749764	1.8544776	2.3013227	2.4254308	2.0434303	2.0233598	1.5771357	0.8998022	0.120381296	
0.0	0.0	0.4616619	0.34128398	0.46780062	0.032143265	0.49431434	0.5163958	1.1531589	0.62778354	1.0851171	0.8554539	1.7624512	1.3654587	1.0986247	
0.0	0.22828144	0.33343765	0.4587083	0.3577346	0.23442015	0.100663334	0.37083584	0.49593416	0.6192244	0.48080763	1.4918504	1.3468162	1.2174226	0.9920269	
0.0039933026	0.0	0.30486065	0.035459936	0.13416004	0.17761603	0.37083584	0.5366492	0.8100774	0.4512981	1.8292594	1.9117974	2.741497	1.852802	1.141933	
0.18334767	0.68419766	1.4357197	1.3099915	0.87648153	0.17998287	0.53158545	0.7992073	0.94723225	1.7476227	1.6714783	2.1095488	1.882837	2.1978388	2.4910285	
