0.47088867	1.6062673	1.5733718	1.35748	1.3872471	0.0	0.52287924	0.0	0.34655827	0.0	0.25787765	0.0	0.19805157	0.22439933	0.3274207	
0.8086731	0.74494123	0.63015443	1.2995327	0.0	0.84548205	0.0	0.43892556	0.0	0.3717472	0.0	0.19805157	0.22439933	0.3274207	0.07921022	
0.4578817	0.97707254	1.4975727	0.85630745	1.6175563	0.0	1.1062684	0.3933257	1.8922163	0.902972	1.3714993	1.07408	1.7253047	1.5509207	2.82552	
0.4587003	1.3432584	0.9632977	2.2439861	1.4652817	2.2437668	1.45043	2.183641	1.9359213	1.0294397	0.9512064	1.8341298	1.2473111	3.4109728	1.99382	
1.6902533	1.421998	3.3716183	2.021676	3.3603103	1.45043	2.3989697	2.329247	2.0894809	1.8541784	2.7497	2.0969918	4.6108055	3.241131	4.433955	
0.4069034	2.3887577	2.0813618	4.2622886	3.4576683	2.7313232	2.0900536	0.8958607	1.134475	0.6342974	0.101525724	1.7014978	1.7758231	2.4026885	2.3759174	
0.5223589	0.20917666	1.3451786	0.93528223	1.5451709	0.0	0.0	0.0	0.47281253	0.0	0.2880686	0.0	0.14981604	0.0	0.35210723	
0.20917666	0.8993775	1.1444589	1.5516729	1.0379776	0.31850326	0.37433684	0.88408864	0.056741714	0.2880686	0.0	0.14981604	0.0	0.3202865	0.0	
0.23320705	0.0	1.4335563	0.102695346	1.7522421	0.37433684	1.40163	0.056741714	1.194318	0.0	0.7917296	0.0	0.8665173	0.0	0.38993353	
0.0	0.20831424	0.102695346	0.9685211	0.47703218	1.2473208	0.43107855	0.844713	0.056741714	0.353845	0.0	0.39641476	0.0	0.43203747	0.0	
0.0	0.7808311	0.9593062	1.3670003	1.2642447	0.0	0.9509783	0.0	1.2507676	0.0	1.6344103	0.083804786	1.2338274	0.25616664	0.8350325	
0.7808311	0.51760256	1.3670003	0.30499965	0.0	0.0	0.0	0.46348572	0.0	1.125735	0.083804786	0.8930653	0.25616664	1.1277759	0.25163335	
1.2370487	4.734664	2.2362149	3.9415464	0.7140738	1.1139342	0.798363	0.3426	1.5892208	0.083804786	1.6633312	0.61645615	2.0828016	2.3253884	2.0062556	
2.5868323	1.4136127	2.574546	0.40907413	1.1139342	0.33487725	0.3426	0.2415846	0.0	0.61539	0.27648473	1.2874098	1.8175883	1.4206961	2.076486	
3.5152826	7.6921015	3.6465194	7.1944456	2.09655	2.7259526	0.56943774	0.4027303	0.24850577	0.27648473	1.4106159	2.094073	2.582806	3.8940744	2.1439052	
