0.0	0.0	0.0	0.20418721	0.0	1.0081832	0.86209893	1.4316673	1.3942707	0.9096372	1.1470425	0.50731486	1.0267235	0.0	0.13256913	
0.0	0.0	0.20418721	0.34449583	0.18837136	0.37173516	0.029169798	0.6844348	0.515323	0.8158419	0.64900184	0.89415437	0.035766125	0.0	0.15089577	
0.0	0.20418721	0.34449583	0.39255857	0.0	0.029169798	0.31269962	0.5444928	1.1285415	1.1643248	1.4499897	0.543081	0.89415437	0.15089577	0.0	
0.0	0.34449583	0.18837136	0.34449583	0.18837136	0.0	0.0	0.2600066	0.14168698	0.2600066	0.1774531	0.0	0.035766125	0.0	0.0	
0.0	0.0	0.0	0.0	0.0	0.0	0.0	0.0	0.0	0.0	0.0	0.51295143	0.0	0.0	0.0	
0.0	0.0	0.0	0.0	0.0	0.0	0.0	0.0	0.0	0.0	0.51295143	0.0	0.0	0.0	0.0	
0.0	0.0	0.0	0.0	0.0	0.0	0.0	0.0	0.0	0.51295143	0.0	0.51295143	0.0	0.0	0.0	
0.0	0.0	0.0	0.0	0.0	0.0	0.0	0.0	0.0	0.0	0.0	0.0	0.0	0.0	0.0	
0.0	0.0	0.0	0.0	0.0	0.0	0.0	0.0	0.0	0.0	0.0	0.0	0.0	0.0	0.0	
0.0	0.0	0.0	0.0	0.0	0.0	0.0	0.0	0.0	0.0	0.0	0.0	0.0	0.0	0.0	
0.0	0.0	0.0	0.0	0.0	0.0	0.0	0.0	0.0	0.0	0.0	0.0	0.0	0.0	0.0	
0.0	0.0	0.0	0.0	0.0	0.0	0.0	0.0	0.0	0.0	0.0	0.0	0.0	0.0	0.0	
0.0	0.0	0.0	0.0	0.0	0.0	0.0	0.0	0.0	0.0	0.0	0.0	0.0	0.0	0.0	
0.0	0.0	0.0	0.0	0.0	0.0	0.0	0.0	0.0	0.0	0.0	0.0	0.0	0.0	0.0	
0.6571006	0.0	0.0	0.0	0.0	0.0	0.0	0.0	0.0	0.0	0.0	0.0	0.0	0.0	0.0	
