1.9408398	3.6821752	2.9363387	2.7635841	3.2823048	2.7224462	1.1330843	0.4884991	0.7120381	1.5666518	2.2316027	2.0401192	2.2043085	2.3533783	1.6791347	1.2202232	1.7317412	2.24442	2.3318913	2.1971478	2.3242345	2.5668283	2.974158	2.7912889	2.3472555	1.834254	1.6767695	2.2884696	2.588471	3.0152538	3.0188372	2.414769	2.3442588	
1.8982236	3.1696982	2.1478336	2.540656	2.6800337	2.3377957	1.4593629	0.6292999	0.8053607	0.9574574	1.405878	1.8069212	2.0165257	2.1907258	1.5617856	0.88312685	1.2700142	1.8636161	2.2640092	2.3769417	2.5134327	2.4685853	2.7492936	2.4141665	1.9361937	1.8717086	1.7554185	2.162552	2.8399174	2.8323972	3.125742	2.1804576	2.191404	
1.2658306	1.6220019	1.0638397	1.4735981	1.7026173	1.9827485	1.7515928	0.9226805	0.6113038	0.45934162	1.0620601	1.8609624	2.4726915	2.4488502	1.6086853	1.0566306	1.2932353	2.031846	2.5057142	2.413386	2.0740168	2.1309464	2.0620968	2.08286	1.8211615	1.9909439	1.9250517	2.2186773	2.586311	2.6525316	2.7453582	2.008519	2.1211164	
0.37291163	1.3023686	0.4338562	0.834756	1.4041065	2.2816906	2.314094	1.4474587	0.37871438	0.2926293	1.0213875	2.0879517	2.6401038	2.3201547	1.7313974	1.3728311	1.7590594	2.4890249	2.6704125	2.2610211	2.1043773	1.9339659	1.8099244	2.1948252	2.2519808	2.3530796	2.2371438	2.314131	2.4359694	2.556544	2.5894642	2.27991	2.9591756	
0.6142359	1.0461817	0.17446361	0.41724268	1.1527637	1.9451327	2.086829	1.5950347	0.674265	1.0136535	1.526169	2.047727	2.2397938	2.045801	1.7283266	1.5336999	2.0467958	2.6290822	2.377911	2.2249317	1.8868088	1.5545619	1.447165	1.7877976	1.9598483	1.9939146	2.04786	2.1097646	2.0692139	2.0299597	2.4024072	2.4099407	3.3744142	
0.72440165	1.3441279	0.101119325	0.2791215	0.7447545	1.6301208	1.7455345	1.4205616	1.4277784	1.6739168	1.9714676	1.987237	1.9426028	2.0021563	1.8732204	1.6983228	2.0058532	2.378816	2.3182	2.3239136	2.0486822	1.4057662	1.0535553	1.5395019	1.7548728	2.075328	2.1547818	2.109055	1.7525373	1.9204351	2.330175	2.8200634	3.2278419	
0.7160937	1.2072593	0.0	0.058599547	1.0410658	1.329859	1.6053166	1.96	2.188465	2.4515433	2.3088708	1.7597805	1.5159228	1.8661075	2.02181	1.7424607	1.6919463	1.9074892	2.0143843	2.1179209	1.9782819	1.528857	0.9692284	1.2367581	1.9622773	2.3975587	2.2599933	1.8288566	1.493001	1.7506068	2.105876	2.6197786	2.3537054	
0.583977	1.2926672	0.67018586	1.3346021	1.3103528	1.0062797	1.0427516	1.719621	2.2111573	2.5459747	2.1009922	1.4935881	1.2850349	1.8420867	2.2058563	1.7469563	1.7796643	1.7181389	1.6993195	1.96006	2.2919352	1.8794695	1.159138	1.3875272	1.9152465	2.5644796	2.3655753	1.9123957	1.4938865	1.9161037	2.005078	1.6558954	1.2139647	
0.5765735	1.9408556	2.008626	2.0329869	1.3870732	0.8213795	1.0319102	1.7645543	2.0257854	2.3720841	1.986123	1.3134985	1.383909	2.1050978	2.9518402	2.715065	1.9320334	1.2862995	1.2868704	2.2157166	2.7088385	2.3051693	1.5177841	1.3440564	2.0207772	2.5711818	3.1259964	2.326709	1.6024069	1.8403821	0.8806945	0.553298	1.0974149	
1.3568786	2.9402833	2.8572443	2.411726	1.0971944	0.7285032	0.96325296	1.164448	1.7664146	2.6428971	2.4935377	1.9498119	1.6289489	2.5636234	3.9109027	2.500567	1.4243822	0.9952093	1.6664183	2.725738	2.9543142	2.1246192	1.256185	0.72845805	1.4213256	2.769051	4.0123286	2.9565926	1.6844997	1.2276146	0.44834763	0.2092215	1.2124648	
1.5282785	2.6790738	2.2763743	1.9039998	1.2035205	1.1668891	0.57797724	0.99520564	1.9295325	3.5249915	3.4834266	2.319694	2.3700535	3.6703043	3.403114	1.4553564	0.9941782	1.3015939	2.3115675	3.3342981	2.9309964	2.3762333	1.3720734	0.4512507	1.4161958	3.2787747	4.5599856	3.450018	1.4193188	1.2215979	0.5224701	0.28230482	1.0786214	
1.0222666	2.0708227	1.6922657	1.8994056	1.7024288	1.2512648	0.7225226	1.1871301	3.2420387	4.442024	3.5613668	2.7092247	3.4069796	3.4544377	2.3396277	0.28286967	0.23413858	1.1685834	2.4367447	3.0153854	2.628603	2.009564	1.5897582	0.76404595	2.0245059	3.2679791	3.2943861	2.3766	0.94835806	0.9254891	0.44987953	0.282363	0.9342967	
0.6090584	1.8542566	1.2615716	2.0268874	1.9662529	1.7256016	1.3902032	3.1180887	4.6236725	4.1847363	2.7750273	2.8339205	3.9117174	3.5388603	2.16258	0.50984395	0.42571765	1.2594659	1.6565614	2.3237891	2.3505924	2.0632381	2.2973375	1.2520835	2.4138186	1.5366955	1.5650535	1.2157078	0.5964588	0.62652653	0.62560415	0.44226223	1.3727212	
0.89735353	2.0360043	1.6501778	2.1716952	2.2353272	1.8793249	2.647863	4.276179	4.8295913	3.5007014	1.9786189	2.884231	3.8492987	3.214657	2.0770826	0.44848767	0.89368904	1.1942711	2.0918868	2.3716292	2.4141889	2.4207282	2.3101673	2.154689	1.5716196	0.68846637	0.4047742	0.039803237	0.29406682	0.2880627	0.8010177	1.1590041	1.840678	
1.017986	2.2058377	1.8144963	2.0203466	1.8642225	2.1630795	3.576756	4.7326427	4.24023	2.1522932	1.2907733	2.4677353	3.5050497	3.2835913	1.5408205	0.9329032	1.1869861	1.8551488	2.3443155	2.5751982	2.61694	2.5246062	2.103786	1.8124214	1.4000678	0.53209007	0.0	0.0	0.22157823	0.41733447	1.168179	1.7795435	2.1333363	
1.1537923	2.3948722	1.8189945	1.6968603	1.3691753	2.4028313	3.8584287	4.517466	3.4194376	1.8134437	0.8396009	1.695594	2.2212977	2.0805712	1.1557784	1.0457634	1.8558965	2.2904253	2.393262	2.3967366	2.2967606	1.9241304	1.7438022	1.5473189	1.3553503	0.48591715	0.0	0.0	0.23643178	0.6400777	1.6734953	1.9234302	2.144618	
1.1903242	2.376459	1.4670231	1.4592254	1.9317577	3.16959	4.0811973	3.7322392	2.5325031	1.2227007	0.51731265	0.9232589	1.3092306	1.6191914	1.2275598	1.2332296	2.226006	2.5610647	2.4795198	2.157367	1.9793001	1.8219291	1.837188	1.869604	1.500052	0.7257722	0.53505	0.4932424	0.40532044	1.0309962	2.0657716	1.9062443	2.0066414	
1.190011	2.1766772	1.3141439	1.9091468	2.8135824	3.6789963	3.732029	3.238313	2.0320911	1.1938381	0.17745863	0.5373479	1.2754291	1.4012192	1.27631	1.5764793	2.3125052	2.601503	2.10415	1.6341122	1.5944788	1.690595	1.8496656	1.7806454	1.3156666	1.2792462	0.9150203	0.39018193	0.81242657	1.2784649	2.2771034	1.9038441	1.6224391	
1.0380692	2.0665326	1.4592379	2.0051577	2.7149801	2.8671088	2.5661988	2.35397	1.4960157	1.018036	0.2882961	1.1645381	1.4392422	1.6170638	1.9419336	2.3338532	2.6166053	2.498481	1.7323377	1.4278287	1.5047398	1.7260267	1.3477005	1.3415949	1.6693505	1.7586012	1.3005514	1.2308334	0.98938	1.5997967	1.9699216	1.3564067	0.9159667	
1.0386105	2.285458	1.5657449	1.5802468	1.894143	1.7316988	1.4817051	1.7132447	1.795046	1.3296967	0.7629085	0.82743645	1.2594886	1.8767066	2.2182028	2.4097345	2.3797073	2.260334	1.9407746	1.7522647	1.9765797	1.8116143	1.0915225	1.1951847	1.5584369	1.5288159	1.7084454	1.5375665	1.5152367	1.894884	1.8869922	1.0971513	1.0844308	
1.0417266	1.9151366	0.9412899	1.1755514	1.4328874	1.538944	1.2179937	1.5935681	2.0639732	1.3616058	0.48101085	0.51136076	1.1644772	1.7784362	1.9554038	2.085063	2.162773	2.2419035	2.4168034	2.3337803	2.115913	1.7006164	0.9841666	1.3147967	1.5342615	1.7705989	2.0775814	1.948566	1.5998125	1.8433747	1.4866241	1.0858498	1.3471568	
0.74527836	0.99432373	0.5799265	0.6916894	1.4341046	1.4568837	1.301115	1.767698	2.0279174	1.4378426	0.34287867	0.4201039	0.82971704	1.4961239	1.6666381	1.7340717	2.019112	2.4334495	2.5084782	2.0448613	1.4872141	1.2875445	1.6197845	1.9237857	2.0380065	2.0468369	2.0694485	1.7128006	1.3601037	1.4488404	1.3911762	1.1426302	1.6107482	
0.3130477	1.2572918	0.77570736	1.3991044	1.5008249	1.3390635	1.1021299	1.5720938	2.1237953	1.8620756	0.5951379	0.52036667	0.7523891	1.470947	1.8536147	1.9033978	2.1484246	2.415417	2.033005	1.4078674	0.78788865	1.2174913	2.1616933	2.1422143	1.9066069	2.0137563	2.1562085	2.2170513	1.8020929	1.3652505	1.4682567	1.4008732	1.6971788	
0.72875404	1.4149442	1.2337664	1.3152885	1.18819	0.90024906	1.057907	1.754474	2.3095627	1.930228	0.9250957	0.4630438	0.833498	1.8590217	2.3056939	2.0070734	2.1248314	1.9119724	1.4492532	1.0433594	0.9618702	1.6611896	2.400493	2.047811	1.3206863	1.4683646	1.5292044	2.1706219	1.646299	1.350201	1.6088088	1.5652297	1.6559489	
1.028745	1.5153422	1.417657	1.330842	1.088167	0.9861421	1.5185924	2.1248608	2.4124732	1.9635036	1.0475961	0.6490338	1.1600096	2.1260304	2.3739657	2.206506	2.1420083	1.7957656	1.5765275	1.2858759	1.4818809	1.7892721	1.966042	1.5765517	1.0225182	0.76888937	1.612478	2.1214788	1.7968456	1.6317933	1.8018367	1.8483286	1.5748098	
0.57406855	1.5577407	1.3377488	1.3380368	1.2108389	1.5192759	1.9628639	2.2097492	2.1003728	1.8272469	1.1213467	0.70555097	1.226313	1.8979639	2.007545	1.9810293	2.1198275	1.8451035	1.7179153	1.8493259	2.1737473	2.4429204	2.2422476	1.8877459	0.50218743	0.5354012	0.94713897	1.8626223	1.9387125	1.8877103	2.0535893	1.8362534	1.640892	
0.67155164	1.8548242	1.4520391	1.3381075	1.4461652	1.7237616	1.785959	1.8761115	2.0945156	1.9897075	1.2587371	0.9839701	1.1681967	1.4681923	1.5813692	1.7200744	1.885834	1.4407644	1.3331513	1.7342236	2.4612126	2.7048135	2.4050167	1.9516366	0.51787364	0.41855717	0.93007386	1.9142504	2.0468826	1.906179	1.8878515	1.701397	1.8468525	
1.240536	2.409394	1.5875334	1.5174712	1.588707	1.5725327	1.3471684	1.5779631	2.0090165	1.9520736	1.656904	1.3500704	1.0010853	0.86936307	0.92807007	1.3432198	1.6830435	1.2277784	1.4142095	2.013908	2.1926677	2.6590972	2.7677994	1.6339337	0.7869528	0.70448744	1.4880574	2.1627483	2.1733475	1.982847	1.7861507	1.3241262	1.6503282	
1.6277182	2.7826223	1.8480241	1.840718	1.7764541	1.5627251	1.1641607	1.2318988	1.752551	2.2756772	2.2108893	1.795532	0.8735977	0.33987224	0.71793616	1.0052972	1.618815	1.5430369	1.5957348	1.4292375	1.3740245	2.0354252	2.0017443	1.5374454	0.7969796	1.1640302	1.6551633	2.1244946	2.2077045	1.8878042	1.6335292	1.405613	1.7785888	
1.5123559	2.8863401	1.8894632	2.042592	2.0449915	1.6418505	1.2341568	0.88330555	1.5153669	2.3814855	2.2634244	1.6832217	0.7598512	0.3204506	0.87620604	1.4423556	1.9496937	2.0129604	1.54544	0.99845874	1.0522584	1.670046	2.0293925	1.8899533	1.6144514	1.7441747	2.077898	2.2057543	2.2366974	1.818474	1.5831039	1.4756285	1.9149003	
1.3368053	2.8157675	2.0144937	2.0837452	1.9886752	1.9112754	1.2086909	0.9367493	1.6365709	2.3129635	1.92341	1.2663381	0.78980577	0.8795005	1.3225553	1.6631114	2.1298828	1.923046	1.2832556	0.9725247	1.3685333	1.746994	2.0152705	1.8930922	1.8189518	1.8382163	2.1004033	2.1753383	2.1901813	1.8119249	1.8199257	1.9739426	2.1937828	
1.3786225	3.0996437	2.1256053	2.1301901	2.116007	1.9305048	1.4941294	1.3838048	1.728338	1.9398501	1.5097502	1.221683	1.3746183	1.5101507	1.5545788	1.7940044	1.9926717	1.6954336	1.4051392	1.8357463	2.2115462	2.4039478	2.0822773	1.8386979	2.081757	2.2586603	2.4381046	2.341437	2.2661645	1.9966357	2.1083732	2.37381	2.4212809	
1.683285	3.150494	2.180146	1.9326725	1.850841	1.9064621	1.9542179	1.7373515	1.6466691	1.6491157	1.4554263	1.600363	1.8550524	1.566436	1.4003714	1.4973183	1.818524	1.7610823	1.8779148	2.5540247	2.830636	2.371602	1.8779001	1.6306684	2.1475325	2.3998263	2.675709	2.4714289	2.2468543	2.1405625	2.5772414	3.1596098	2.6507556	
