4.305017	0.31693405	0.27645493	0.0	0.0	0.0	0.0	0.0	0.0	0.0	0.0	0.0	0.0	0.0	0.47368038	
5.928586	0.0	1.3999083	0.0	0.3329879	0.0	1.1009492	0.0	0.0	0.0	0.0	0.0	0.0	0.0	0.086637914	
3.7548506	1.0829742	0.0	0.3329879	0.0	1.1009492	0.113043666	0.0	0.0	0.0	0.0	0.0	0.0	0.0	0.94453764	
7.504979	0.0	3.0577364	0.2085604	3.8759751	0.113043666	2.3051963	0.0	0.0	0.0	0.09326649	0.0	0.0	0.0	0.16118747	
2.402601	1.6417742	0.660147	2.4649808	0.113043666	1.204247	0.113043666	0.0	0.0	0.09326649	0.0	0.0	0.0	0.0	0.16305256	
7.049507	0.660147	6.4644527	0.2085604	4.755942	0.0	1.2958846	0.0	0.09326649	0.0	0.09326649	0.0	0.0	0.0	0.0	
2.359083	2.3806405	1.1301973	1.1552701	0.34671837	0.09163761	0.0	0.0	0.0	0.0	0.0	0.0	0.0	0.0	0.3569123	
7.909133	0.6786107	4.8637295	0.34671837	2.3657496	0.0	1.0066857	0.0	0.0	0.0	0.0	0.0	0.0	0.0	0.0	
3.572559	1.3963745	1.3188763	1.1871254	0.34671837	0.9150481	0.04942912	0.0	0.040948212	0.0	0.04906881	0.0	0.0	0.0	0.35521638	
6.3742337	0.29354715	3.581616	0.0	2.330157	0.04942912	0.9150481	0.040948212	0.0	0.04906881	0.0	0.0	0.0	0.0	0.0	
3.8951988	1.0434572	0.8037995	0.25065398	0.04942912	0.0	0.09037733	0.0	0.09001702	0.0	0.04906881	0.0	0.0	0.0	0.44933927	
6.8020334	0.51025236	2.9965181	0.20709944	0.25065398	0.0	0.0	0.0	0.0	0.0	0.0	0.0	0.0	0.0	0.0	
3.012061	1.7024069	0.7173518	0.0	0.0	0.0	0.0	0.0	0.0	0.0	0.0	0.0	0.0	0.0	0.8570199	
8.1984	0.20709944	2.1425595	0.20709944	0.0704059	0.0	0.0	0.0	0.0	0.0	0.0	0.0	0.0	0.0	0.0	
2.8142152	0.44015276	0.6301507	0.0704059	0.0	0.0	0.0	0.0	0.0	0.0	0.0	0.0	0.0	0.0	0.42043078	
