7.634418	6.673323	6.471883	7.508839	7.1848803	8.6969	8.673684	8.151789	6.6270127	6.323735	6.60716	6.0340486	5.194092	5.605769	5.616551	5.7075715	5.09254	5.271951	5.74273	5.5481753	5.4705935	4.9630604	4.939122	6.0112295	5.756709	6.5353074	6.725073	5.705815	6.851342	6.077622	6.2113857	6.849325	5.777982	
3.8245604	2.599296	2.791405	2.0642364	2.2036462	2.8166113	3.0653782	2.7307591	2.3485913	3.2072964	2.919362	2.8655708	2.750955	2.7857702	3.5480049	3.531568	3.3777385	2.7719145	2.5223734	2.580971	1.9068286	1.879966	2.2623944	2.7305865	3.1137552	3.2661333	2.487409	3.1795197	2.1728857	2.5565543	2.5988665	3.0595036	2.9487252	
3.651052	3.4795177	2.4919906	2.1534593	2.672765	2.9386961	2.8425422	2.7701054	2.60578	2.5052905	2.3875246	2.3935332	2.2750766	3.1328204	4.0155635	3.0880184	2.3989122	1.6694757	1.8199226	1.8353279	2.0075462	2.0164275	2.0239413	2.2778547	2.4673252	2.668587	3.0753474	2.4290407	2.028793	1.2910278	1.501133	2.2636623	2.7150977	
2.1786823	1.9668216	1.6491444	2.4921823	1.4629111	2.2000766	2.5571194	2.7937565	2.951361	1.7333448	1.3753881	1.3990517	2.2228737	2.783037	3.1073647	2.416474	1.6095206	1.3529725	0.9218428	1.7892063	1.0945313	2.9435139	1.6256282	1.2951376	1.2849839	1.4040874	1.7683309	1.8258667	1.3936747	1.6114314	2.3226929	2.9156227	2.3199313	
2.7075183	2.6108747	2.9789155	1.158772	0.8814174	2.1867456	2.5913563	3.3697877	2.3625996	1.3498507	1.5669475	2.0559168	3.030971	3.3359313	3.2876778	3.115991	1.6678469	1.4925447	1.6640034	1.6628883	2.8475406	1.9712672	1.9668232	2.365383	2.6107335	2.739891	2.620275	3.079894	2.731011	3.0106	2.3715308	2.3556287	4.667196	
1.9921973	3.51081	1.4315325	2.8540218	1.7012987	2.7023816	3.796456	3.342636	2.8542442	2.4959102	3.520914	3.6219094	3.0396106	2.9254608	3.829346	3.5454082	2.0023866	2.4299197	1.5617621	2.8293967	1.8622717	4.0201716	3.7708116	2.966777	3.3954215	2.9774232	3.7910109	3.8864028	4.4729943	3.619816	3.5285797	3.850166	5.904377	
1.8648466	1.4817421	1.7194421	1.356605	1.1387681	1.6472298	1.6326699	1.2683096	2.7201962	3.74735	3.9759007	3.9278543	3.8719301	3.41787	3.9221587	2.7956862	3.3388176	3.7112072	2.5661838	2.4838192	3.1924725	2.8709307	3.531589	3.885579	3.2198372	3.5449948	3.1325011	3.821703	3.886491	4.033298	4.396929	3.7242231	3.6949673	
1.8130713	2.3444483	1.1626706	2.3377023	2.8524218	2.9486518	2.865657	3.3718238	4.4592175	4.5022593	4.785232	4.926817	3.575019	4.0163245	3.7584147	5.7505717	5.3646684	5.135995	4.256225	4.7175856	3.8793647	4.509955	4.4851866	3.6290245	3.5687459	2.2720184	2.8441725	3.644683	4.7367268	5.3409815	4.371101	3.3818169	2.7395148	
1.0696139	0.92458546	2.1160932	3.542643	3.3288097	2.951962	3.319798	3.2418487	3.8831582	3.9998083	4.5246973	4.223736	4.9355745	3.7820535	5.221425	6.399469	6.99592	6.6867194	6.340205	5.093285	5.261654	5.724753	4.910843	4.4255075	3.4347436	3.1885028	4.7617416	5.120947	6.0389853	5.956547	4.7861094	3.040103	2.5613756	
1.8146273	2.2915876	3.40954	3.6964397	4.020941	3.7480278	3.1676202	4.898015	5.729602	4.7228794	3.793057	4.8477955	4.570381	4.9036336	5.9537134	6.300272	6.416321	6.2908773	4.57858	4.5562725	5.5441256	5.8947372	5.1678944	3.992777	4.2823725	5.7488775	5.544773	7.131335	7.689155	6.7338796	5.787285	4.2232957	1.7512593	
2.1328523	3.878274	4.7551785	4.666728	3.8216572	1.7783154	4.0118456	5.5089846	4.669756	5.5416746	6.087847	6.72875	6.9547625	5.9516325	5.608019	6.606113	5.2728167	4.6433864	4.088233	5.2338247	4.8391037	4.061318	3.3994186	4.5410542	6.810719	4.599599	5.9846325	6.0882225	5.0999727	4.9925923	3.7240958	2.4606266	1.7313138	
2.4920151	3.4558353	3.200657	3.6335213	1.9398216	2.8644226	5.2599373	4.6227922	6.8965454	6.522503	6.7055564	7.081029	5.4195013	4.351534	4.534034	4.1995983	3.8972526	4.2285347	4.828617	5.8020296	5.4271793	5.7235985	6.4020314	7.743252	5.1664076	4.65136	6.0864067	5.355443	4.7808776	5.314025	4.0916696	3.644432	2.16927	
3.0747511	3.257074	4.0968924	2.1762595	2.2934957	2.5557551	1.7350965	3.8303127	4.187871	6.7562184	7.1244555	6.220933	6.3621445	4.326659	3.8317733	3.9311967	5.0243006	7.0765	7.6338873	7.3168964	7.102213	8.359653	10.145945	8.281732	7.227363	6.867064	4.316149	4.11064	4.274087	4.141295	4.6243153	3.6255317	2.9428596	
0.7692267	1.6666441	0.75284433	0.7871171	1.638172	1.3318636	3.5037332	3.6737542	4.3785977	4.9821725	5.641205	5.54062	5.3698726	5.5548973	4.8711777	6.3029985	6.844057	6.923424	6.341058	8.05636	9.309462	10.105955	9.321434	9.143298	8.829529	4.676793	3.5170155	3.2533264	3.0214689	3.8482528	4.5636816	3.8168187	3.8100586	
1.4397101	1.1849272	0.7162943	0.99270684	1.3827126	2.2944117	3.5101094	3.3234572	4.4121513	5.4086895	6.1040516	4.812323	4.0553355	4.920733	6.897352	7.3211827	6.725021	5.9070926	5.472351	6.3719606	6.918108	7.1602345	8.264326	7.5662804	5.41611	3.7818317	3.2331734	1.7048904	2.1184661	2.3310857	3.4630587	3.5001352	4.4142256	
1.313122	1.988963	1.8048269	1.6995697	2.6290736	2.5985763	2.756771	4.735202	4.499509	4.7701716	4.764543	3.9266171	4.8408346	6.1798534	6.113928	5.3588443	4.6678357	4.4620523	4.448617	4.837014	5.910748	6.669155	6.8354144	5.101576	4.1066556	3.6836982	2.5684443	2.312401	2.5291004	2.4668336	2.294931	2.8976798	3.1820452	
1.4172344	2.2298384	2.3403454	2.2565284	2.2778413	1.702671	4.132189	5.2781105	5.4579735	6.5796423	5.433017	4.5164576	4.329758	3.9613428	4.4512596	4.065553	2.6786842	3.7321455	2.533679	2.974367	3.9189248	4.081538	3.8876643	2.635117	2.6445181	1.4851263	1.4916389	1.3834037	1.6608751	1.8376735	2.1766748	3.4695592	4.302409	
2.9951956	3.3490248	2.682157	2.0180168	1.8707011	2.97999	4.566136	5.537945	6.011589	5.5428634	5.011345	4.4005346	2.598897	3.0033107	2.6003513	2.1381454	2.4534667	2.0784154	1.2524362	1.2106128	1.7007325	1.6239387	1.6486413	2.568603	2.2240882	2.3217854	2.2837296	2.1081817	2.5128558	2.0335188	2.507783	4.0722895	5.3924417	
4.0722346	3.101603	3.5525904	2.2477493	2.0608668	3.5630145	4.6369734	6.947223	6.3092976	6.642166	5.7141204	3.376001	3.7140856	3.6362195	2.8267202	3.3892894	2.9505014	2.6495526	2.5093923	2.0967526	2.6024587	1.7803746	3.1223502	2.4130557	2.5454364	2.073711	1.6635351	1.6994257	2.1030817	2.433056	3.0807636	4.41022	5.205821	
2.224763	2.1451626	2.2278104	1.4755902	2.4490185	3.0048084	3.528233	3.4882803	3.6191106	3.979998	3.4017506	3.3278115	2.6250677	2.7286003	3.346628	3.3897724	3.2982259	2.783455	2.6495674	2.1834893	1.3833411	1.7177141	1.7815101	2.5145314	2.976098	2.7124033	1.52313	2.056603	1.4472613	0.966294	1.3307364	2.160857	1.8971597	
2.3345788	1.1737725	1.3400242	1.3695868	1.5101663	1.2742127	1.4133055	1.1187518	1.349772	2.0798664	2.330968	1.3514129	1.1936942	1.5650584	2.1990693	2.5632389	2.991918	3.517138	3.3585596	2.3666124	1.6601031	1.659423	1.7835081	2.303372	2.273344	0.9495105	1.2502801	1.1077406	0.818416	0.35640144	1.1060259	1.5160182	2.09639	
1.5868766	1.3226511	1.904602	0.9359503	1.099093	1.54567	0.9820788	1.3359029	2.4327493	3.348472	3.118108	1.5571126	0.45448112	0.88477063	1.0568941	1.419366	2.2094588	2.234589	2.2773008	3.486461	3.4103897	2.7736135	2.6090024	2.469077	1.6113067	1.7851816	1.4262702	1.701131	1.7656703	1.3665693	1.8504242	1.8390207	2.8677483	
3.2057521	1.8492844	1.5033448	1.1818079	1.1155219	1.4943867	2.0484848	1.8952075	2.702052	3.0608451	2.1835804	1.1161447	0.86754745	1.017286	1.5333868	1.3922982	1.5667889	1.2668577	2.2149997	3.8539145	3.0393004	2.8394613	3.5602157	4.2257676	4.035557	1.9031632	1.3712646	1.4472826	2.2574494	2.8604083	2.8099422	2.3530798	2.514513	
2.3038208	1.6795872	2.0246086	1.7981936	1.876592	2.3171654	1.6953232	1.8182403	2.6656027	2.1952655	1.7621868	1.6292713	1.1828505	1.3672438	1.6799896	1.3618956	1.4087179	2.6986463	3.702111	3.0552783	2.8385594	2.8133383	3.3220654	4.13762	2.5041552	2.92321	1.8347201	3.0670166	3.4732423	3.2263465	2.862443	2.4999979	3.0792058	
1.8833154	1.1915883	1.3737745	2.259204	2.089281	1.8288258	1.9701293	1.2989526	0.8462263	0.9546848	1.8569314	1.4147979	1.549155	1.8798718	2.322518	1.4034318	1.9624116	3.4152968	2.1421676	3.2802143	4.1459007	4.688886	5.0883045	4.401744	3.1481795	1.4977207	0.8819617	1.6334981	2.6414583	2.5371299	2.4839435	1.5972694	3.1548872	
0.7733662	0.7895944	1.3268017	1.2886009	1.2029214	0.9596466	1.5881498	0.926319	1.263458	1.9163578	1.5377022	1.4043033	1.0609568	2.0471437	1.6832197	1.0853497	2.2581258	1.346336	2.4279616	3.678468	4.0383215	3.5498602	1.781075	2.0866063	1.8763576	1.423607	0.51280624	0.7022064	1.3801355	1.3653756	0.782422	1.143773	2.340068	
0.9276544	0.8052714	0.79836667	1.1288195	0.9449683	1.1428	1.3628402	1.1831145	2.2009983	2.015077	2.5848916	1.9323187	2.5328834	2.4243097	1.41977	1.5983534	0.54713047	1.6600409	3.191773	3.7003193	3.8163452	2.5116549	2.0812235	1.8502638	1.2381297	1.0775126	1.0574083	0.8654969	1.6022491	0.90517986	1.0224038	0.76253355	1.1803608	
1.266514	0.7419272	0.9256425	0.9730526	1.2362673	1.7298336	1.1779678	1.4265211	1.3220354	1.8480809	1.4194064	1.8493401	2.1013417	2.3039885	2.7951608	0.5569676	0.65080404	1.2580972	2.2009602	2.6828413	2.8523488	1.8281701	2.017868	2.6936805	3.0433831	2.089765	1.1016251	1.3615845	1.555097	1.4266942	0.7872418	1.9681036	2.0285583	
1.2066795	0.7938935	0.91487324	1.0335643	1.0298375	0.4143448	0.84987116	0.847466	1.1109049	1.3316259	0.9270915	1.538783	1.3769666	2.3387728	1.3238428	1.1582336	0.16182613	0.43749133	1.0559521	1.9055763	1.7064879	1.711166	2.702886	3.1607218	2.5266979	2.131922	1.6531398	1.5407231	1.4050105	1.3843856	1.0542973	1.7896127	1.6092118	
0.79100037	0.52250373	0.6278075	0.8739292	0.31355262	0.5017878	0.12955508	0.3400703	0.8280828	1.0099379	0.83011436	1.1803191	1.800428	2.219508	1.9954795	0.54178476	0.35099226	0.58486915	1.1375954	1.1841794	1.0447779	1.6923829	2.150849	2.596752	2.5500572	1.7858732	1.4220576	1.336689	0.904294	1.7521281	1.6476877	2.4069395	2.1615338	
1.1998874	0.8677128	0.25859654	0.4395685	0.43485618	0.67948943	0.6260165	1.0694206	0.84684014	0.55414665	1.0736357	1.573669	2.726532	1.7343944	1.3787878	1.0318897	0.5280255	1.392655	1.331183	1.3414152	1.2191309	1.447931	1.1549022	1.8422698	1.7014984	1.8901947	1.0332144	1.625657	1.8016901	2.3314695	2.2239268	2.3646412	2.9512959	
1.2718474	0.7949197	0.89806056	1.3395126	1.3535333	1.3934152	1.7120963	1.0814247	1.1747103	1.2324666	1.9336824	2.314658	2.338728	1.9556949	1.8067224	1.5431197	1.4879615	1.8755764	1.4974755	1.6165	2.102922	1.731419	2.1142404	2.4440587	2.9040067	1.6900516	1.2144148	2.3482547	2.869175	3.524895	4.543583	5.329485	5.252615	
3.4023595	2.9044292	3.5025215	3.8996868	4.1055813	4.600202	4.1413336	4.5285153	3.6508648	4.3509974	4.457092	4.603644	4.0163527	3.8931627	3.8532238	4.538867	4.6887646	4.598278	4.462903	4.821132	4.2971044	4.4859934	4.5233803	5.5761013	4.887693	4.6655746	4.6688266	5.27936	5.2750416	7.0660005	7.9198885	8.167141	8.904696	
