6.048931	6.838833	7.551848	8.127645	8.342258	7.5005302	8.082537	7.95096	6.852848	5.886367	5.3755627	5.7759104	6.476299	6.8957653	6.8612385	6.264165	5.860469	5.2058477	4.9343433	4.99026	5.2047315	4.804496	5.460094	6.116117	6.359853	5.9776516	5.330165	5.4652243	5.269	5.330075	6.2908173	6.201046	6.422925	
9.149078	9.48929	10.093816	9.82984	8.860338	9.361991	9.734905	9.810064	8.138581	7.177923	6.7830606	7.0823216	7.391733	7.703747	7.915802	6.96351	6.374342	5.578107	5.2708735	5.080779	4.827954	5.8259544	6.4816904	7.289997	6.9449263	6.3341084	6.464915	5.931341	6.233405	7.01836	6.9012585	7.2902274	6.606069	
10.639819	10.850769	10.867414	9.44766	8.669421	8.019173	8.701232	8.947084	9.037977	7.9511757	6.942476	6.091328	6.451708	6.9702835	7.176976	6.688009	6.2312264	5.7230134	5.1373615	5.201105	5.321823	5.6850157	5.8734694	5.9340878	5.720194	5.135868	5.173209	5.363089	6.052038	6.001389	6.564837	7.3074865	7.0026855	
10.375361	9.923031	9.401009	8.021852	7.1343803	7.051056	7.0850735	8.103865	7.895898	7.1924925	6.547692	6.18734	6.824833	7.783124	7.888561	7.6134367	6.712824	6.0944204	5.907722	5.902296	5.3668704	5.105933	5.0873394	5.0318255	5.1346817	4.8627834	5.1188784	5.548559	5.3530073	4.985171	5.1109247	5.93423	5.9848175	
9.665503	9.396288	8.810422	8.45649	7.751402	7.1986	7.7817698	7.9184027	7.366085	6.711561	6.100445	5.9308443	6.598504	7.533986	7.780439	7.426133	6.546253	6.6522675	6.500016	5.86313	5.59431	5.8418894	5.7579846	5.4714603	5.440721	5.457115	5.4527745	5.3751764	5.1657276	5.0363607	5.905857	6.559584	6.352946	
7.8327723	7.61094	7.758615	7.1887684	6.2419314	6.5662813	6.690282	6.5378675	6.540495	5.791272	5.566883	5.1893215	5.794658	6.3851757	6.723285	6.6243763	6.5658016	6.6655416	5.8079205	5.51892	5.8832498	5.9270725	5.77519	5.911837	6.2304287	5.647893	5.0258746	5.253068	5.4218354	5.550128	6.197691	6.4988675	6.188999	
9.398373	9.260055	8.068173	6.9480877	6.6043434	6.1502895	6.145863	5.870076	5.443138	5.022784	5.459547	5.545651	5.400832	5.7486496	5.6708927	6.4052973	6.2716594	5.8788767	5.552708	5.3747573	5.891449	6.3543415	6.6641383	6.773718	6.008092	5.26087	5.179403	5.4007316	5.6582966	6.003759	6.1810403	6.293945	7.0218563	
9.288326	8.54347	7.5493355	6.335838	5.811387	6.179737	6.0827684	5.483245	5.2860646	5.4981527	6.260956	6.3944025	6.5925703	5.7462397	6.0839453	6.692281	6.6581554	6.3736434	5.712808	5.7038765	5.9261217	7.0097656	7.792495	7.31069	6.278176	5.6198254	5.7208323	6.0596538	6.876092	6.65563	6.8515897	6.7921934	6.451537	
7.7719607	7.025584	6.3020897	5.927394	6.030958	6.651076	5.7264557	5.2680087	5.8616147	6.673572	7.508542	7.6071887	6.168241	5.94845	6.105525	6.934496	7.2301636	6.0395103	5.8074284	5.9853806	6.8593197	7.7914495	8.453748	7.9939957	7.063473	5.9929566	6.396178	6.884876	7.031108	7.308235	7.2177978	7.4057283	7.0157747	
6.211607	6.8184767	6.9134846	7.04551	7.6209745	6.5824785	5.7526593	5.8941936	6.6857986	8.035082	8.596769	7.9494076	7.0421057	6.262658	5.6637917	7.0037594	6.8563576	6.818551	7.075172	7.015386	7.733245	8.690627	8.952513	8.381798	7.0313272	6.4341927	7.071363	7.67314	7.8379555	7.824392	8.283981	7.7013497	7.7453246	
5.2179933	5.9621115	7.017526	7.675705	6.786721	6.5419645	6.44662	6.493685	7.6464305	8.08634	7.879842	7.647559	6.7595725	6.109711	5.802234	6.595415	6.6488147	7.2077417	7.514689	7.4023037	8.208866	8.543671	8.830279	8.692655	7.733155	6.6984696	7.37008	8.082432	8.155937	8.497751	8.769842	9.178856	8.374892	
4.797653	5.816228	6.29907	6.4129705	6.284555	6.913149	7.2674108	7.5761423	7.7563066	7.520089	7.9184113	7.114672	6.592452	6.2606063	6.045202	5.258728	6.6373124	7.0290074	6.676318	6.849934	7.213678	8.015745	8.483143	8.043257	6.601757	6.163903	7.166345	7.7872057	8.020306	8.4132	8.875143	8.300126	7.9862914	
4.3840404	4.097066	4.3667226	4.078985	5.389037	6.619906	7.8266163	7.932049	7.5408382	7.5666246	7.2138014	7.0573807	6.898268	7.6846995	5.897798	6.0669355	6.750104	6.5163717	5.659657	4.9323945	5.452061	6.2165976	6.6174145	5.9418526	4.8876233	5.0592694	6.4696693	7.072832	7.72264	7.713153	7.749575	7.708068	7.7116556	
3.3267503	3.2543752	3.3858004	4.0234146	5.0214972	5.920207	6.6736717	6.4585266	7.3105745	7.4126077	7.369934	6.894809	7.1906457	7.584771	7.6485033	7.483467	7.160116	5.784644	4.213043	4.3009815	4.6148553	5.236424	5.055874	4.476818	4.937807	6.115148	6.194688	7.047383	6.6387124	6.5773354	7.1563883	6.5929775	6.7790217	
3.7791147	3.3737202	3.5605016	4.1422343	5.1157703	5.0710735	5.5277915	6.9251733	8.369809	8.939189	8.159428	8.011352	7.418133	8.336575	8.551245	8.166698	7.116797	5.6768928	4.403919	4.072174	4.3829956	4.7387	4.269502	4.9521027	6.5677576	6.8955927	7.4470434	6.472416	5.9906616	5.668726	5.6931133	5.3533483	4.8933115	
3.1805208	3.6928043	4.0317516	5.1360946	5.200142	5.218012	6.5957713	8.6106205	9.975895	9.419393	9.211206	8.27145	7.8992724	8.697905	9.112713	7.7661514	6.517505	6.9362464	6.001272	6.376956	6.5425024	5.3644066	5.2827835	6.8220124	7.7668333	8.05995	7.406245	6.415553	5.5452127	5.068302	4.753559	4.084173	4.14194	
3.2786005	3.6251054	4.4611263	5.155449	5.4464207	6.584978	7.5457597	8.962275	9.178359	8.98509	8.65615	7.9556894	7.528444	7.857866	7.564958	6.7793036	6.5962014	6.638259	7.397752	7.6171255	6.6447487	6.5206904	6.9560375	7.9885445	8.785963	8.365112	7.561496	6.6307364	5.897583	5.0506353	4.2819624	4.056998	4.151684	
3.43582	4.636489	5.130644	5.26291	6.2460904	6.9678226	7.426279	8.428371	8.864937	9.19787	8.222485	7.957904	7.6163898	7.8222427	7.5779448	7.148366	6.779148	7.5400634	8.163769	7.783587	6.82028	6.5586715	6.729079	7.562341	7.706128	7.2306175	7.1787443	6.9614167	6.2432966	5.4135	4.3319945	4.442833	4.530534	
5.0068836	5.5090685	5.17832	5.2392597	5.447335	5.528964	5.7537766	6.7621017	7.1323977	6.9521656	6.533312	6.899583	6.87884	6.900159	6.8176327	6.6243353	6.185768	6.523178	6.9475555	7.0007315	6.384363	6.321907	6.8937254	6.997834	7.428235	7.5399203	7.5943217	7.529126	7.130726	5.705695	5.2221003	4.738236	5.1262445	
6.232642	5.9898906	5.750123	5.475161	5.5063887	5.3363853	5.24938	5.1371975	5.0676465	5.1660223	4.966051	5.4596176	5.0831666	5.00937	5.532835	5.7622805	5.5586586	5.992177	6.5716133	6.3991904	5.5691347	5.6539974	6.1978564	6.092523	6.2173395	6.6659975	6.8196893	6.958515	6.778638	6.606597	6.2254877	6.4132824	6.609172	
6.9257317	6.101966	6.237072	5.781449	5.6673436	5.4747486	5.237894	5.538434	5.289997	6.139203	5.908202	5.1378756	4.317584	4.205722	4.2444997	4.1694736	4.242573	5.0746503	5.2286897	5.725318	5.3706446	5.8618345	5.9629984	6.000017	6.2608337	5.873143	5.1371307	5.4167695	6.3452706	6.0761137	6.3162785	6.094186	6.063405	
6.6790066	5.9791718	5.5774927	5.144979	4.653948	4.858994	5.119804	5.4036274	6.2783365	6.7963305	6.399685	5.1301293	4.4607363	4.018144	3.6181355	3.921691	4.19424	3.8788967	4.128909	4.6740675	5.3790674	5.3681602	6.123095	5.4053693	5.683197	5.1749306	5.412531	6.139082	6.1710334	6.325166	6.01262	5.485653	5.060459	
6.2983603	5.6282606	5.4530964	4.737307	4.475689	4.9604597	5.451516	6.215758	6.1403246	6.3786283	5.7581096	5.518995	4.5551805	3.8105998	3.4844165	3.9658213	3.5576072	3.6933908	3.5747771	4.5482783	4.966807	5.411481	4.6865926	4.4733086	4.701299	5.232626	5.7975864	5.6752176	6.050925	5.6665554	5.2637615	5.0371027	5.2975473	
5.639192	5.2036085	4.8959436	4.6252	4.55363	5.146101	5.3823013	5.412499	4.7401485	4.8974347	5.5173955	5.535883	5.1382895	4.1864862	4.490966	4.240095	4.2255945	4.2647295	5.0118513	5.417037	6.055783	5.260442	4.5925293	5.1442947	5.259185	5.6247654	5.5113754	5.074189	5.268322	4.9030495	5.00848	5.291237	6.564763	
5.292233	4.9411783	4.2682405	3.8649242	4.2990236	4.461171	4.68355	4.4003096	4.0721397	3.9690406	4.700111	4.837059	4.3418293	4.4806404	4.5409937	4.7925596	5.142227	6.2031817	6.2468104	7.380334	6.716152	6.1004257	6.115319	5.6475544	5.792717	5.518879	4.4767256	3.9750352	3.8507476	3.8926842	4.2370744	4.7922263	5.967721	
5.0967584	4.8814087	3.9717011	3.9271612	3.8776536	4.556782	4.6199603	4.945405	4.882267	5.099435	5.648174	5.46303	4.7885847	4.6878505	5.0403543	5.465174	5.693074	6.3394346	6.5630403	7.02725	6.392094	6.725032	6.356786	6.3365307	6.354262	5.6537867	4.5477953	3.9626122	3.869228	4.0784407	3.9382765	4.856151	4.147775	
5.642703	4.5174265	4.061555	3.8614364	4.1140146	4.7166305	4.7871675	5.325399	5.3900747	5.361181	5.4208026	4.992511	4.641964	5.58831	5.7318134	5.247234	5.1511803	5.8622203	6.06757	5.9039326	6.2325654	6.1472335	5.9215236	6.19874	6.4076366	5.926323	4.6352654	3.8633332	4.3382883	4.1889668	4.4666176	4.7202826	4.1803026	
5.5040627	5.0940843	4.5444517	4.5811315	4.5447083	4.842916	5.715119	5.36171	5.9494314	5.9249425	5.4646606	5.616912	5.9734745	6.5988803	5.9233513	5.0975065	4.720034	4.8131924	4.499072	4.942542	4.924247	4.765063	4.7031918	5.744497	5.709651	5.2355227	3.9926186	4.172727	4.0670996	4.023758	4.1935925	4.356796	4.612163	
5.251745	5.118677	5.274537	4.9635077	4.986387	5.5134315	5.6118026	5.391584	5.3019204	5.156037	4.6973248	5.3121347	5.6853666	6.061143	6.142872	5.0974884	4.090787	4.340788	4.4145947	4.5468297	4.972	4.6886716	5.021634	5.726254	5.4364734	5.0974827	4.4323835	3.8414807	3.7103283	4.194966	3.9761953	4.5318537	4.7526894	
5.1166277	5.4572725	5.259391	5.3649516	5.224625	5.4645777	5.108899	5.0946865	4.632479	4.8824334	4.4796915	4.4390707	5.0142484	5.2021174	5.071473	4.21956	3.9103217	4.242218	4.210421	4.460213	4.1214867	4.4284096	4.116882	4.655447	4.557181	4.3725595	3.6942	3.5363984	3.1621227	3.0004845	3.577312	3.934517	3.8158655	
5.0461864	5.8108253	5.6886625	5.424813	5.679212	5.2823772	5.2502017	4.8516097	4.4936476	4.3333263	4.170805	4.2986665	4.7102065	4.8962774	4.6114883	4.2490177	4.0066524	4.1768227	4.212756	4.1841826	4.0594134	4.016693	3.8699443	3.6845298	4.0401525	3.8752203	3.6189644	3.2986326	3.285405	2.9182625	3.4464445	3.9824977	3.8661747	
5.675515	5.5680823	5.542013	5.5011463	5.2704487	5.6947103	5.107726	5.113086	4.7796197	4.5100355	4.8670335	4.6390095	4.8986626	4.6099043	4.250245	4.2920537	3.815877	4.13708	4.216217	4.053301	4.2294035	4.4809666	4.0609384	4.2000704	3.7317472	3.848287	3.6940546	3.8209646	3.757728	3.932641	3.803358	3.894854	3.9100013	
5.5983696	5.6973534	5.608904	5.4690094	6.223774	5.8928113	5.4211054	5.3631496	5.0299807	5.4204407	5.458968	5.2083883	5.322507	5.467314	5.597366	4.826546	4.6008544	4.4423523	4.9765787	5.1133046	5.4800406	4.596959	4.435277	4.1855845	3.887089	4.0166826	4.0923395	4.3694468	4.7341604	3.9503942	4.351609	5.172792	4.157535	
