16.11045	14.052217	14.407334	14.94713	14.190464	12.933328	13.009697	12.4732895	12.130173	12.663128	12.604646	12.811746	13.123622	13.1091385	13.475686	13.321793	13.485461	12.644045	13.10872	13.336778	13.651274	13.361858	14.109228	14.61284	13.688283	13.2631235	13.389828	13.06003	12.893209	12.942323	13.083212	12.153497	11.964367	
14.729837	11.131184	10.964119	11.358933	10.092481	10.675022	9.928184	10.601207	11.551934	10.546764	10.818598	10.973521	10.431479	10.472854	11.728106	11.549097	11.021218	10.962743	11.162626	11.011245	11.431687	12.594774	13.317875	13.264835	12.014706	11.8510895	11.914178	11.100897	12.536815	12.361813	11.402006	10.416908	10.934241	
12.559347	9.344144	8.862383	8.819341	8.911382	9.375107	10.415545	11.653036	11.375128	10.697585	10.549915	9.778873	10.3251295	10.790769	11.008753	11.087469	11.010023	11.036299	11.426523	11.132601	11.316328	12.148468	11.94099	11.827074	11.334135	10.171783	10.446703	10.425535	10.680329	10.994809	10.6236725	10.183883	11.166541	
13.284789	9.619893	9.723986	10.468075	10.070021	10.620401	11.592954	12.157169	11.885165	10.963194	10.083845	10.1183605	10.216686	10.181499	10.466105	10.523896	10.5622	11.502258	11.290096	11.095257	11.185697	12.062895	11.680673	10.76403	10.561096	10.297091	10.353077	10.601476	10.163152	10.065739	9.69986	9.946415	11.397994	
13.026577	10.7429905	11.7602215	11.8670635	11.712242	12.177187	12.355755	12.087688	11.846348	11.035915	10.696804	10.834677	10.63603	10.250883	9.950731	10.3503895	10.981755	11.364504	11.360128	11.782456	12.573743	13.539382	12.285901	11.477552	11.305149	11.095884	11.285158	11.330175	11.072476	11.152426	11.288287	10.873116	12.0472355	
13.685471	11.759451	12.228056	12.999638	12.827326	11.976933	11.619338	10.567293	10.378122	10.796444	11.498475	11.135311	11.029348	10.827652	10.541672	11.443111	11.207224	11.458496	11.895154	12.977929	13.96196	13.842341	12.878691	11.803326	12.049285	12.356711	12.600626	12.677966	12.453615	12.59767	12.012484	12.073234	14.358391	
13.026468	11.202423	11.33676	13.019862	12.668318	11.622881	10.511004	10.127587	10.217447	11.127095	10.989707	10.904451	11.010231	11.362877	11.811939	12.143158	12.299993	12.120188	12.073074	13.278093	13.093439	13.809204	13.001844	11.990621	12.59301	13.431065	13.7320385	14.188845	14.180485	13.540312	13.87509	12.981581	13.994136	
11.397724	9.674856	11.554162	11.835056	12.337713	11.701408	10.935871	10.737183	10.706786	10.742357	10.8505535	10.636588	11.345518	12.45886	12.198187	12.789159	12.727156	12.372901	11.221591	12.339338	12.368256	11.9745865	11.471802	11.180094	11.602953	13.441411	13.234168	13.508137	13.386368	13.661475	12.1987295	10.954847	12.322774	
11.984341	10.418028	10.3573265	11.863374	12.593795	12.221191	11.23715	10.890372	10.90472	10.562183	11.072155	11.594835	12.996012	13.254563	12.257872	13.345433	13.182263	12.519403	11.400598	12.081955	11.882759	10.518429	9.646879	10.000532	10.882843	11.894362	12.535423	13.668662	14.168776	12.867407	11.298079	11.549953	12.567291	
14.151946	10.897098	11.4874325	12.486115	12.551614	11.851641	10.711441	11.010506	11.536416	11.61602	12.335083	14.141032	14.7594795	12.947644	12.218966	12.066296	12.827021	13.001729	12.614802	13.2464695	11.317014	9.643872	8.824289	8.574928	9.395983	11.837583	14.514896	15.066561	13.26021	11.394686	10.598455	10.548142	12.917292	
13.67299	11.048344	11.053043	12.026803	12.0044365	11.293594	11.804321	12.758909	12.770395	12.532331	14.689706	16.560902	15.03297	13.755505	12.30772	11.882482	13.419965	13.627132	13.079661	11.746334	10.836147	9.882942	9.236071	10.242741	12.241262	14.243266	16.504915	14.749508	13.088648	11.857349	10.173063	11.107769	13.541566	
13.350096	11.073822	10.301523	9.955166	10.717843	11.7870655	13.727745	14.228134	14.318064	14.888376	16.518272	17.267727	16.012867	13.212923	11.497777	12.466966	13.379672	13.107022	11.69239	10.914787	9.258544	9.102163	10.217346	13.178508	14.466568	16.570068	15.690975	13.964075	11.657686	10.170389	10.012674	11.751494	12.692151	
13.504503	11.134113	10.52301	10.197415	11.37869	12.73863	12.905403	13.118432	13.111785	14.737374	16.14881	17.296057	16.61182	13.104034	14.7276745	13.989751	11.945843	10.834879	9.57206	9.584357	10.371269	11.669717	14.317165	14.596506	17.042847	15.3927	14.447632	12.150196	9.226242	8.841411	9.7107525	10.45879	10.841238	
13.716715	11.934362	11.572857	11.503683	11.485567	12.116738	11.652458	12.277648	13.338637	14.09374	15.199814	15.149075	14.108049	14.072815	15.6972275	13.957146	11.77814	9.478871	8.209509	8.52736	9.770369	11.366219	13.027512	15.012354	14.93106	13.900307	12.551843	11.435544	10.296093	10.560764	10.264729	10.317229	11.256325	
14.196703	12.61377	12.58404	12.175109	11.27269	11.438744	11.883487	13.74301	14.801532	14.318554	12.991619	12.586158	13.024672	12.814449	13.480978	12.502306	10.917715	9.195868	8.550055	8.792517	9.503487	11.079309	13.009673	13.0628	12.750887	12.134577	12.266958	11.920763	11.2147045	11.714682	11.552536	11.312923	12.017292	
13.834956	12.635677	12.424168	11.637327	11.126216	11.692912	13.882788	13.701817	13.651038	13.23691	12.632519	11.782635	11.244259	10.538532	10.452503	10.983377	10.245619	9.487408	8.344444	7.6346188	8.19228	9.991722	10.656916	10.699694	10.328226	11.28336	11.262213	11.51533	12.178187	12.162659	11.943151	11.454304	11.809644	
13.689478	12.656993	12.303837	11.732324	12.155903	12.865282	12.863786	11.80718	11.172275	11.552849	11.635	11.790392	11.490797	10.379453	10.65375	11.179853	10.845022	9.709475	8.692299	8.717925	9.280554	10.607443	10.798057	10.340078	10.340557	10.706997	11.383979	11.361533	12.081722	12.156984	11.719164	11.742891	11.930006	
13.485777	12.489153	11.948309	12.219398	12.567909	12.715812	12.282267	12.263302	11.557219	12.653078	12.979686	11.976591	11.924645	11.5112505	11.000748	11.282619	10.813541	9.457119	7.7721157	7.991851	9.472504	10.699291	10.333621	9.339884	9.308424	9.295421	9.98317	10.934423	11.84726	11.472133	11.73179	12.328659	12.211026	
13.945477	12.011815	11.789989	12.238342	12.00131	12.291668	12.592716	11.756707	11.50761	11.006757	10.821585	11.377832	11.605271	11.051861	10.999998	10.229378	9.614946	7.546733	7.180976	8.246182	9.450555	9.479995	9.644617	9.439236	9.061375	8.798231	9.522707	10.586657	11.504378	11.963251	11.833562	11.820066	12.676848	
13.813881	11.554495	12.249155	11.243239	11.489402	12.62871	12.921724	13.396242	12.305911	10.875247	10.413475	10.732871	10.740238	11.09313	10.644134	9.947443	8.825741	7.7988863	7.8985825	8.844132	9.488888	9.318903	9.69565	10.293534	9.273483	8.450292	9.196417	9.963016	10.841151	11.421862	11.318947	11.110477	12.560339	
13.206887	10.880529	10.458912	9.977223	10.698831	10.605183	12.526453	13.022977	11.805515	10.8606	10.829252	10.870451	10.955242	10.586253	10.864362	9.933407	9.601021	9.043253	9.083702	9.61862	9.935131	10.056995	10.062426	10.377069	9.610796	8.949001	9.362835	9.636332	10.065723	10.551211	9.988701	10.557922	11.982748	
12.665954	10.9127655	10.448399	10.935348	10.474595	11.741615	13.142852	12.766183	11.032483	11.224623	11.224651	10.557684	10.411982	11.013613	11.392548	11.362295	10.765245	9.925908	9.7723255	10.260906	9.91935	9.199816	9.099208	9.275515	9.137522	8.817128	9.11175	9.673119	10.54996	10.052675	9.34142	10.498143	11.294013	
12.027182	9.948726	11.230316	10.960991	11.793534	13.20567	13.168373	12.376982	11.387016	10.941954	10.570293	9.988186	9.958846	10.647399	11.057174	11.145062	10.548183	9.584799	10.197546	10.476875	9.799503	8.943084	9.017597	9.088539	8.217957	8.682438	9.3271885	9.812591	10.246737	9.170904	9.995399	10.238586	11.627263	
11.600845	10.724204	11.376664	11.440567	11.842971	12.138088	11.506442	11.826382	10.357752	10.343842	10.483385	10.639181	10.392698	10.918495	11.217767	10.98576	10.078932	9.721958	10.524272	10.728687	9.753874	9.680504	9.628185	8.956692	8.220932	9.122116	9.274499	9.422995	9.819189	9.858421	9.640121	10.600065	11.736994	
12.167386	10.98639	11.39925	11.236219	10.486203	10.862618	10.93095	10.179209	10.094	9.415816	10.763387	11.083307	11.235447	11.402428	11.432538	9.942057	9.186907	9.873225	10.364654	10.911531	10.776953	10.470303	9.322549	8.477964	8.759153	9.505303	9.429222	8.9984455	9.426659	10.33112	9.904665	10.880741	10.218282	
12.879868	11.072126	11.414328	11.224014	10.306775	10.438157	10.169864	10.709377	10.437372	10.6362095	11.762373	12.245702	11.400318	11.714307	10.69649	9.347237	9.195284	9.446063	10.156658	10.57835	11.50441	10.33792	10.154734	10.565237	9.62373	9.40012	9.332678	9.479323	10.148277	10.362488	10.416906	10.099319	10.322299	
13.07	11.850849	11.581228	10.961855	10.827578	10.959276	11.000044	10.376649	10.739555	11.475624	12.32442	11.637408	11.782287	11.113682	10.245763	9.583609	9.324165	9.401527	9.497536	10.333771	10.3454075	10.473461	11.031054	11.5953865	10.628164	10.588068	10.557758	9.998172	10.079367	10.657904	10.762196	10.1529875	11.138117	
13.683262	12.174755	10.937167	10.608344	10.5238	10.67635	10.3697605	10.216269	10.818764	11.173511	10.833845	11.709712	10.845837	10.689047	10.179117	9.675833	9.121522	8.915927	9.711899	10.368849	10.974847	11.3405	11.738767	11.620345	11.156969	11.316547	10.66082	10.624409	10.617615	10.808777	11.024892	11.055012	11.719337	
13.821428	11.312115	10.559997	9.702901	10.159994	10.515419	10.633474	10.110394	10.4798565	10.654004	11.01279	11.383368	11.441511	10.732792	10.760896	10.103239	9.249418	9.42773	9.927702	10.730774	10.91876	10.90453	10.669831	11.2904625	11.397691	11.709396	11.861802	11.116857	10.977621	11.451456	11.378914	11.460587	12.292352	
12.65205	10.87599	9.975891	9.43164	9.815339	10.362311	9.976929	10.32386	10.282381	11.127741	11.188228	11.002771	10.915476	11.333459	11.019618	10.347746	9.565117	9.724653	10.768472	11.370601	11.279669	10.355751	10.339512	10.102297	11.593641	12.037611	11.274289	11.300597	10.914531	11.017786	11.074303	11.236459	11.743831	
12.36877	10.3791275	9.486554	9.566197	9.981773	9.824833	10.041256	9.8434	10.717145	10.567211	10.650898	10.341938	10.987096	11.019295	11.197267	10.428889	10.121153	10.729121	11.078981	11.326405	11.360278	10.559362	10.172436	10.834947	12.021316	11.539589	11.391172	10.66163	11.462064	11.64538	11.011965	11.092643	11.3445015	
11.44997	9.508383	9.244115	9.521725	9.636629	9.621969	9.900879	10.394256	10.15071	10.613588	10.338414	11.11769	11.0126915	11.153415	10.558584	10.606692	10.078522	10.398447	11.127172	10.808917	10.723148	10.552909	10.228888	11.488428	11.593449	10.545699	10.129844	10.827047	11.212996	10.844175	10.5180235	10.726438	11.557632	
12.122497	10.06365	10.368615	10.165351	10.500999	10.615024	10.370209	10.710198	10.257727	10.596579	11.49008	11.486652	11.522989	11.23132	11.332356	10.829464	11.265989	11.766294	11.434822	11.162016	11.545254	10.464561	11.42196	11.393364	11.55892	10.762537	10.639278	11.466049	11.750195	11.717384	11.582874	11.011972	12.323224	
