0.29859352	1.3598332	0.37042522	1.791115	1.0218923	2.7332366	0.8665254	3.7677195	2.1472914	2.5122085	5.641285	1.9724518	2.6922543	2.597099	2.9042754	
1.1195632	0.2823935	1.4792185	0.7415258	0.7313654	1.0878421	0.04996462	0.15507543	1.0194623	2.5522568	1.9434466	1.1084552	1.200146	1.5792589	1.2747325	
1.1162179	1.4766856	1.0943371	1.9453437	3.029372	0.24889845	0.15507543	0.48569173	1.7635978	1.6976042	1.9035817	1.3208233	0.8929997	0.72803485	1.1372374	
1.9331732	0.79954803	1.3227584	2.5575008	0.56699866	1.1696252	0.1633516	0.08178301	1.1142573	0.21327631	1.5852163	1.106276	0.71957487	1.633792	1.1103507	
1.3439767	1.2193818	2.1940053	0.76022416	1.3348314	0.19893382	0.0	0.0	0.0	0.0	0.0	0.135229	0.0	0.135229	0.2575112	
2.1563754	2.1954389	0.4433679	0.0	0.0	0.0	0.0	0.0	0.0	0.0	0.0	0.0	0.0	0.38920808	0.0	
2.4741025	0.37239432	0.7694289	0.0	0.0	0.0	0.0	0.0	0.0	0.0	0.0	0.0	1.4390239	1.220121	0.33518267	
2.8567755	1.3977547	0.50794727	0.0	0.0	0.0	0.09210886	0.0	0.0	0.1944396	0.27779603	1.7031095	1.5049936	0.38920808	0.13076167	
2.469189	0.8803416	0.1995656	0.58679825	0.8276027	0.52223027	0.18280993	0.0	0.1944396	0.30979532	1.3139014	2.5201006	1.3236301	1.743181	0.8845557	
2.962074	0.9940753	1.8989608	1.0837164	0.52223027	0.18280993	0.09210886	0.1944396	0.30979532	0.45852518	2.3261404	0.53789985	0.6771709	0.7982795	1.7886984	
1.6301596	1.3910136	1.283282	1.0169196	1.056917	0.5882386	0.42693496	0.031999305	0.0	1.7954712	0.33878896	1.4074053	1.0720937	1.3818243	0.90817195	
1.6920733	1.0457903	1.4170659	0.5880979	1.2406703	1.4490266	0.6628546	0.3382104	1.2122438	0.064974695	0.748365	0.0	0.36528212	0.0	0.73317116	
1.0171435	0.6128504	0.33198416	1.2406703	2.1263013	1.3874941	1.3918422	0.8080044	0.064974695	0.0	0.064974695	0.57674396	0.0	0.33301243	0.1368146	
0.6128504	0.90281653	1.7189772	2.3421392	2.516581	2.3526187	1.9139645	0.83541596	0.6489922	0.0	0.47550768	0.0	0.5479504	0.1368146	0.8701544	
0.6648278	0.6750811	1.543912	1.2774421	1.576419	1.3537533	2.4034395	1.5163724	0.45326108	1.0130496	0.9500281	0.8486601	0.8672243	0.6590711	1.3295385	
