0.0	0.0	0.0	0.0	0.0	0.034702912	0.2724744	0.034702912	0.0	0.0	0.0	0.0	0.0	0.0	0.0	
0.0	0.0	0.0	0.0	0.0	0.2724744	0.0	0.2724744	0.0	0.0	0.0	0.0	0.0	0.05229567	0.58080655	
0.0	0.0	0.0	0.0	0.0	0.21530797	0.0	0.0	0.0	0.0	0.0	0.0	0.05229567	0.58080655	0.29705256	
0.0	0.0	0.12967904	0.0	0.21530797	0.0	0.0	0.0	0.0	0.0	0.7444088	0.05229567	0.58080655	0.34934825	0.67321795	
0.0	0.12967904	0.0	0.21530797	0.0	0.21530797	0.0	0.05721794	0.0	0.7444088	0.0	0.0	0.0	0.092411384	0.5682302	
0.12967904	0.0	0.12967904	0.0	0.0343899	0.0	0.08482337	0.07863884	1.0585961	0.0	1.072442	0.20746513	0.6140885	1.0787045	0.39026898	
0.0	0.0	0.0	0.0343899	0.12662296	0.08482337	0.07863884	0.3714053	0.0	0.3280332	0.32856646	0.5440526	0.60719335	0.29785758	0.09671907	
0.0	0.0	0.0343899	0.12662296	0.061995327	0.07863884	0.43020457	0.5600679	0.77988434	0.50634974	0.8720858	0.7179394	0.5216771	0.64590526	0.0	
0.0	0.22353591	0.12662296	0.0	0.12662296	0.08841182	0.48142904	0.1376638	0.2988846	0.02237551	0.29125458	0.11395955	0.14864483	0.0	0.13054086	
0.48910093	0.0	0.037489906	0.0	0.10990539	0.49630284	0.29311162	0.6592123	0.1376638	0.3479365	0.09158404	0.14864483	0.0	0.48420823	0.40510088	
0.0	0.26102582	0.0	0.021493569	0.13839144	0.06703602	0.0	0.5443785	0.33668417	0.4154064	0.2448716	0.15486726	0.23145023	0.40510088	0.18278174	
0.4127301	0.0	0.058983475	0.13839144	0.62992865	0.014873818	0.61141455	0.16653092	0.32382238	0.061504498	0.06328322	0.58458877	0.8820735	0.4010181	0.6964544	
0.0	0.43698132	0.56951743	0.54139906	0.22777373	1.2086179	0.59714884	1.0337132	0.5309671	0.38710558	0.42785686	0.5848004	0.19240962	0.3940223	0.7364178	
0.5466565	0.88787293	1.2094697	0.49923956	1.2056385	0.63438076	0.16551237	0.30293167	0.17063613	0.36635238	0.5215172	0.558762	1.1066769	0.75552386	0.5086484	
0.88787293	1.105052	0.94523937	0.831988	0.73863685	0.82975185	0.7335496	0.3361485	0.30293167	0.044544592	0.34177315	0.38289535	0.9479335	0.31996363	0.90322393	
