14.40836	14.02797	13.698069	13.698721	13.491774	12.671922	12.181273	11.954634	12.0052805	12.107835	12.111662	12.237194	12.284482	12.525392	12.658985	12.71233	12.422119	12.323837	12.353554	12.677418	12.948701	13.291821	13.664293	13.710335	13.497404	13.135944	12.881153	12.971256	12.872669	12.829151	12.33163	11.991753	11.884038	
13.564497	12.462336	11.542976	11.39484	11.255909	11.059023	11.229379	11.459799	11.52136	11.43754	11.271641	11.268614	11.313014	11.607282	11.838184	11.965289	11.790905	11.761961	11.757953	11.953087	12.220556	12.652498	13.019772	12.901108	12.447542	12.0082035	11.7359085	11.827503	11.888418	11.9464655	11.573569	11.325371	11.443274	
12.540763	11.135521	10.032451	9.918968	10.043417	10.186789	10.779847	11.240035	11.270131	10.941347	10.503406	10.366267	10.365463	10.624598	10.867617	10.995207	11.028356	11.108221	11.17996	11.228006	11.553217	11.964376	12.177958	11.856157	11.342872	10.993762	10.795759	10.913574	10.992285	10.947577	10.63279	10.641279	11.02539	
12.082943	10.991592	10.134232	10.243856	10.446758	10.8034	11.381649	11.7076435	11.522358	11.014877	10.528797	10.360035	10.348101	10.425176	10.512276	10.660147	10.935421	11.17042	11.332235	11.462536	11.870758	12.081564	11.969664	11.464067	10.981534	10.76112	10.667433	10.706453	10.72068	10.637861	10.536467	10.803	11.540831	
12.30806	11.759048	11.241041	11.517403	11.635431	11.66135	11.683857	11.609981	11.301926	11.020479	10.795892	10.694393	10.5811615	10.455623	10.503994	10.669676	11.043758	11.291313	11.636253	12.013602	12.557962	12.667921	12.259422	11.64508	11.301126	11.322676	11.3997965	11.39308	11.346077	11.167301	11.078803	11.521891	12.315509	
12.483224	12.085379	11.879606	12.268832	12.31905	11.94122	11.449518	11.078954	10.909327	10.95404	11.002098	10.97056	10.887939	10.824596	10.964712	11.192219	11.485424	11.640057	12.034447	12.555109	13.206505	13.220722	12.736542	12.153932	12.0114	12.272103	12.522053	12.613487	12.577108	12.46365	12.266022	12.6115055	13.143476	
12.0947075	11.762819	11.734474	12.311877	12.332127	11.800088	11.088833	10.644514	10.600035	10.811888	10.964554	11.044464	11.190094	11.398476	11.730736	11.906844	12.062376	11.930642	12.192974	12.578759	13.071684	12.93357	12.439168	12.063514	12.272053	12.782363	13.241219	13.329138	13.354985	13.100692	12.655046	12.752363	12.95119	
11.604715	11.216899	11.251316	11.9518175	12.207067	11.758814	11.109405	10.696458	10.668415	10.797001	10.942215	11.266673	11.729326	12.07734	12.402451	12.528352	12.6110735	12.213018	12.156349	12.1932335	12.371784	11.9741335	11.510444	11.374508	11.890766	12.594141	13.292679	13.622543	13.685606	13.241858	12.547497	12.415832	12.689096	
11.687202	11.324768	11.174828	11.896288	12.160212	11.793536	11.255196	10.963383	10.967393	11.147364	11.505646	12.192362	12.681616	12.715234	12.615221	12.623595	12.759041	12.429718	12.310976	12.052531	11.708075	10.849766	10.203934	10.175589	10.978965	12.148847	13.300133	13.7048	13.442476	12.537132	11.674641	11.66173	12.373512	
12.355593	11.674505	11.293062	11.8248825	12.0991745	11.807688	11.5310135	11.5138035	11.620206	12.002112	12.789361	13.686909	13.89366	13.281193	12.670721	12.612002	12.874637	12.852509	12.5908985	12.02286	11.239547	10.198711	9.618964	9.893948	11.034833	12.672281	13.890574	14.173067	13.346868	12.07852	11.266101	11.589067	12.780083	
12.947201	11.892921	11.147705	11.39822	11.630476	11.827745	12.130373	12.540659	12.851017	13.467184	14.505494	15.257558	14.854561	13.527317	12.484032	12.451874	12.864254	12.972155	12.558926	11.634016	10.660919	9.813154	9.878096	10.708632	12.305656	13.940612	14.793538	14.277496	12.801012	11.3570175	10.846002	11.4825115	12.691526	
12.953173	11.740161	10.812582	10.906437	11.344405	12.039747	12.706915	13.193687	13.607088	14.41279	15.626616	16.23768	15.428311	14.029255	12.993872	12.846428	12.739302	12.295403	11.573181	10.78395	10.374029	10.543485	11.382573	12.837667	14.219384	15.177803	14.857037	13.497765	11.745056	10.526468	10.453745	11.143278	12.122599	
12.973325	11.901222	10.910662	10.848417	11.320089	12.056683	12.728028	13.186479	13.790243	14.706097	15.699915	16.034721	15.20393	14.338355	13.636257	13.271132	12.326477	11.110931	10.21347	9.766738	10.062754	11.011145	12.4986105	14.087763	15.010101	14.999332	14.011482	12.380032	10.922489	10.082305	10.232026	10.811709	11.419701	
13.15472	12.420008	11.582041	11.410339	11.589696	11.874712	12.430506	12.981377	13.726747	14.304651	14.724579	14.790676	14.307459	14.182413	13.816265	13.221865	11.62228	10.053659	9.193941	9.208998	10.073845	11.568302	13.015696	14.194534	14.313782	13.935423	12.911169	11.7233305	10.817823	10.375769	10.52598	10.859091	11.169846	
13.418897	12.8348055	12.12011	11.753517	11.605442	11.839067	12.487734	13.214713	13.684765	13.807153	13.554559	13.190977	12.813405	12.825943	12.722148	12.22389	10.949606	9.578625	8.691183	8.613849	9.428654	10.733055	11.989578	12.608791	12.678141	12.378826	12.030099	11.626849	11.4443035	11.320834	11.253664	11.325348	11.393307	
13.488501	12.993291	12.307028	11.934624	11.788501	12.131311	12.653223	13.056324	13.109464	12.888033	12.50296	12.130894	11.7390375	11.564377	11.4428005	11.251236	10.56296	9.554211	8.791622	8.634242	9.311095	10.346605	11.138411	11.331877	11.29413	11.384194	11.5373	11.687265	11.811841	11.8582	11.751034	11.720213	11.697481	
13.294496	12.829817	12.227465	12.012821	12.079231	12.4614315	12.675015	12.575742	12.399519	12.341175	12.248852	11.939613	11.404283	11.0217705	10.886898	10.82856	10.444893	9.485226	8.64525	8.455399	9.176466	10.003599	10.385189	10.238384	10.182516	10.432484	10.858492	11.394201	11.745582	11.92145	11.856859	11.874515	11.996813	
13.193962	12.702314	12.154463	12.106369	12.3097725	12.48185	12.38208	11.978118	11.697443	11.654007	11.754864	11.733533	11.456455	11.179752	10.92099	10.735539	10.07541	9.070248	8.368298	8.533885	9.327367	9.974071	10.075803	9.845095	9.625578	9.822318	10.285902	11.022871	11.545372	11.812249	11.863167	11.999334	12.296342	
13.172976	12.587562	11.971544	11.971895	12.1550865	12.387947	12.538794	12.287078	11.924675	11.568953	11.426347	11.39691	11.334853	11.174586	10.862284	10.373172	9.501822	8.545404	8.081842	8.482865	9.221367	9.731558	9.80497	9.598869	9.251099	9.209948	9.636704	10.486576	11.17046	11.54826	11.66675	11.954636	12.356731	
12.934338	12.212349	11.378189	11.3496	11.463767	11.972889	12.415821	12.426207	11.837507	11.15844	10.865341	10.927358	11.001461	10.948942	10.59444	10.07338	9.171201	8.5104265	8.362341	8.860752	9.382156	9.681462	9.818714	9.717577	9.361446	9.1361265	9.385055	10.075469	10.725954	11.05431	11.174	11.538847	11.974096	
12.571365	11.798997	10.962229	10.886122	11.088238	11.803263	12.527994	12.546704	11.921087	11.174641	10.843206	10.748427	10.773496	10.855722	10.759687	10.3706875	9.689244	9.190517	9.138479	9.424626	9.626971	9.641819	9.708792	9.647245	9.353816	9.101025	9.239988	9.822256	10.306117	10.459072	10.53793	10.961412	11.541593	
11.873225	11.308852	10.639245	10.77535	11.154777	11.928568	12.506254	12.358759	11.713148	11.097377	10.785298	10.596287	10.554406	10.765268	10.889124	10.741034	10.21213	9.835776	9.77377	9.895996	9.801144	9.559235	9.457806	9.320736	9.128441	9.024069	9.2635975	9.754026	9.97325	9.995859	10.043884	10.6138	11.325138	
11.525751	11.215006	10.886442	11.167043	11.61482	12.112682	12.430287	11.951607	11.361913	10.840667	10.663755	10.469656	10.50312	10.778947	11.082235	10.950329	10.457572	10.1243515	10.132586	10.15926	9.862511	9.449014	9.209904	8.960239	8.835426	8.879059	9.249313	9.693114	9.845176	9.852758	9.932859	10.552444	11.292769	
11.375654	11.273441	11.033703	11.307413	11.551874	11.770539	11.799413	11.314123	10.769217	10.48416	10.469928	10.568303	10.696221	10.918089	10.972075	10.621598	10.118542	10.008942	10.264839	10.392654	10.171257	9.710283	9.28727	8.854397	8.781233	8.948757	9.286089	9.528614	9.67634	9.821468	10.068892	10.538013	11.211085	
11.659111	11.513451	11.208196	11.191888	11.108401	10.964674	10.973455	10.69015	10.444441	10.477127	10.819244	11.111756	11.225765	11.156721	10.850786	10.231441	9.753048	9.838661	10.256155	10.58882	10.526948	10.181047	9.732677	9.30102	9.18125	9.185307	9.329411	9.481255	9.760768	9.989759	10.232651	10.424377	10.908358	
12.116556	11.824602	11.3029175	11.048606	10.811411	10.664607	10.625127	10.515224	10.451535	10.849862	11.260473	11.581628	11.512766	11.224806	10.608679	9.883783	9.477786	9.605114	10.062592	10.496585	10.6369	10.490755	10.269846	10.017553	9.904792	9.7582445	9.698788	9.716656	9.942417	10.232176	10.396481	10.432835	10.826589	
12.641432	12.073731	11.313852	10.931677	10.725128	10.585733	10.546194	10.537518	10.731482	11.13352	11.533201	11.6157675	11.45981	10.962983	10.360565	9.707668	9.334575	9.418954	9.823398	10.385747	10.69528	10.877899	10.984156	10.901598	10.721619	10.3627615	10.217544	10.166491	10.308481	10.542047	10.593387	10.74345	11.076538	
12.949189	12.110088	11.076579	10.651429	10.54839	10.629521	10.539738	10.527196	10.671625	11.056931	11.356076	11.441241	11.259516	10.86566	10.342664	9.804841	9.422553	9.397491	9.812857	10.312171	10.7101	10.933018	11.184927	11.236519	11.255893	11.097469	10.937092	10.721602	10.703575	10.8620825	10.972525	11.220488	11.60054	
12.761338	11.776961	10.619867	10.190563	10.199566	10.337042	10.353863	10.3568535	10.576309	10.841236	11.120663	11.14817	11.117107	10.87975	10.5379715	10.002501	9.570131	9.601382	10.105179	10.672397	10.916031	10.946907	10.9291115	11.101057	11.358329	11.445418	11.322481	11.038727	10.981072	11.029544	11.167576	11.442854	11.736509	
12.259216	11.270214	10.143379	9.853365	9.928934	10.145702	10.181318	10.267633	10.456221	10.74225	10.880994	10.991564	11.017523	11.045267	10.771466	10.310371	9.966341	10.065816	10.564938	10.9735155	10.978458	10.728904	10.581015	10.935793	11.391884	11.647389	11.4325485	11.21784	11.171991	11.214891	11.263277	11.40395	11.627205	
11.63407	10.660095	9.776625	9.628874	9.751379	9.906879	10.032188	10.181202	10.446699	10.626257	10.772053	10.839467	10.987093	11.021877	10.851664	10.435955	10.2222595	10.399072	10.814752	11.093739	10.926338	10.619106	10.514948	10.930546	11.306331	11.347401	11.078609	11.019352	11.098467	11.077913	11.018575	11.145088	11.45196	
11.454745	10.554631	9.811523	9.830217	9.937166	10.054841	10.146891	10.265086	10.427868	10.59804	10.800339	10.994272	11.09701	11.112779	10.928587	10.713213	10.69162	10.888945	11.0924635	11.17411	10.944761	10.780977	10.790762	11.1904125	11.30425	11.131311	10.88476	11.06003	11.287436	11.305006	11.127872	11.24103	11.704784	
11.497677	10.706356	10.101866	10.251097	10.388081	10.471796	10.53017	10.515108	10.594526	10.707642	11.050142	11.25591	11.356508	11.205091	11.081037	10.998765	11.144064	11.35041	11.465834	11.391306	11.064045	10.818243	10.848541	11.054311	11.001461	10.722732	10.70401	11.058886	11.4063425	11.441584	11.254821	11.524513	12.145427	
