0.0	0.51903677	0.2273407	0.0	0.0	0.0	0.0	0.0	0.0	0.0	0.0	0.0	0.017920613	0.0	0.017920613	
0.51903677	0.48060137	0.51903677	0.2273407	0.0	0.0	0.0	0.0	0.0	0.0	0.0	0.0	0.0	0.0	0.0	
0.25326067	0.0	0.0	0.0	0.0	0.0	0.0	0.0	0.0	0.0	0.0	0.0	0.0	0.0	0.0	
0.0	0.29842758	0.0	0.0	0.0	0.0	0.54617524	0.34542066	0.0	0.0	0.6813088	0.20558769	0.0	0.0	0.28428376	
1.151072	1.3368235	0.0	0.0	0.0	1.3896108	0.90558517	0.0	0.0	0.6813088	0.20558769	0.0	0.0	0.31577227	0.111667275	
1.3368235	0.04516691	0.0	0.0	1.3896108	3.402537	2.8336592	1.566797	2.111637	1.6995776	1.3422264	0.8327875	0.7754941	0.111667275	0.8230391	
1.105905	1.3368235	0.0	0.84343547	3.0571165	4.144412	2.94693	2.8394904	1.9104867	1.1445613	1.0644125	0.8156686	0.12426561	0.57024384	0.0	
0.13496262	0.0106107	0.01806131	2.496952	3.3009768	4.8837175	5.126974	3.131863	2.5748897	2.5584025	1.4450977	0.75146544	0.45972186	0.0	0.0	
0.0106107	0.084166735	0.3004638	1.337651	1.1653891	2.540988	1.5818858	2.0567663	1.0588659	0.8081019	0.56147826	0.32445824	0.12426561	0.0	0.0	
0.21912935	0.3110745	0.34221944	0.0	0.11833322	0.0	0.16396058	0.20515656	0.0	0.06212917	0.0	0.0	0.0	0.0	0.0	
0.3004638	0.39026356	0.3004638	0.44249135	0.0	0.2822938	0.20515656	0.16396058	0.26728573	0.0	0.0	0.30930108	0.0	0.0	0.18004858	
0.0	0.0	0.0	0.0	0.0	0.0	0.0	0.06212917	0.0	0.06212917	0.580953	0.0	0.0	0.18004858	0.0	
0.0	0.0	0.0	0.0	0.0	0.0	0.0	0.0	0.0	0.580953	0.0	0.30930108	0.0	0.0	0.31147718	
0.0	0.0	0.0	0.0	0.0	0.0	0.0	0.0	0.27165192	0.0	0.27165192	0.0	0.0	0.0	0.0	
0.0	0.0	0.0	0.0	0.0	0.0	0.0	0.0	0.0	0.0	0.0	0.0	0.0	0.0	0.0	
