3.1202343	0.48038685	4.0084414	0.27171457	0.49926823	0.37256795	0.8788011	0.94647646	0.46050015	3.7970576	0.09668966	9.223404	0.0	7.4292	0.74412245	
0.48038685	0.8882073	1.251631	0.49926823	1.5737429	0.63778216	1.3905444	0.50397605	1.8031056	0.30163938	2.3534305	0.25715026	2.528817	0.0	0.0052443445	
0.8882073	0.49952954	3.3439255	0.9615444	3.5569212	0.914695	2.7311933	1.66774	1.310333	3.3071163	0.1604606	5.2313643	0.0	3.9741788	0.68610346	
0.49952954	1.9634211	3.6478975	2.6032836	5.5325303	2.4263258	5.190512	1.3753467	2.548203	0.9836547	1.6856126	0.1604606	1.445362	0.0	0.0	
1.9634211	2.1868236	7.151717	3.6562908	6.233345	3.5617628	3.4847002	1.7393938	1.8080683	1.5908576	0.0	1.9611598	0.0	2.763566	0.44976014	
2.7566621	3.9686913	7.887016	2.407452	9.437304	1.5617585	7.9540024	0.9221662	3.7778192	0.61824435	1.218913	0.0	1.3182039	0.0	0.0	
3.7783072	2.0439014	6.8285847	2.2192495	3.9328394	2.6528456	2.278459	0.89143896	0.5477605	0.07192655	0.0	1.8545895	0.0	3.5743382	0.31686902	
2.61374	3.7512813	4.764621	1.2518328	5.3281603	0.9651743	4.3234806	0.24383862	1.6103082	0.0	0.46445888	0.0	2.2561343	0.0	0.0	
2.5649576	0.50146955	4.7373676	0.45606536	2.6585565	0.77919626	1.8317939	0.7188692	0.5174126	0.91292393	0.0	4.396159	0.0	4.743539	0.16359149	
0.50146955	0.9205773	1.1431584	0.4415493	1.2352617	0.6227809	1.7251222	0.273574	1.4142224	0.0	1.675566	0.0	2.4874046	0.0	0.0	
0.9205773	0.18562348	2.469155	0.0	1.0643302	0.2270567	0.8963549	0.99573606	0.84996	2.697771	0.0	4.919004	0.0	4.142911	0.2976694	
0.18562348	1.1070285	0.18562348	0.0	0.2270567	0.0	1.0073454	0.57638603	0.95679134	0.0	0.7560336	0.13916342	1.6555064	0.059325352	0.077543065	
1.1070285	0.0	1.4584372	0.0	0.0	0.6499823	1.2732917	1.263662	1.4088621	1.3844986	0.18834433	2.5855503	0.059325352	1.9474994	0.9374894	
0.0	0.35140878	0.0	0.0	0.34959936	0.6969057	1.681486	0.83247614	0.44664764	0.28137624	0.2090972	0.22325243	0.71526	0.059325352	0.6300372	
0.35140878	0.0	3.1711977	0.11658169	1.5212197	1.4288869	2.7498188	0.9844237	2.5820897	0.26382214	0.91912353	1.8192021	0.0	3.7646484	0.13282882	
