17.077076	16.099863	14.796238	13.740158	12.496311	12.294272	13.197061	15.345625	17.434952	18.191525	17.67315	16.650578	15.881944	15.343264	15.21935	15.666562	16.8748	17.501163	17.530476	17.075687	17.109066	17.215855	16.909935	16.491331	16.346607	16.864048	17.36287	17.568539	17.557327	17.158684	16.27555	15.645086	15.741764	
14.665974	14.479102	13.887027	13.104845	11.910933	11.471491	12.150774	13.939219	15.773128	16.6964	16.737057	16.481686	16.3303	16.326603	16.54214	16.968653	17.715288	17.986343	17.836542	17.457924	17.337603	17.262522	16.89907	16.635784	16.90676	17.640324	18.137455	18.068043	17.609367	16.783443	15.52187	14.872067	14.955246	
12.748671	13.54105	13.752213	13.357687	12.310579	11.75907	11.859501	12.816522	14.314847	15.684932	16.58038	16.98178	17.032639	16.946884	17.002909	17.33384	17.984528	18.164791	17.902134	17.493763	17.154118	16.992691	16.877949	17.085106	17.612213	18.26038	18.622465	18.473732	18.026302	17.316288	16.359777	15.863341	15.801448	
13.189271	14.439881	14.942099	15.053001	14.432065	13.851627	13.346365	13.581424	14.787361	16.514023	18.027912	18.756132	18.652678	18.222605	17.987928	18.216293	18.597935	18.650055	18.185963	17.655201	17.162287	17.284859	17.713078	18.353817	18.969078	19.419323	19.542463	19.338364	18.980562	18.628147	18.019667	17.548347	17.005112	
14.133279	14.835962	15.390728	16.033833	16.223402	16.065424	15.5276785	15.506071	16.329388	17.694199	18.786112	19.199762	18.941938	18.266796	17.801514	17.861969	18.259361	18.33379	17.773619	16.968695	16.468838	16.530289	17.198746	17.939472	18.496008	18.624119	18.426134	18.34771	18.366539	18.491743	18.232119	17.45648	16.362705	
13.528057	13.797298	14.349321	15.748635	16.652447	17.17149	17.182056	17.333553	17.58863	17.88351	18.061714	18.29977	18.266573	17.800623	17.278263	17.249384	17.68657	17.832981	17.19649	16.28064	15.4338875	15.240501	15.709638	16.520294	16.949694	16.729214	16.240837	16.122316	16.261806	16.362019	15.964682	14.834211	13.526056	
12.88852	13.307629	14.111259	15.647803	16.62289	17.394615	17.843082	17.928663	17.373524	16.528831	16.05375	16.226765	16.5239	16.137577	15.691357	15.665973	16.445663	16.931833	16.579874	15.787689	14.917459	14.440313	14.564827	15.145596	15.275716	14.814213	14.082294	14.074684	14.313517	14.353678	13.850777	12.865747	12.197201	
12.804224	13.521627	13.967257	14.836249	15.226946	15.985921	16.622173	16.592417	15.551418	14.19337	13.636181	13.918655	14.34439	13.95646	13.533418	13.731838	14.7681875	15.515105	15.457767	14.939438	14.151647	13.725897	13.863909	14.372414	14.352369	13.731455	13.011707	13.056207	13.3624	13.455713	13.007589	12.718184	12.886761	
14.176856	14.184555	13.580751	13.36808	13.232328	13.8406	14.45591	14.4642315	13.535508	12.409291	12.123707	12.321581	12.706638	12.203489	11.950401	12.277983	13.32543	14.134925	14.168688	13.836366	13.491019	13.4666	13.710491	14.010368	13.920954	13.481831	12.811736	12.794183	13.067131	13.334979	13.269618	13.767263	14.650115	
14.9043	13.946287	12.5623665	11.9765415	11.810209	12.374104	13.199711	13.65889	13.343512	12.477678	12.00117	12.088528	12.478665	12.16226	11.943891	12.22994	13.046943	13.478474	13.22608	12.868675	12.8509245	13.007351	13.319585	13.761398	14.181795	14.156111	13.449805	13.003805	13.057931	13.489522	13.7203045	14.475698	15.311892	
14.292777	13.224297	11.8636265	11.691191	11.6467285	12.224269	13.256056	14.166629	14.310249	13.661547	13.182804	13.250008	13.480886	13.145807	13.000151	13.260471	13.649324	13.62685	13.039434	12.881174	12.80831	12.899645	13.191195	14.210464	15.412649	15.597277	14.258997	12.914505	12.371809	12.656806	13.10594	13.888761	14.863293	
14.276143	13.87194	13.205702	13.301516	13.147903	13.450409	14.231555	15.058385	15.30425	14.835	14.4793005	14.501271	14.585293	14.203278	13.934098	13.959272	14.172203	14.202958	13.909296	13.892649	13.742369	13.672153	14.185577	15.569487	16.881012	16.592655	14.602817	12.837944	11.914394	12.03303	12.28513	12.973478	13.643478	
15.140383	15.568078	15.462126	15.527401	14.99554	14.766817	14.932596	15.272411	15.299822	15.167764	15.158417	15.2013445	15.006246	14.370045	13.92383	13.945643	14.239708	14.74753	14.836464	15.159767	15.032344	15.1579275	15.839491	17.03002	17.500357	16.340618	14.14945	12.701242	12.066766	12.205808	12.429131	13.010209	13.4002	
16.44799	17.20599	17.2671	17.090778	16.20642	15.507431	15.001006	14.560378	14.295853	14.342073	14.607838	14.708614	14.573031	14.0352125	13.660333	13.777186	14.258652	15.041128	15.2377	15.632586	15.674473	15.956758	16.417126	16.569187	15.773505	14.276423	13.189707	13.309778	13.77156	14.25753	14.374712	14.81433	14.689458	
17.266233	17.998693	17.895525	17.523403	16.426785	15.390687	14.537962	13.502386	12.933034	12.889865	13.57233	14.070381	14.022215	13.400339	13.238607	13.775368	14.210424	14.501835	14.054204	14.113144	14.117628	14.466466	14.773748	14.355436	13.2441225	12.349279	12.804295	14.3133135	15.765917	16.619621	16.98599	17.35563	17.098003	
17.504938	18.123997	17.846228	17.22509	15.974848	14.925758	14.171444	12.967134	12.1984	12.260211	13.262562	14.025059	13.828122	13.387183	13.62031	14.43284	14.589094	14.165535	13.101067	12.653267	12.382313	12.581682	12.645686	11.96549	11.146239	11.178892	12.906797	15.217655	17.077606	18.070154	18.498499	18.884678	18.633976	
17.286636	17.807087	17.489418	16.71199	15.523361	14.496274	13.841463	12.747937	12.107745	12.519822	13.733692	14.368444	13.835356	13.20278	13.497736	14.4228	14.414899	13.7785015	12.494383	11.832387	11.628638	11.937911	12.024214	11.408069	10.86688	11.322628	13.045699	14.92601	16.426212	17.423723	17.93534	18.264805	17.985895	
16.12981	16.650715	16.443928	15.97134	15.122217	14.676926	14.244492	13.5689945	13.109348	13.606223	14.449257	14.69449	14.040261	13.570199	13.712408	14.342462	14.168418	13.510299	12.449413	12.096108	12.338523	12.784939	12.656225	12.046088	11.6413765	12.034711	13.01171	14.011042	14.936825	15.607061	15.874109	16.04958	15.850228	
14.333763	14.892181	14.882745	14.755767	14.508799	14.618178	14.697498	14.606841	14.443882	14.594868	14.892263	14.888068	14.508266	14.106775	13.931232	14.1016	13.709169	13.105333	12.412502	12.429867	12.943413	13.38397	13.466297	13.295591	13.175071	13.253168	13.342658	13.398201	13.46373	13.639008	13.596445	13.786278	13.73332	
12.946715	13.560389	13.798342	14.059551	14.151701	14.639306	15.03239	15.411657	15.306404	15.08548	15.045595	15.377878	15.594162	15.486944	15.090415	14.816052	14.422737	13.829839	13.251119	13.001223	13.123356	13.306139	13.451493	13.750881	14.066219	14.258854	13.995186	13.507999	12.932692	12.552757	12.474797	12.861047	13.063322	
12.126672	13.003109	13.831858	14.349469	14.464058	14.574645	14.928862	15.247429	15.091866	14.753777	14.792179	15.681649	16.300339	16.430506	16.120182	16.049196	16.098934	15.726328	14.966404	14.1167965	13.427172	13.213644	13.44495	14.024547	14.406763	14.454689	14.050657	13.3551	12.425519	12.025549	12.28343	13.08227	13.543005	
12.03034	13.309086	14.520474	15.078532	14.832884	14.529525	14.483867	14.596281	14.389162	14.096249	14.322385	15.341082	16.166693	16.513248	16.697124	17.164728	17.57721	17.111359	16.07529	14.833012	14.065198	13.956312	14.16522	14.474319	14.390262	14.286877	13.772053	13.020039	12.190928	12.041902	12.712191	13.695404	13.86565	
12.689655	14.117075	15.237724	15.462477	14.906062	14.434935	14.522295	14.734747	14.63006	14.218525	14.178942	14.797642	15.4957695	15.98514	16.564241	17.175072	17.465607	16.680803	15.547822	14.553668	14.439787	14.707779	14.976434	14.981232	14.605371	14.461653	13.923258	13.191991	12.355379	12.449332	13.225893	14.015517	13.771042	
13.773224	14.959236	15.542024	15.309401	14.674353	14.670323	15.186592	15.641335	15.454534	14.850861	14.475323	14.813118	15.402113	15.922098	16.398556	16.650785	16.385004	15.360767	14.319046	13.842495	14.19698	14.846157	15.070793	14.931726	14.754454	15.150072	15.148286	14.551936	13.803246	13.948902	14.520146	14.8408165	13.952354	
14.800383	15.702484	15.841426	15.541494	15.09037	15.42688	15.977555	16.197874	15.762566	15.07249	14.730984	15.065915	15.678202	16.111027	16.350166	16.118664	15.601779	14.547539	13.70269	13.357818	13.570984	13.823359	13.668329	13.612703	14.145517	15.266564	15.882225	15.645181	15.188162	15.499702	15.939205	15.961849	14.990776	
15.152494	15.888107	16.029974	15.887249	15.605923	15.992116	16.22894	16.032951	15.222486	14.515053	14.420155	15.054588	15.790783	16.236675	16.298073	16.014954	15.535546	14.863854	14.243143	13.797155	13.433559	13.1895485	12.790732	12.681871	13.293617	14.577915	15.634582	15.910061	15.899451	16.393053	16.708904	16.582787	15.512407	
15.39962	16.050678	16.036785	15.865074	15.580801	15.86066	15.951731	15.554031	14.560317	13.81914	13.838228	14.545338	15.365845	15.82066	15.9214325	15.721959	15.629966	15.451293	15.259422	14.787386	14.400721	13.8982315	13.389551	13.025491	13.347342	14.271943	15.078379	15.341672	15.475625	15.97083	16.25024	16.101738	15.0999	
15.721039	16.018887	15.73958	15.4489	15.234193	15.647306	15.932327	15.600035	14.521436	13.7352	13.677189	14.305249	14.870968	15.213617	15.31177	15.381558	15.489442	15.688711	15.67528	15.555849	15.457234	15.23728	14.811434	14.248232	14.17865	14.6229	14.970347	14.9970455	14.983744	15.343588	15.535167	15.411844	14.496302	
15.963486	15.930671	15.48349	15.196918	15.133646	15.839584	16.367357	16.154081	15.086575	14.3255005	14.145197	14.518777	14.790147	15.084156	15.302237	15.452572	15.4625225	15.428749	15.5165825	15.928543	16.407238	16.483448	16.056866	15.518898	15.447698	15.564415	15.509088	15.174433	15.060219	15.368829	15.533072	15.706488	15.110378	
15.698794	15.67824	15.347003	15.26186	15.456436	16.30959	16.814798	16.547018	15.723972	15.279521	15.290374	15.450434	15.478301	15.530273	15.698595	15.728938	15.463308	15.223597	15.482442	16.355114	17.150892	17.3084	16.863304	16.444405	16.268536	16.190046	15.928199	15.619907	15.481245	15.74378	16.044863	16.5411	16.207579	
15.082585	15.306227	15.172846	15.366861	15.636642	16.328407	16.533997	16.202145	15.716063	15.780701	16.17666	16.520018	16.475424	16.3064	16.165028	15.95809	15.534086	15.412792	15.964355	16.913948	17.539217	17.383083	17.040085	16.71417	16.62387	16.422487	16.057247	15.643074	15.410267	15.809396	16.280624	16.854408	16.514923	
14.875963	15.304242	15.216767	15.474119	15.642019	15.968462	15.948931	15.5851	15.438637	15.967795	16.693142	17.06602	16.750828	16.265406	16.02235	16.085222	16.190716	16.470451	17.006817	17.375193	17.374094	16.850441	16.591755	16.514551	16.590046	16.350563	15.812131	15.266849	15.028862	15.337539	15.733288	15.832384	15.302043	
14.490753	14.9119625	14.9154	15.363523	15.45863	15.516563	15.294562	15.0484085	15.125191	15.846623	16.526152	16.713005	16.083881	15.490805	15.502821	16.13691	16.65808	16.971117	17.173075	16.939732	16.588743	16.005215	16.001034	16.193909	16.418594	16.162075	15.39061	14.683425	14.271921	14.406973	14.134949	13.6087675	12.793503	
