19.749283	17.132866	16.695463	16.055702	13.752552	13.223408	14.141167	16.667233	20.309002	20.307745	18.841774	17.796532	16.3877	15.959421	16.318676	16.94038	17.94503	18.63044	18.309978	17.584263	17.761093	19.342373	18.614944	17.347847	16.990723	18.477734	19.339546	18.521711	19.116463	18.916553	17.900948	15.771741	16.657297	
12.175463	12.605898	12.228117	9.761517	9.923024	8.215551	9.669672	13.00043	14.674223	15.918241	15.251953	13.712614	14.325599	15.308991	14.372912	15.41246	16.491476	17.682594	16.487074	16.207043	16.449242	15.796413	14.777096	13.742762	14.792076	15.656219	16.354073	16.701498	15.760251	15.290321	13.592583	11.710294	13.0572815	
12.121761	13.469452	14.133614	12.900614	12.493007	10.873016	10.952029	12.614454	13.424759	15.042063	16.497826	17.26478	18.256388	17.960665	18.049072	18.556671	18.631207	19.147337	18.551952	17.928196	17.842472	17.127323	17.651728	17.691145	18.113728	19.348598	19.690205	19.14751	17.981123	17.048862	15.443874	14.021648	15.69294	
13.039961	15.064546	17.03064	16.575516	15.173139	14.879829	13.652356	12.878172	14.48259	16.798687	19.074043	19.6632	18.789604	18.011906	17.446812	17.906694	19.137257	18.895048	18.459175	17.76078	17.757927	17.517656	18.01438	19.583046	19.4	20.182331	20.80619	19.71556	20.107174	20.484402	20.138002	19.508007	19.605444	
14.627842	14.785393	15.685724	14.833391	16.651371	15.508696	14.481204	14.277523	15.469727	18.098274	19.738232	20.074093	19.447018	18.406435	17.635538	17.917568	18.665833	18.523796	17.838894	16.568478	16.188925	15.768821	17.694502	18.369099	18.66672	19.367039	19.199104	18.425621	18.972778	18.942022	18.535091	18.055096	16.93502	
14.619219	14.254491	14.415852	15.871003	18.067846	18.449833	17.72454	17.896955	18.691578	18.370972	18.523678	18.73384	18.754143	18.597214	17.312504	16.978947	17.75658	18.552525	17.174984	16.188896	14.780203	15.687863	15.362321	16.791025	17.57417	16.530643	15.890866	15.717852	16.294243	16.63919	16.312792	15.474468	12.544405	
12.226607	9.965311	13.595253	15.73748	16.879799	17.872595	18.90753	19.519642	19.033278	16.93974	16.086117	15.990483	17.350327	17.045607	15.65681	15.95375	17.366919	17.463202	17.154093	15.303537	15.32774	13.090532	13.263601	15.358975	15.602223	14.287352	13.444803	13.304249	13.851338	14.2089615	13.501755	12.012765	10.136497	
12.761101	12.755932	15.174901	15.231117	15.856974	15.63936	17.153046	17.424229	15.007185	13.478127	12.62882	13.731958	14.241515	14.27	12.010076	13.397299	14.560869	15.980884	16.376453	15.024299	14.75901	14.095047	13.59651	13.837564	14.923971	12.575516	12.498359	12.491001	13.179452	13.135357	12.060013	11.311683	12.4373455	
15.254612	15.170715	14.790216	13.284382	12.976112	13.564687	15.0231905	14.495299	12.768369	11.296902	10.501796	12.071689	12.665197	11.732734	10.635869	11.098618	12.90634	14.18582	13.641362	13.990252	12.878188	12.896214	13.626226	15.010506	14.132147	13.443066	12.675659	12.38536	13.675635	14.030242	13.458658	13.348871	16.196068	
16.597319	13.134451	12.0217495	10.663303	10.313961	11.56106	12.477016	12.765311	13.064443	11.519718	11.418265	12.466095	11.168884	12.011675	11.095445	11.301903	13.495426	13.001715	13.065451	12.251955	12.540318	12.983887	13.824006	13.524458	13.617933	14.223425	13.246407	11.76683	13.228939	13.711354	13.535154	14.83523	16.722351	
14.9664	11.738566	11.842553	10.415361	11.481234	12.031778	11.937894	14.941156	15.457319	13.783079	12.489215	12.463778	13.5518265	14.176108	12.422602	13.020067	14.093206	14.319384	12.59756	11.981222	12.871767	13.264516	12.18103	12.565421	15.370859	15.748341	14.947155	12.612007	12.496246	13.614764	13.654696	13.293771	15.236488	
14.2600975	11.535484	12.922052	12.499126	13.0613785	12.793356	14.360738	16.436188	16.05959	14.765441	14.396852	15.342796	15.9523535	14.194454	13.7389145	15.040187	15.136494	13.435547	13.496864	13.205216	13.920214	12.25569	12.255369	15.866372	18.688725	19.108307	15.424346	11.254162	11.254451	11.407533	11.008114	12.8928385	13.820202	
15.844267	15.252171	16.485867	16.160135	14.845931	15.042825	15.498541	15.041523	15.792519	15.461428	15.309551	16.30157	14.703496	14.581249	14.508501	13.724805	13.948679	14.83146	15.967429	15.348979	15.644585	15.189131	15.467077	18.625591	19.104929	16.85057	14.090669	11.3897915	12.07267	11.127932	11.660863	11.905659	13.288674	
17.383106	17.415916	19.013744	17.874636	16.883736	15.798736	14.616103	14.805363	14.841142	14.495201	15.38815	14.964758	14.452576	14.56296	12.635901	12.327499	14.449807	15.26289	16.198597	15.781189	16.874836	17.071259	17.74318	18.081741	17.437185	13.739778	12.621063	12.866378	13.337666	13.89031	14.092739	13.876188	14.546609	
17.463343	17.191402	18.804096	17.205935	16.542925	15.502924	14.835161	13.867877	11.7451725	12.612452	13.433046	13.504381	14.320007	13.766286	12.785937	14.049852	15.563688	14.169177	14.978416	14.601168	15.298073	15.26104	15.06164	15.25345	12.347895	10.520391	11.775331	14.853389	16.781046	17.624851	17.729694	17.46417	18.76437	
18.227783	17.646479	18.842377	17.06514	15.478056	15.488977	13.3695545	12.55696	10.884143	10.589001	12.0204735	15.143518	13.406515	12.0789385	12.593925	14.346163	15.225522	12.499212	12.169203	10.827988	10.288824	11.054285	11.545051	11.892084	9.836695	10.087888	12.777287	15.997145	17.81052	18.731945	19.577812	19.886208	20.26289	
18.14703	17.890228	18.90324	17.067158	15.116879	14.305639	13.691716	13.924196	11.82943	11.77637	15.45181	14.832001	14.113771	13.287674	14.131594	15.542404	15.656466	14.249364	12.978768	11.436303	11.300656	11.3724785	12.053093	10.318052	9.381452	10.6782465	13.204851	16.266645	17.492685	18.140228	18.742596	18.588974	18.94538	
16.959387	16.376982	17.270285	16.342861	14.321924	14.523617	14.170101	12.542404	11.76293	13.104272	15.259966	15.425814	13.662125	12.567844	12.982622	13.94846	15.378047	12.8884535	12.961479	12.43867	12.089588	13.848946	13.888279	12.245651	11.5122595	11.849602	12.5753765	13.974253	14.235328	15.187154	16.895226	15.6679125	15.816257	
14.430611	14.490871	15.387812	14.265917	15.06599	15.089975	15.806484	14.146289	14.2474	14.650844	14.372982	15.169256	13.962682	13.341185	14.082291	13.527593	13.832676	12.492306	11.155127	11.444248	13.060133	14.055683	13.39558	12.728266	12.892159	13.166697	13.051753	12.337967	12.960515	13.836638	12.973167	12.835083	13.98163	
12.38946	13.328959	13.395261	13.085754	13.666096	14.217056	14.702356	17.079193	17.004408	15.457201	15.493807	15.096235	15.549743	15.799504	15.012976	14.118614	14.0311165	13.165249	12.043545	13.123435	13.552574	12.877437	13.687513	14.469321	14.841288	14.87039	14.518983	13.738904	13.19073	11.71209	11.760225	11.500506	12.646492	
12.024258	12.982794	13.613462	13.634245	14.421425	13.918848	14.8655205	15.465782	15.38748	14.31904	14.836161	16.014822	17.905209	17.50882	16.22009	16.20265	16.316465	16.117966	15.314093	14.4040985	12.913748	12.678841	13.53374	13.637059	14.572996	15.417802	14.99761	13.856569	12.918968	11.841846	11.780644	14.032976	14.238697	
10.998703	13.096317	15.198761	16.151161	15.979059	15.102874	14.298571	14.709557	13.713989	12.690149	13.881748	15.3404455	17.016682	16.471592	16.38993	17.357447	18.793476	18.787424	16.967623	14.774202	13.957853	12.562352	13.158731	14.399555	13.920713	13.531752	13.420668	12.103245	11.45022	11.017101	12.558113	14.34737	14.8754015	
11.690399	14.066864	16.110212	15.830451	14.768011	13.68988	13.721533	14.58222	14.621883	14.01235	13.403438	14.403311	15.267923	15.571427	16.267563	18.284601	18.65033	17.68454	15.370298	15.257376	14.537816	15.500496	16.763239	15.252968	15.029867	13.749649	13.940828	12.930359	11.561878	12.038165	13.210173	13.583324	14.6319275	
13.968042	15.469482	16.454891	14.761379	13.908367	13.963373	14.482738	16.149918	16.332314	14.858165	14.452691	14.568175	14.844364	15.9780035	16.058767	16.69883	16.074703	14.8591175	12.939723	13.290095	13.88802	16.189869	15.81163	15.149054	15.345327	15.069454	16.146612	14.416752	12.757357	12.923337	14.527646	14.82781	13.577885	
14.578688	15.935005	16.359537	14.89039	14.701372	15.55595	17.241692	17.292023	16.347694	14.894252	14.734957	14.950563	16.692646	16.342598	16.275576	16.109638	15.437065	13.666225	13.564899	12.239139	13.495097	13.374914	14.054327	13.540639	13.438485	16.214636	17.41579	16.450493	15.347354	15.803509	17.370697	16.396656	15.441232	
15.548759	15.886408	17.121544	15.694199	15.981779	16.356525	16.650124	16.105656	15.178721	14.704352	14.149261	15.26644	15.934134	16.526894	16.346243	16.814964	15.252192	15.503279	13.630645	13.631088	13.541645	12.488978	11.565739	10.8398075	12.769312	14.942942	16.056534	16.226816	15.988923	16.778927	17.999565	16.8247	16.690445	
14.933838	16.057783	16.571404	15.753498	15.911517	15.608084	15.922	15.328409	14.230243	12.9210205	13.474979	14.685566	15.6027565	16.115448	16.293787	15.857506	15.747621	15.431431	15.541334	14.980246	13.550304	13.600622	13.0343075	12.6172495	12.276979	13.002515	15.084042	15.317463	15.303135	15.878445	17.066935	16.260708	15.194132	
16.099422	16.190496	16.04646	15.009285	14.695987	15.216332	16.40359	15.974845	14.192688	12.406915	13.11408	13.821441	14.859378	15.480553	15.226753	14.630745	15.327835	16.104126	16.52317	15.989476	15.698564	16.125568	15.47835	14.755338	13.892339	15.029604	15.393227	14.65227	14.052639	15.082011	15.586894	14.773975	14.518297	
16.813711	15.688688	15.768186	14.570423	14.713348	15.629261	16.725632	16.58278	15.040115	14.015897	14.22086	14.433945	14.53423	14.305386	14.504259	15.391491	15.454033	15.460185	15.608662	15.438879	16.672012	17.05944	15.916353	14.715668	15.547506	15.770651	15.60924	14.874123	14.687276	15.006329	15.428625	14.732578	15.144455	
15.573096	15.50727	15.688707	14.881898	15.39796	16.088326	17.685814	16.999632	15.78163	14.784659	15.372653	15.136315	15.176088	15.363987	16.306768	16.510185	15.721075	14.56303	14.096618	15.865095	17.464417	17.351685	16.584652	16.524748	16.255138	16.538286	16.043747	15.67065	15.586721	15.92995	16.959019	16.29827	17.916275	
15.090994	15.154345	15.819164	15.04435	15.472712	17.309645	17.76361	16.548477	15.79547	15.967086	16.537315	17.144634	16.497854	16.712273	16.371613	15.82139	15.4796295	14.768755	15.860386	17.680374	18.509577	18.316551	17.900904	17.399727	17.15496	16.51014	16.280754	16.056198	15.770457	15.749502	16.576143	17.72335	18.091179	
15.067009	14.293518	15.561937	14.6044235	15.830599	16.099873	15.307121	15.003462	14.934089	15.630056	17.223347	17.793882	17.798079	16.655708	15.875237	15.868078	15.668831	15.405802	17.151009	18.288132	17.309925	17.067202	15.942831	16.272463	16.392113	16.567276	16.059975	14.788203	14.530965	14.609752	16.572052	16.107582	15.445793	
16.242462	14.544712	15.964036	15.964427	15.005426	15.44672	15.480457	14.581019	14.852204	15.635874	17.134722	17.171371	16.292973	14.690665	15.494239	16.711964	17.47601	18.515972	17.907665	17.48325	16.18642	15.525416	14.895146	16.005573	16.667236	16.34093	15.181681	14.524021	14.209376	15.02128	14.998321	14.241604	12.735429	
