1.1946534	1.4509649	0.0	0.0	0.0	0.0	0.0	0.0	0.0	0.0	0.41212052	0.0	0.0	0.0	0.0	
0.8588441	0.03628075	0.0	0.0	0.0	0.0	0.0	0.0	0.0	0.41212052	0.0	0.0	0.0	0.0	0.0	
0.0	0.46657687	0.0	0.0	0.0	0.0	0.0	0.0	0.41212052	0.0	0.91918623	0.0	0.0	0.0	0.0	
0.6672325	0.0	0.20672792	3.105428	3.2519925	0.18079108	0.35789782	0.0	0.0	0.5070657	0.0	0.0	0.0	0.0	0.0	
0.0	0.6733048	3.105428	7.0325418	2.5212142	0.35789782	0.0	0.0	2.8268278	1.0456345	0.5070657	0.0	0.0	0.0	0.0	
0.40738356	3.105428	8.373359	9.942862	5.596078	0.69691074	0.35789782	2.319762	1.6608992	0.0	0.0	0.0	0.0	0.0	0.0	
0.0	4.9146385	8.520557	9.39719	2.8565428	0.0	2.319762	1.6608992	2.319762	1.0456345	0.0	0.0	0.0	0.0	0.0	
1.134089	6.492288	6.7507296	4.8323383	1.9861879	0.51611966	0.6152647	0.0	0.6152647	0.0	0.0	0.0	0.0	0.0	0.0	
2.1760693	3.6304529	1.8639157	3.6304529	0.0	0.0	0.0	0.0	0.0	0.0	0.0	0.0	0.0	0.0	0.0	
0.0	0.31215352	0.0	0.0	0.0	0.0	0.0	0.0	0.0	0.0	0.0	0.0	0.0	0.0	0.0	
0.0	0.0	0.0	0.0	0.0	0.0	0.0	0.0	0.43652302	0.43922967	0.0	0.0	0.0	0.0	0.0	
0.0	0.0	0.0	0.0	0.0	0.0	0.0	0.43652302	0.43922967	0.0	0.0	0.0	0.0	0.0	0.0	
0.0	0.0	0.0	0.0	0.0	0.0	0.43652302	0.43922967	0.43652302	0.43922967	0.0	0.0	0.0	0.0	0.0	
0.0	0.0	0.0	0.0	0.0	0.0	0.0	0.0	0.0	0.0	0.0	0.0	0.0	0.0	0.0	
0.0	0.0	0.0	0.0	0.0	0.0	0.0	0.0	0.0	0.0	0.0	0.0	0.0	0.0	2.5395527	
