0.78102225	1.6040483	0.6379898	1.4765685	0.20667373	0.5704663	0.20667373	0.5704663	0.0	0.0	0.60358346	0.0	0.26524282	0.31417274	0.22525369	
1.0589185	0.340649	0.0	0.008236222	0.0	0.8675958	0.0	1.2416528	0.0	0.33834064	0.434079	0.21242522	0.0	1.0747234	0.8993612	
0.48368144	0.0	0.23555245	0.081300706	0.9682832	0.7307176	1.2416528	0.36973548	0.33834064	0.434079	0.8928293	0.03754065	1.0747234	1.3171195	1.7740525	
1.058209	0.5679652	0.081300706	0.9682832	0.7307176	2.1898067	0.36973548	1.928129	0.434079	0.55448866	1.2637538	1.7444887	1.1319239	2.3846147	2.6394086	
0.23555245	0.081300706	0.3362398	0.8120183	0.30746835	1.3863037	0.8897704	1.4784347	0.40296027	0.8296748	1.0246572	0.45529893	0.59185594	2.1478565	1.487906	
0.0	0.0	0.0	0.33056617	1.6313937	1.5180254	1.3023083	1.1380473	0.8386016	0.6825938	1.0497185	1.6675786	1.5002602	2.4789093	1.4327703	
0.0	0.0	0.25000808	2.680121	2.205835	1.588159	0.77632356	1.1551667	0.060896844	0.26866597	0.39312875	0.6091104	0.75571203	0.9562899	0.5188716	
0.023376502	0.12378518	2.3942704	2.0001032	1.6634166	1.0598292	0.24007657	0.39559352	0.44497555	0.8848699	0.45202535	0.7922761	0.19444095	0.56145424	0.15142749	
0.008825444	1.0487275	1.3286211	1.1981157	2.1604133	0.19082935	0.1263773	0.14092368	0.49174112	0.17448527	0.0	0.14999864	0.1957184	0.31574747	0.4124691	
0.023376502	0.0	0.1493882	0.71033394	0.3150938	0.031112202	0.12984209	0.4966603	0.29324576	1.4299226	0.14999864	0.033411488	0.36027914	0.3117333	0.87071717	
0.008825444	0.025123768	0.71033394	0.21595311	0.73652697	0.19082935	0.0	0.16340367	0.9381815	1.0229609	0.43394488	1.2272961	0.91667134	0.45940036	0.25016218	
0.0	0.0	0.0	0.026193015	0.0	0.17872772	0.0	0.9381815	0.7095586	1.3828542	0.9160193	0.63309765	0.5299618	0.06157112	1.0560756	
0.3171234	0.45117068	0.42023993	0.0823054	0.2532788	0.38753974	0.0	0.7095586	0.44467264	2.0402637	0.9720599	1.0587957	0.5715265	0.0	0.12158701	
0.93877226	0.83427286	0.29989004	0.5159177	0.68047553	0.2280243	0.0	0.04413928	0.4622592	0.23519328	0.34840047	0.13106872	0.4491073	0.22105867	0.21465717	
1.4018846	1.446723	1.0410607	1.0642989	0.6027864	0.80159795	0.5579269	0.8477802	0.25988188	0.98449695	0.5931751	0.7382797	0.33531183	0.55665714	0.9992636	
