4.543936	0.4982175	3.8422492	0.21511656	1.6370765	0.21747908	1.1604958	0.42002764	1.5585837	0.41766512	1.8539845	0.26180124	2.2403028	0.26180124	2.5432537	
0.2635292	1.1027932	0.4108012	0.0	0.0	0.0	0.0	0.0	0.0	0.0	0.0	0.0	0.0	0.0	0.0	
3.0142562	0.24473262	1.569279	0.0	0.0	0.0	0.0	0.0	0.0	0.0	0.0	0.0	0.0	0.0	0.11238587	
0.24473262	0.46648568	0.24473262	0.0	0.0	0.0	0.0	0.0	0.0	0.0	0.0	0.0	0.0	0.0	0.0	
1.5020807	0.0	0.99470145	0.0	0.0	0.0	0.0	0.0	0.0	0.0	0.0	0.0	0.0	0.0	0.93584335	
0.10086799	0.52821577	0.40901613	0.0	0.0	0.0	0.057498068	0.0	0.44498736	0.0	0.0	0.0	0.0	0.49409616	1.3634028	
1.3209978	0.6067746	2.021583	0.045756996	0.2226119	0.8922862	1.7937381	1.772124	1.4721014	0.8440829	0.75006527	0.06946018	1.6727842	1.2001352	2.5935464	
0.74899334	1.4933674	1.4233413	0.2226119	1.4833292	1.7937381	3.0475302	1.7711307	2.3324738	0.89664346	1.0377632	1.178688	2.225788	1.5050979	2.3916466	
2.5717592	1.3246003	3.607834	1.8758473	3.3881714	4.187869	5.617522	5.0346174	4.2639723	3.0032291	3.149225	2.1118553	3.933457	2.6729274	3.7244835	
1.1224357	1.8918548	2.8966126	1.3718214	3.519448	2.3516822	4.9501553	2.3408349	3.540388	1.3670498	2.919196	1.249671	3.036236	1.4647632	1.5742426	
2.4265075	1.4495184	4.888301	2.1147563	5.093558	3.910949	5.075729	3.603135	4.304428	2.775012	3.3579688	1.6724397	3.9227169	0.9016633	2.35782	
0.9327423	1.624625	1.909606	1.6690836	2.185379	1.1278486	1.5306072	1.188729	1.5992928	0.88782626	1.1414514	1.2082827	0.70483595	0.8930568	0.3836785	
1.624625	0.07440302	4.743996	0.41406906	3.5909863	0.66852844	2.994646	1.0263438	2.6775503	1.2346873	2.3277774	0.49690098	2.1013396	0.0	1.7302091	
0.07440302	1.4502876	0.07440302	0.794054	0.0	0.6780685	0.0	0.60099506	0.028520882	0.23166847	0.09113985	0.0	0.06261897	0.7518684	0.0	
1.4502876	0.0	2.709309	0.0	1.4721224	0.0	1.6975194	0.0	0.83266354	0.0	0.23166847	0.0	0.7518684	0.0	0.7518684	
