16.942167	14.884653	16.1834	16.02887	15.159531	17.886513	17.694366	15.780603	14.159528	11.910091	13.550264	14.522577	13.942604	14.959567	14.883301	13.331024	12.612993	10.631849	10.691065	11.137874	11.123335	11.853561	12.420376	12.926051	12.019307	12.911944	12.448551	11.86657	11.6486	12.765356	13.327821	15.756365	15.492615	
15.743345	16.55459	16.43827	14.674587	14.849439	16.595985	15.45594	13.182556	13.708149	13.49787	12.930967	12.165286	13.565739	12.064657	11.23946	10.473387	10.096815	9.112085	9.694227	10.925356	10.668047	11.133366	10.810175	10.766385	11.546371	10.41094	10.331416	10.716587	10.497513	11.906999	13.088213	14.125366	14.374556	
19.09188	15.993104	14.751411	14.663975	14.63425	14.843645	13.776962	12.745153	12.555042	11.459162	10.333712	12.085468	11.878329	11.657523	11.220024	11.010001	10.506073	9.937957	10.458282	11.290181	11.166971	10.752549	10.37502	10.158987	9.985468	9.657803	9.418876	9.841267	10.626683	10.459902	10.564962	10.24717	11.045968	
16.449034	15.472788	13.925116	15.3214445	14.126177	12.676325	13.938008	12.405494	12.861651	11.825147	12.000739	11.931544	11.592579	11.2854395	11.332646	10.513964	9.684275	9.801363	10.776846	11.547292	11.0091505	11.416975	11.226694	10.416356	10.082494	9.456604	9.484655	9.828785	10.469789	10.53212	10.900566	11.697338	11.786106	
17.474314	14.429497	13.888334	13.888334	11.222912	10.412832	10.28049	10.701226	9.9299965	10.024605	10.152845	11.133202	11.577825	11.75091	11.413805	10.45126	11.032291	11.391968	10.921046	10.78458	12.402441	12.0981655	10.779077	10.707094	9.85701	9.521824	9.689377	10.246862	10.688546	11.209356	12.337528	11.18075	13.488274	
16.555056	16.884106	16.626041	13.510665	11.895308	10.686766	11.327921	11.365671	10.707266	10.152626	11.159828	11.913402	10.860819	10.207695	10.257905	10.381984	10.233055	9.657757	10.154654	12.148928	12.842602	12.947613	13.222395	10.841549	10.045988	9.414205	11.100363	11.583686	12.27174	12.511874	13.025709	13.43379	14.235794	
17.393656	17.482239	15.849941	12.503538	11.943184	12.235439	11.251645	11.508702	12.012089	13.054061	13.593044	12.143547	12.484764	11.658723	11.5256405	11.794933	10.863315	11.2985115	13.5901375	14.401499	13.132565	14.174282	12.973426	12.606903	11.270302	11.116026	12.157385	11.598318	12.230137	12.993262	13.515477	14.021227	14.202898	
17.59133	15.393452	13.388584	13.534287	12.84409	12.899181	12.832108	13.334452	15.352802	16.085484	15.655973	15.081053	13.712362	12.622678	14.919636	13.707882	12.964995	13.576849	16.11211	14.18648	14.030986	14.576807	14.588177	13.831216	14.740995	14.9315605	13.9517	12.8134985	12.8955765	13.069335	15.446364	16.383337	14.989151	
15.188301	14.037351	14.61841	13.4148655	14.589304	13.511007	14.120791	15.051277	16.453402	16.292736	16.549513	14.708418	14.860607	14.970689	15.128576	15.417963	15.893279	16.581944	16.16793	15.011098	14.320533	16.83665	16.980053	17.542833	17.403597	14.184244	14.321725	14.031038	13.517647	17.707767	18.547478	16.36803	13.45805	
14.452186	12.481635	13.434702	14.511843	13.048025	14.385166	15.520227	14.640262	15.610447	14.835233	15.622487	14.580613	15.30704	15.132634	16.703518	16.672997	15.206025	16.281513	15.937366	15.984439	15.372118	16.495335	17.515905	18.833708	17.914747	18.031517	15.980896	12.7422085	18.52724	20.067562	20.586079	17.466866	15.22204	
13.915007	12.845255	13.859427	12.99094	16.0321	14.596499	14.513644	14.826536	14.262844	14.294287	14.341494	13.684408	15.150127	16.367071	17.479858	15.985742	15.959771	15.03315	14.385346	15.638115	15.874961	18.652052	19.540817	16.978065	17.167952	17.20437	14.59322	15.734181	17.75853	19.723957	17.975061	16.194126	13.3226385	
13.410986	11.311401	11.489111	12.592299	12.697338	13.126772	14.531468	15.239055	16.722462	16.02533	14.665117	13.10331	14.692583	17.023525	17.891531	18.35081	17.24555	16.94757	16.283009	14.453778	16.3241	18.700237	17.042381	16.437836	17.41017	15.050527	15.106103	15.035585	16.763155	17.429138	16.584192	14.145656	14.150866	
12.518387	11.8066845	11.914198	11.345032	11.256785	12.09861	13.734559	17.564404	19.399208	17.764896	15.722027	13.235533	15.617047	16.551544	16.671307	18.090714	17.845852	16.884596	16.493284	18.162552	19.210632	18.509932	15.978928	15.203957	14.103326	13.98243	15.684542	12.845624	14.288908	14.148456	12.291986	13.635515	12.916035	
13.125167	11.278049	10.754349	11.025324	11.461557	12.584366	15.114866	20.347692	21.092947	16.835018	13.416045	13.704386	12.818667	14.988991	16.498175	16.23794	16.206108	15.398944	16.257795	16.934853	17.224186	16.822144	16.116768	12.315834	12.862298	13.431157	13.09695	13.046164	10.884262	11.732441	12.992122	12.6685505	11.780849	
12.352178	10.598534	10.079956	10.427273	11.31906	12.0821905	16.713524	19.48404	18.609138	15.482895	14.860618	12.167402	13.144004	15.335566	16.553883	16.844212	15.667352	16.709251	16.685982	15.350752	15.884519	15.226262	13.976225	14.902969	14.640152	14.935306	13.890993	12.377459	12.064207	10.539547	11.042002	10.644369	11.591698	
12.021849	9.989521	10.556528	10.73214	11.499868	13.755004	16.14981	17.008411	16.32882	15.324051	12.341728	13.392736	14.4124365	16.391045	16.325127	15.463728	16.454514	15.644234	15.700428	16.875782	14.857527	14.749974	16.346024	16.398329	16.296425	16.35655	15.385059	14.927629	11.778047	11.409681	11.338192	10.859537	11.147864	
12.103773	9.966868	10.291821	11.119988	12.242504	14.717126	15.282948	17.833061	18.511635	14.987304	14.184532	14.855839	16.01301	16.144955	15.850949	16.602903	14.415374	15.871794	16.15394	13.877081	14.530495	16.312012	15.484047	16.664291	15.544354	17.0602	16.854176	15.551571	14.280755	11.964456	11.214046	10.848716	12.359335	
12.900501	10.893807	11.249071	11.482101	12.478407	13.850263	15.6497345	15.57242	14.614735	13.504397	12.709197	14.153066	13.234649	15.106001	14.501396	13.125986	14.036272	13.632191	13.571395	14.481869	14.8408985	14.067093	15.22896	16.4312	16.063515	16.28487	16.2279	14.708721	13.846687	13.068883	11.373801	11.103819	12.471003	
14.305201	12.185776	12.172586	12.283166	14.204538	14.855827	13.58963	13.058701	12.117813	13.054512	12.21514	12.690126	12.575108	12.710405	12.13746	13.047696	12.305225	12.628752	14.01193	13.643719	13.481129	14.451054	14.157689	14.8695965	14.431295	15.743575	14.609306	14.416718	14.61995	13.275141	13.595198	13.421288	14.16836	
15.091593	12.16463	11.910507	12.633711	12.067269	12.143772	11.202185	10.42028	11.114768	12.259759	12.564761	11.970824	12.063728	10.075861	11.034797	11.1564045	11.448	12.365063	12.145548	13.474258	13.693438	14.007272	13.392857	13.808749	14.765619	13.929244	13.986011	14.40699	13.849127	14.875534	13.893703	13.241032	11.931932	
15.512634	12.506573	12.702132	11.517073	11.215685	11.3257265	10.731245	10.735762	12.479914	13.232852	12.557455	13.092443	10.263769	10.479086	9.762511	11.1135845	11.157358	11.490271	12.00349	12.118057	11.701102	11.486382	11.485565	11.969334	13.29056	14.891115	15.756454	15.996338	17.1406	15.727195	15.542416	14.029915	12.927966	
14.95619	12.729355	12.13064	11.639533	11.681948	11.426367	11.97406	12.009613	13.22132	12.692417	12.7175255	12.342186	11.50682	9.8700285	9.730439	10.024395	10.311332	11.293026	11.286591	11.8570595	12.124708	12.511399	11.880252	11.694326	13.298103	14.346208	14.618171	14.542647	14.255272	14.722214	13.631214	12.586193	14.239283	
15.754842	12.359652	11.632893	12.244635	11.244841	11.164616	11.374155	11.510382	12.301201	12.974812	12.381587	12.25029	11.864269	10.591572	10.468664	10.5964985	10.925589	11.560883	12.170405	12.305592	15.111667	13.925027	12.535736	14.255397	16.11568	15.868832	13.274002	12.418949	13.679441	12.623384	12.717205	12.995092	15.122433	
14.106707	11.767197	12.106075	11.954505	11.81854	11.188414	10.706537	11.847433	12.87649	13.651678	12.327289	12.775925	12.0248165	11.614976	11.09547	10.826682	11.760614	13.234433	13.748888	16.38458	17.886557	16.558134	16.48782	15.485022	17.64253	15.095582	11.783287	11.531268	11.351344	11.480398	12.151469	11.136164	14.766092	
12.788043	12.071842	11.409034	11.92602	11.19373	10.370843	11.674162	12.533017	13.651175	13.697739	13.130693	12.751954	12.503234	11.923664	11.01571	11.385782	12.369041	13.855764	15.52039	17.4855	17.882181	17.07148	17.467274	20.195011	20.014236	17.299	12.780821	12.0430355	11.750543	11.366608	11.508463	11.483113	13.7830305	
14.0094185	11.817996	11.444867	11.185246	10.34595	11.255398	11.113395	12.471604	12.572366	14.325085	14.273018	13.727955	12.719937	11.814131	13.28615	12.998535	14.311578	14.813528	17.140606	15.077612	14.6154785	15.356351	16.728834	18.028362	19.802458	17.920805	12.799453	12.041353	12.354269	11.362036	11.159324	11.805	13.000271	
13.180376	11.674332	11.053357	10.56104	10.5415745	10.475414	10.799982	10.489797	12.196944	14.432105	13.839379	12.789125	12.049675	12.208222	12.380703	11.844976	12.931364	15.068333	14.630781	12.49511	11.77387	11.900578	14.489831	17.783466	18.65031	16.26943	12.473911	12.416784	10.673163	10.412652	11.125212	11.354167	13.126978	
13.86148	11.374963	10.815392	11.040388	10.275545	9.926556	9.664786	11.259824	12.825304	13.664405	12.145426	10.94869	11.65773	11.247201	12.292124	12.770137	12.373733	13.84857	12.558409	11.463829	11.28092	11.767262	13.614327	15.021252	15.735605	14.354709	13.30744	11.091171	11.959488	11.382318	10.28594	10.911182	12.377098	
12.619088	10.235863	10.878312	10.762217	10.061996	9.063834	9.391225	10.779948	11.44874	12.395778	11.174635	11.185965	10.257166	10.673759	10.848981	10.81986	12.130108	11.964132	11.557898	11.980839	10.989111	10.736269	12.159363	12.068546	12.216963	12.172877	10.750496	11.429231	10.701885	10.009388	9.554707	8.967147	10.460867	
13.09521	10.852258	10.514976	10.594449	9.970312	9.997977	9.673473	10.305807	10.261761	9.610764	10.18439	9.909369	11.57304	10.96442	10.796406	11.075285	10.55648	10.490406	10.583969	10.8255825	10.890039	11.2912445	11.009846	10.980177	10.420263	11.185232	11.349726	11.453125	12.091742	11.512343	10.977255	10.489696	11.918295	
14.161792	10.46385	11.168009	10.398137	11.1837635	10.261171	9.895834	9.924236	10.150809	10.572735	10.039937	11.378496	10.982854	10.507387	10.71244	10.8965	10.814843	10.006629	10.007428	9.653809	10.488451	10.889657	10.688356	10.134867	10.798145	10.823372	11.264839	12.24706	12.028162	12.211174	11.707475	10.865398	12.649961	
14.214339	10.629372	10.128223	11.329915	10.781009	10.486399	9.658859	10.756171	10.912092	10.31488	10.974579	10.947279	11.345079	10.818968	11.178121	10.695166	10.808293	11.043228	10.309846	10.014259	10.881726	10.94856	10.854141	10.586324	10.108173	10.743468	11.167277	11.430092	12.3779	12.083504	12.543026	13.14229	13.60459	
15.415302	10.787574	11.0023365	10.753004	10.332514	10.072167	10.172667	10.155003	10.52638	11.007612	11.6196	10.937447	11.926078	11.63357	10.827995	11.025976	11.395847	10.881504	11.219471	11.824346	11.372084	11.452323	10.398981	10.528212	10.97884	11.340769	11.425575	11.4442425	11.241768	13.712554	14.320532	14.318044	15.526119	
