0.0	0.0	0.80824506	0.0	0.80824506	0.0	0.0	0.0	0.30491638	0.0	0.0	0.0	0.88218105	0.07452965	2.9367168	
0.0	0.0	0.0	0.0	0.0	0.0	0.0	0.30491638	0.0	0.0	0.0	0.53263235	0.07452965	2.8934083	0.12007052	
0.0	0.0	0.0	0.11150217	0.0	0.0	0.30491638	0.0	0.30491638	0.0	0.27255636	0.20646077	2.8092537	0.8052189	2.3956637	
0.0	0.0	1.2116258	0.0	0.46920645	0.0	0.0	0.0	0.0	0.0	0.13193113	1.2655777	0.6106187	1.3146638	0.20251429	
0.0	2.042268	1.1149381	0.8669046	0.0	0.0	0.20837164	1.0063622	0.0	0.13193113	0.88384855	0.74254984	0.96160173	2.1537328	5.9703646	
2.7254956	1.1149381	2.2288122	0.0	0.46920645	0.20837164	1.1072085	0.11314958	0.050058246	0.0	0.0	0.077753186	1.3405999	8.017337	3.6080565	
1.1149381	1.5315111	1.1835594	0.286196	0.20837164	1.1072085	0.9818129	3.0087345	0.0	0.0	0.0	1.3405999	6.525916	5.5088196	6.804131	
1.6658307	0.06862128	0.373286	0.0	0.10084629	0.77344126	2.1032186	0.11314958	0.050058246	0.0	0.0	5.0307407	2.7586226	7.9952583	1.3403066	
0.06862128	0.041386843	0.06862128	0.0	0.6602917	2.1105256	0.6602917	1.952314	0.0	0.29621184	1.9524313	2.859345	3.8230076	1.8970312	1.6171248	
0.77872986	0.33347392	0.06655836	0.0	0.15821165	0.0	0.0	0.0	0.29621184	1.1320003	1.3815448	3.0705938	0.35974663	2.05685	0.0	
0.33347392	0.06655836	0.0	0.15821165	0.0	0.15821165	0.0	0.29621184	0.3877653	1.3276596	1.2826412	1.0410974	1.0211632	0.3437494	1.1771426	
0.6934511	1.1006874	0.5828774	0.0	0.0	0.0	0.0	0.0	0.0	0.0	0.0	0.12628728	0.33409977	1.2094023	0.0	
0.76721346	0.51631904	0.0	0.0	0.0	0.0	0.0	0.43271208	0.21142977	0.8097093	0.26983154	0.53846943	1.3041952	0.70260763	1.0070343	
1.0152421	1.8215178	0.51631904	0.0	0.0	0.0	0.43271208	0.21142977	0.8097093	0.14354426	0.20436966	0.703414	0.36850786	0.7590957	0.0	
1.2758644	0.0	0.0	0.0	0.0	0.43271208	0.21142977	1.2424214	0.35497403	1.014079	0.8146985	0.5728775	1.8105187	0.36850786	0.6673668	
