2.588414	2.769155	2.8678956	2.885182	2.3047729	3.7422502	2.5922334	2.5818346	1.8870527	2.826507	4.144292	5.1318417	4.0659	5.724044	3.8949997	2.910934	2.7800074	2.9722095	4.7101417	5.3720717	6.4458537	3.6610093	3.4895666	5.02244	5.696412	5.298824	5.693328	6.2892385	4.176574	3.4101849	4.151163	4.31748	4.1328807	
1.2168204	0.9812011	0.20478018	0.9812011	1.1710601	0.77098787	1.7035694	1.1669927	0.5897287	1.6457714	2.139349	3.040937	4.1310725	1.2093265	2.8577597	1.3676	1.155166	1.4579442	3.8591104	3.5032692	2.7651188	2.2800071	2.8151534	3.36899	2.7751043	4.2307177	4.047841	2.1704302	2.759216	1.6800909	1.8738316	3.0554805	2.4381008	
1.4477738	1.1335561	0.0	0.4576208	0.77098787	1.6657729	1.6337923	1.3810583	1.3213927	1.138592	1.419845	2.9177058	2.0968235	2.7040162	3.0399806	1.6517375	1.0247219	2.0344167	2.1064925	2.2935786	2.309359	2.7495782	1.9635782	3.434431	3.278771	3.4372277	3.3169096	2.3968244	1.4694988	0.46667826	0.7040307	1.0492249	2.088516	
0.46224678	0.9035086	0.6342478	1.8036215	2.0922775	2.2547636	2.497057	3.0207968	1.9535209	0.8043966	0.66587114	0.65567267	1.981129	1.8449852	2.254696	1.8107336	1.4293077	1.1531968	2.1831477	2.5921116	1.5151285	3.611031	2.4926696	1.527523	2.8613796	3.1156738	3.0514154	2.3393621	1.352133	0.61138505	1.1713847	1.3844854	1.0447252	
1.4146421	1.9689875	1.8431461	0.8270638	0.6646626	1.3290229	2.1552882	2.689368	2.055428	0.8458233	1.324409	1.3451611	1.746685	2.0612493	2.4888134	2.8261003	0.92948705	2.562562	2.082468	1.653755	3.4016638	3.2888205	1.794753	2.9118075	3.893756	4.111055	3.310896	3.3453245	2.2307572	1.607468	1.147156	1.1401708	1.3354279	
1.7794962	3.1069498	0.5328282	1.9262557	0.3271992	2.3858657	2.4347289	1.6638008	2.6871672	2.1829498	3.24788	2.5245895	2.3441656	2.2950778	3.114831	3.5706291	1.8409076	2.5111036	1.3092228	3.4426112	2.7676902	3.9962668	3.0940795	3.4001172	4.1579733	3.2074416	3.3565598	3.4334588	2.6914783	1.9224594	1.9027345	0.5637398	1.8178022	
0.82292795	2.8565273	0.46263283	0.24157508	1.4979178	1.8352476	1.6347399	2.1894917	2.315216	3.4787343	3.6857176	4.065427	3.1073709	3.8088212	4.207656	3.7219357	3.5014172	3.1140227	2.625912	3.042723	2.198189	4.040021	3.5710275	3.796701	2.8539605	2.64262	3.1587558	3.4344978	4.231915	3.1637664	1.9572144	2.1730194	1.5984049	
1.0120828	0.91428065	0.30594933	1.118837	1.4357817	2.7604861	1.0392885	1.703955	2.9283788	3.1143932	4.72556	3.6830137	2.906186	4.2366676	3.6955876	4.785931	2.9324877	3.8408341	2.5986524	3.1650772	3.882016	4.8465495	4.984882	3.899548	2.448085	1.8497429	2.447226	3.7830787	2.7363155	3.0139253	2.2507987	1.438232	1.0503428	
0.5539855	1.3180321	0.1902059	1.4192697	2.1052675	1.3602458	1.2385061	1.3512943	1.5182229	2.256538	2.6500387	3.6051552	2.4555163	3.1645854	3.1797564	3.9852734	4.487095	4.1915927	3.6980171	3.1341257	2.5631995	4.6740813	4.6331873	2.725172	2.5759206	1.8569438	3.3944652	2.5930576	4.2224154	4.007846	1.9166914	0.2982752	0.44938907	
0.30594933	0.5539855	1.4590256	2.731015	0.4138313	2.059317	1.1939685	1.9496619	1.1320665	2.704545	1.8959824	2.5142286	2.4156256	2.1321883	2.2580142	3.7671928	3.001113	3.710202	4.051038	2.3792443	3.3611288	4.359473	2.0879645	1.7130837	1.3265955	1.8708987	0.32321694	2.0710506	2.8548384	2.5994995	1.1864139	0.016172111	0.0	
0.0	1.518486	1.8976898	0.5112428	0.47672135	0.44862652	0.592675	0.44862652	1.9859753	1.0378984	1.5981466	2.7796397	1.7148066	2.1836367	2.9101367	2.3778882	2.8044758	3.0912905	1.6596913	2.0073125	2.8481164	2.6058807	2.4027932	1.7805849	1.6588686	0.9959396	0.83109295	2.047429	2.084495	2.505218	1.7104971	0.5250089	0.27963364	
1.356623	2.7283478	1.3940779	2.198975	0.020290717	0.0	0.0	0.6132182	0.2472871	1.1703804	2.3784227	2.77217	3.0197077	1.3479187	0.8752179	1.8656378	1.6701664	1.2381577	1.6498348	1.9892535	2.2158632	2.4716804	2.396576	2.0975509	0.67872083	1.8477206	0.7547127	1.005307	1.6450624	2.7999854	2.3898714	1.4732696	0.7584363	
1.752165	2.5710964	1.5893449	0.6705259	0.19267726	0.0	0.0	0.0	0.0	1.6900291	3.4836812	4.048444	2.2992902	2.1329293	1.0393043	0.9409187	1.6480982	1.0690662	1.2346809	2.6435764	4.190283	4.998253	2.9521036	1.5965106	0.514101	0.3268779	0.3136233	0.8088328	1.7946783	2.9063525	3.0562592	2.011476	0.9193338	
1.9765564	3.0621119	0.67544425	0.78524107	0.0	0.0	0.0	0.0	1.1051238	2.7169478	4.4049	3.9521809	3.6336558	1.0393043	1.9452069	1.6480982	0.47111303	0.82118285	0.72390187	2.0124526	3.5829258	3.675783	2.362076	1.4699564	0.61203647	0.33954602	0.44494867	0.8943507	1.5725107	2.55338	3.3934965	2.3114738	2.1199543	
1.8176317	2.5969436	0.21883759	0.34143686	0.0	0.0	0.0	0.5068382	1.2686734	3.2461634	3.77258	4.375313	2.975657	3.3090267	3.8312478	1.3903496	1.61263	0.91236687	1.6449288	2.3326101	3.2944622	2.845674	2.5310051	1.0507112	0.4777096	2.1681013	0.43056685	0.0	0.71384454	1.2276057	1.3159773	2.1394124	1.9135451	
1.5017519	2.4770217	0.034085155	0.1626943	0.0	0.0	0.0	0.0	1.3142453	1.6167145	2.1910305	1.3751451	2.8727276	2.5645804	2.9353418	1.3409836	1.9225241	2.1611667	1.732328	2.6196787	3.4082346	3.014052	2.7329733	1.8514972	2.6475809	2.3887715	1.0409119	0.24845107	0.49957478	0.55841523	0.84828436	2.7239313	1.5867317	
2.0629077	2.141191	0.9514282	0.32663947	0.7561364	0.6470242	0.0	0.3838663	0.6453651	0.29766712	0.69974416	0.24959049	2.9683762	1.8561246	3.3365464	3.1254463	2.706016	1.9903272	3.0327868	3.8247612	3.6380994	3.933581	2.8855844	3.8705468	3.4225721	2.7055268	0.92896414	0.64574134	0.359911	0.7978486	1.9649568	1.7641783	1.5833939	
1.2755828	3.0833316	1.3396505	1.2043275	1.0147496	0.6151646	1.0351074	1.09038	1.4950504	2.2425857	1.012045	1.9919548	1.1519052	2.62471	3.1954842	3.2562602	2.4160552	3.4993498	3.2653542	3.9731565	4.222207	2.7394876	3.1525836	4.5034347	2.4094524	2.67884	1.1583576	0.16937083	0.6331597	1.3909509	0.8611069	1.7050936	0.65940994	
1.6443162	3.1512828	2.468554	1.7730944	1.3713009	1.9872582	1.3900101	1.5085264	1.8671263	1.7129463	1.6756024	1.1918954	1.906892	2.3062663	2.0333095	1.3362615	1.6685345	0.9944607	2.068797	2.0220258	3.2153418	2.643733	3.5691261	2.5321007	1.9423823	1.2796403	1.5671299	1.0814078	0.8953512	0.71674955	0.91362673	0.38686156	1.4091716	
1.8950553	2.3237276	2.5626078	0.9006613	1.8339502	2.8072062	2.2653394	2.0756714	2.2497687	3.2302978	2.581393	2.2225828	1.4387131	0.6664076	1.5884342	1.3168702	0.9593282	0.4338079	0.83133656	0.9254043	1.0238022	1.6933842	1.70218	0.97069037	0.9404859	1.4488354	1.0622073	1.3079717	1.5272621	1.365116	1.3686637	0.6176391	1.2437773	
1.6031654	2.2635036	0.9012511	1.246689	2.1188164	1.9982829	2.081736	1.3808296	1.1552548	2.3089197	1.8214395	1.6749048	1.395032	1.7589127	1.4161459	0.7917871	0.8350725	0.9768463	1.3985859	1.0979927	1.8615314	1.724359	1.0068061	1.5709254	1.5861498	1.3246319	1.6973487	0.9919114	1.5615683	2.013034	1.5930712	0.68736076	2.1687257	
1.556973	1.1941952	0.9102421	1.7001562	1.1214333	1.9368091	2.1145995	0.60885084	1.3847125	1.2070302	1.6748414	0.6490987	0.5792916	1.757565	1.5814503	1.4422625	1.5932276	1.0041038	0.30977905	0.43540922	0.60823965	1.2185938	1.5885718	1.6539605	1.6641073	1.6887903	1.0640911	0.8969675	2.0090098	1.3910373	1.2884363	0.86885333	1.5849373	
0.41677135	0.9944992	1.1611888	1.615881	1.9204257	3.1460016	1.5213962	0.8592922	0.6576582	1.0860319	1.3351015	0.5231179	0.97446966	1.4986186	1.4998964	1.8626589	1.7511364	1.119259	0.76677406	0.30977905	1.0164837	1.6772759	1.6274827	3.2498026	2.3821197	0.6878216	1.4987128	0.6949203	1.8298962	1.3738291	2.499189	1.6733325	0.7220079	
0.9521501	1.1490777	1.2995181	1.4217248	2.5499916	1.6974242	1.580225	0.76243657	1.5173104	1.842586	2.044767	1.1484236	1.1912386	1.0341182	1.6251162	0.8860452	0.6516415	0.9528394	0.0	1.3742385	0.9838292	2.2244258	2.2893658	2.9562087	0.87967575	1.065388	0.09868261	0.5740807	1.4295087	2.1896138	2.0974011	0.31449	1.0582093	
0.6080304	2.4252448	0.9985415	3.0523682	2.5676832	1.8824785	1.2762315	0.85018927	1.393483	1.6157305	1.8755596	1.5952007	0.6694812	0.9881733	0.6607155	0.39736223	0.008224115	0.0	0.0	0.9838292	0.6136766	3.03534	2.513791	2.3197572	2.164949	0.11843836	0.5435262	1.2340589	1.6708497	1.6714919	1.2507991	0.56585526	0.8627526	
0.8243185	1.5706402	1.5853312	2.290587	1.6372039	1.4975681	1.2486212	1.6151911	1.8590918	1.9429127	2.159088	0.9955183	0.8546885	1.9258851	2.46862	0.3811531	0.5123769	0.3834516	0.0	0.3492794	0.46755195	0.86737716	0.9956392	1.3960292	2.0688033	0.40886414	0.7162333	1.0120579	2.2025928	1.3305485	0.9217486	1.0635126	0.6770379	
1.0376762	1.7650642	2.2325134	2.0342793	1.1960771	0.77285415	0.7139678	0.5870236	1.4687183	1.4662179	1.0452597	0.96981627	1.2618233	2.5336182	1.5198973	0.90973914	0.8432491	0.88034517	0.673687	0.27217895	0.5105073	0.0	0.6487188	1.4981475	2.3596911	0.54950535	0.5625346	1.1584898	1.4787775	1.5998018	0.8458907	0.8534617	0.53172797	
0.64329875	2.1094012	1.3133428	1.5444174	0.9645915	0.9952951	0.59167343	0.530494	0.6875366	0.0	0.48146743	1.1974683	2.5217495	2.3013597	2.7420337	1.2313508	2.2587242	1.9189419	0.69570446	1.2959682	1.0475761	0.18844418	1.5891432	2.2406044	2.3106248	0.9843031	1.3633671	2.2124956	2.3821545	1.8534199	0.91934764	0.5686662	0.6299759	
0.8012363	1.1431501	1.0599016	1.3143504	1.3084463	1.3998828	1.1734185	0.4065003	0.20336257	0.5739362	0.75166154	0.9877839	2.3228068	0.7804028	2.2820811	2.2447677	2.126412	2.5138922	1.5814124	1.9289858	0.8496651	0.1424047	2.409253	1.4302067	1.9697282	1.6088345	1.6099236	1.6397678	1.917912	2.1980057	0.47939372	0.92063296	1.1263021	
0.6985448	2.0427113	1.3519442	2.051208	2.5384228	2.3455124	1.2367532	0.52092016	1.0897568	1.2325989	1.1669743	1.8506444	1.4535102	1.8367944	2.2181816	2.1285048	2.8937845	2.7524629	3.122738	1.3019958	1.044594	1.3648701	1.6985711	1.9168944	2.7148368	1.4531157	1.640204	2.6869273	1.6750998	1.7938241	1.2270708	1.5971035	1.8503075	
1.571844	2.6588192	1.7774479	3.2273297	3.4235988	2.0073571	1.2004795	1.079487	1.5800803	1.3541145	1.3566713	1.0502052	2.5424023	1.5676109	2.4030259	2.6805243	2.6707814	3.82444	1.5160224	1.1845992	1.021036	1.375629	2.589264	3.0992835	2.033855	2.078497	2.460467	2.3340106	2.4059758	2.0894272	1.4947122	2.1709046	1.6988664	
1.3311102	3.052979	2.5257602	3.1415322	2.649488	1.8106867	1.3152865	2.0703652	1.6586198	2.1278121	1.7314572	2.2727704	2.1419873	2.9771252	2.605392	2.3971822	2.8617373	2.8456564	1.9896592	1.3889358	1.1064403	2.3418121	3.9610467	2.5967445	2.2059307	1.9644433	1.7649753	2.6030948	2.0354366	1.9997704	2.2808506	2.690224	3.448295	
1.6066453	4.6370044	4.808428	3.3591416	2.8442886	2.394609	3.0272274	2.746192	3.6749706	3.324338	3.2820642	3.8058257	4.196819	4.2550077	3.1635745	2.779314	3.7459195	3.3526208	2.605534	1.8768975	2.8289485	3.374759	3.737083	3.4134996	3.4671733	3.1518912	2.294854	2.950629	1.9354969	2.3950548	2.1152616	3.6836035	4.484172	
