6.098506	0.08357561	1.5194788	0.0	0.06448436	0.0	0.0	0.0	0.0	0.0	0.2791211	0.0	1.414892	0.0	4.1221986	
0.0	0.77749175	0.0	0.06448436	0.0	0.0	0.0	0.0	0.0	0.0	0.0	0.0	0.0	0.0	0.9572311	
4.198943	0.0	0.8419761	0.0	0.06448436	0.0	0.0	0.0	0.0	0.0	0.0	0.0	0.32127494	0.09120268	1.1672643	
0.0	0.0	0.0	0.0	0.1249429	0.8246184	0.449745	0.51462084	0.0	0.0	0.65061766	1.9416733	0.09120268	0.965352	1.4891388	
1.3726339	0.0	0.0	0.1249429	0.9876973	0.449745	0.51462084	0.0	0.0	0.8889004	2.3176038	0.20600975	1.2866269	1.5803416	0.965352	
0.0	0.0	0.1249429	0.9876973	0.5746879	1.3392392	0.449745	0.51462084	0.8889004	1.9963288	0.7654247	1.6203983	1.4891388	0.0	1.4891388	
0.017404795	0.0	0.1630789	0.0	0.1630789	0.0	0.0	0.23828274	0.3759306	0.3530898	0.3759306	0.11480707	0.0	0.0	0.0	
0.0	0.0	0.0	0.0	0.0	0.0	0.0	0.0	0.0	0.0	0.0	0.0	0.0	0.0	0.0	
0.75192434	0.0	0.0	0.0	0.0	0.0	0.0	0.0	0.0	0.0	0.0	0.0	0.0	0.0	0.2482701	
0.0	0.0	0.0	0.0	0.0	0.0	0.0	0.0	0.0	0.0	0.0	0.0	0.0	0.0	0.5254156	
3.9013238	0.0	1.1658981	0.0	0.20587593	0.0	0.0	0.0	0.0	0.0	0.0	0.0	0.0	0.0	2.2993872	
0.97613436	1.1658981	0.0	0.20587593	0.0	0.0	0.0	0.0	0.0	0.0	0.0	0.0	0.0	0.5200159	0.0	
7.774905	0.0	3.2640991	0.0	1.8169751	0.0	0.27164668	0.0	0.0	0.0	0.0	0.0	0.5200159	0.0	3.531096	
1.2110021	1.8923252	0.0	1.6334546	0.0	0.27164668	0.0	0.0	0.0	0.0	0.0	0.0	0.0	0.7431672	0.41847354	
8.655867	0.0	5.586192	0.0	3.1471817	0.0	0.51369846	0.0	0.0	0.0	0.5464693	0.0	1.1013627	0.0	3.4383605	
