9.895133	8.589142	6.9375515	4.8239064	4.518118	5.6470737	4.4777822	5.7352104	4.649944	4.6403966	6.895855	5.3460083	6.430279	6.8181496	6.634824	
5.611686	4.1823173	4.802571	4.453581	3.6147017	3.5634525	2.4524436	3.1433015	3.6890478	5.2032785	4.6373034	5.1226177	5.4103336	5.704047	5.550718	
3.8882394	3.2285733	3.0910144	3.2606034	3.5178292	2.7158687	1.9768671	2.3947835	4.193527	2.985534	4.6921206	6.1157856	4.3350973	4.972526	6.013137	
2.5974035	3.0059583	2.923409	3.0559096	4.5747786	5.532929	3.901645	5.345701	2.7290385	5.7507825	9.399712	8.469402	6.645064	4.777399	7.2692094	
3.6063628	2.600843	2.225585	4.768778	8.628916	7.212891	6.8109145	4.093316	5.108017	9.89909	10.941528	8.523258	5.65697	5.9563622	6.1675863	
4.3638096	1.7171738	3.106678	9.379088	12.052671	11.870247	7.111456	7.4291525	9.544681	12.252668	11.584032	8.874044	6.868087	3.5609913	5.4692707	
4.599192	1.9348729	5.857008	9.096352	12.381216	8.362011	5.1294928	6.743169	5.7470484	7.5145807	7.5245295	3.358976	4.8139267	1.9063386	3.5989344	
4.432873	3.188149	5.6382732	7.974162	5.8115134	3.641396	1.5445931	3.139565	4.034767	3.872434	3.5670934	3.9781592	1.8690345	2.9278922	3.4266186	
3.7831185	3.9931743	4.797476	5.203641	5.5041347	1.861114	1.3583148	2.4856772	2.7774475	3.799656	3.270608	3.4524286	3.013987	3.011443	3.709436	
4.05993	1.9107311	3.1723146	2.5345905	2.4207242	1.8650905	2.0105748	2.940298	3.508187	4.436526	4.279184	3.8912714	2.6799054	2.6763246	2.6786952	
4.794833	3.5056615	3.9386618	3.4677634	4.5794005	3.3570008	3.6408427	3.4657524	3.2757556	4.108321	4.371352	3.5078416	2.3800282	3.080751	2.163324	
4.0689363	3.1140645	3.1346831	3.7337425	3.9202523	4.0522995	3.9638276	4.106064	3.8845592	5.7505445	5.298121	3.2111282	3.945062	2.1218271	3.2212617	
4.9319096	2.730698	3.776671	4.1090684	4.9028773	4.8089113	3.695653	3.539668	4.5945473	5.7471313	4.95872	4.0183144	3.500978	4.2737627	3.9923956	
5.40274	4.942479	4.9329743	5.3503475	5.6574364	5.2487164	4.774373	4.568133	5.272587	5.3400316	6.4095497	4.658404	3.8698614	3.4602156	3.7737267	
7.247801	6.221408	6.8561	6.4559317	7.7284846	6.316052	5.3650274	4.9936695	5.1980286	6.760033	6.6425996	4.937955	5.890616	4.745291	4.9433	
