0.0	0.0	0.0	0.0	0.3468712	0.08712989	0.4493991	0.12982428	0.34933126	0.948941	0.85451293	0.9736397	0.4223492	1.4883505	1.4516486	
0.0	0.0	0.0	0.0	0.0	0.10252792	0.04269439	0.45185918	0.793806	1.1971477	1.526922	1.2183503	1.0827749	0.90050507	0.90037024	
0.0	0.0	0.0	0.0	0.0	0.0	0.0	0.0	0.0	0.0	0.0	0.25218606	0.0	0.0	0.0	
0.0	0.0	0.0	0.0	0.0	0.0	0.0	0.008317232	0.54119134	0.07877511	1.1170007	0.37183714	1.2642624	0.0	0.1801306	
0.0	0.0	0.0	0.0	0.0	0.0	0.008317232	0.791601	0.07877511	1.590031	1.1289929	2.6005332	1.997191	0.1801306	0.20063996	
0.0	0.0	0.0	0.0	0.0	0.008317232	0.791601	0.08709234	1.8790363	1.207768	3.213162	2.369028	1.444393	0.13955396	0.1801306	
0.0	0.0	0.0	0.0	0.0	0.25040966	0.0	0.72344	0.7571558	1.5571152	2.7543468	1.0840849	1.997191	0.19015092	0.08038676	
0.0	0.0	0.0	0.0	0.0	0.0	0.0	0.0	0.0	0.0	0.0	0.0	0.19015092	0.08038676	0.0	
0.0	0.0	0.0	0.0	0.0	0.0	0.0	0.07989973	0.0035389662	0.0	0.0	0.19015092	0.08038676	0.19015092	0.8654371	
0.0	0.0	0.0	0.0	0.0	0.0	0.07989973	0.062007606	0.0691874	0.0	0.0	0.0	0.0	0.1564613	0.65468067	
0.0	0.0	0.0	0.0	0.0	0.07989973	0.062007606	0.14908713	0.0035389662	0.0	0.0	0.0	0.67456853	0.35694176	0.46467912	
0.0	0.0	0.0	0.0	0.0	0.05846864	0.0691874	0.1971907	0.0691874	0.0	0.0	0.67456853	0.76953626	0.0606364	0.0	
0.0	0.0	0.0	0.0	0.0	0.0	0.13872206	0.0	0.0	0.0	0.67456853	0.76953626	0.73520494	0.31505215	0.29837817	
0.0	0.0	0.0	0.0	0.0	0.13872206	0.0	0.13872206	0.0	0.0	0.79493797	0.0	0.4544841	0.23774177	0.6953241	
0.0	0.0	0.0	0.0	0.0	0.0	0.0	0.0	0.0	0.3520608	0.014286518	0.0	0.17797291	0.6340687	1.0113885	
