0.0	1.220592	3.3112044	2.1042507	2.4837968	1.885623	1.5783243	1.6223304	1.7347004	2.7666488	1.4013449	1.3320737	0.972065	0.89557254	1.0635188	
0.90390325	2.6710925	2.9283018	3.681544	3.2964149	2.9860835	2.9429166	1.8698187	3.0390282	3.2473352	3.4341495	2.3868904	1.8229578	1.3989887	2.2931273	
1.681836	3.116759	3.1934023	3.067912	2.9440675	3.6797302	2.2710304	2.8291862	1.6696947	3.4700265	2.6334841	1.3532734	2.2919357	2.6191807	2.581796	
2.9069114	2.628295	3.030684	4.8350453	4.3889837	2.5254683	2.6642537	1.3998646	4.042103	2.495967	1.2346578	1.6885436	1.6407291	2.2210705	2.4061184	
2.0635521	2.582304	3.459752	3.7804935	2.2604172	2.7576833	1.7663195	3.4184747	1.0398183	1.1314712	2.730432	0.7646688	2.6307871	2.7829418	2.7590766	
1.8240728	3.517753	3.2388136	1.9047611	1.7072473	1.0982101	1.6883835	1.5036933	2.7356725	3.144648	1.1075019	1.9030702	1.6475031	2.327876	0.39519757	
2.4920382	4.1937075	1.3067472	2.228014	0.8441023	1.6395435	1.2495526	1.6614057	3.0313125	1.5271353	3.733004	2.7275116	0.43844593	1.3514061	2.5188982	
2.738132	1.7917163	1.8365777	1.6572387	2.5835638	3.276839	2.0574758	3.0595775	2.1581652	4.1221075	3.1617746	1.4175318	1.9020721	1.888191	2.0992594	
1.4228091	1.500241	1.6952972	3.0367837	1.5073997	2.5329518	1.2806035	1.4628804	2.1014795	2.4718747	2.5781953	1.9646206	1.604048	1.3859107	2.1339722	
0.6990749	1.7908872	2.1515498	2.9310715	2.5819378	2.3722148	2.1744657	1.8056728	2.0258105	1.7788247	1.4921416	2.008377	1.6857712	0.9466524	0.5344182	
1.4837224	2.0063896	2.955842	2.1819773	1.0944397	2.231843	2.6819975	2.93102	2.4680219	2.0059984	2.7985773	1.865774	2.8733158	1.2442396	1.1982263	
2.4652376	4.145087	2.9530845	2.4361732	2.473083	2.2698355	2.3153481	2.5265646	1.0488539	2.1454248	2.222497	3.5290232	2.6896372	3.2693634	1.5458696	
4.183631	4.2772393	2.9750545	2.6083944	1.6890464	1.5256968	1.7852508	1.6003066	1.3387467	1.444389	2.9018	2.760151	4.7084484	3.2802289	2.7497036	
3.386882	2.5746431	2.649568	2.0127506	1.9377099	1.4469308	1.8185873	2.042954	1.9978749	2.5050454	3.2214727	3.3709307	3.3972898	3.7260156	3.2940464	
1.1114404	1.5920208	2.2163453	2.130073	1.993434	1.8520207	1.1657834	2.4153442	3.393533	3.0746145	3.2250936	3.8767624	2.289487	3.1312444	3.3348737	
