2.4234405	1.285835	0.31913102	1.2296435	0.9164816	0.853922	0.9164816	1.0653019	0.15525162	0.838207	0.25343847	0.5364171	0.25343847	0.0	0.0	
0.16026914	0.82420886	0.0	0.31913102	0.0	0.0	0.0	0.15525162	0.0	0.15525162	0.0	0.0	0.0	0.0	0.0	
0.0	0.0	0.0	0.0	0.0	0.0	0.0	0.0	0.0	0.0	0.0	0.0	0.0	0.0	0.0	
0.16026914	0.0	0.0	0.0	0.0	0.0	0.0	0.0	0.0	0.0	0.55938363	0.0	0.0	0.0	0.0	
0.0	0.0	0.0	0.0	1.319086	0.0	0.0	0.0	0.57093275	0.55938363	0.0	0.0	0.0	0.0	0.0	
0.0	0.0	0.0	1.319086	0.0	0.0	0.0	0.57093275	0.55938363	0.0	0.55938363	0.0	0.0	0.0	0.0	
0.0	0.0	1.319086	0.7941574	1.554472	0.0	0.70680046	0.0	0.57093275	0.0	0.0	0.0	0.0	0.0	0.0	
0.0	0.0	0.7941574	0.23538601	0.0	0.13586771	0.0	0.0	0.0	0.0	0.0	0.0	0.0	0.0	0.0	
0.0	0.7941574	0.23538601	0.7941574	0.37125373	0.0	0.13586771	0.0	0.0	0.0	0.0	0.0	0.0	0.0	0.0	
0.0	0.0	0.0	0.0	0.0	0.0	0.0	0.0	0.0	0.0	0.0	0.0	0.0	0.0	0.0	
0.0	0.0	0.0	0.0	0.0	0.0	0.0	0.0	0.0	0.0	0.0	0.0	0.16148388	0.0	0.0	
0.0	0.0	0.0	0.0	0.0	0.0	0.0	0.0	0.0	0.0	0.0	0.16148388	0.0	0.0	0.0	
0.0	0.0	0.0	0.0	0.0	0.0	0.0	0.0	0.0	0.0	0.16148388	0.0	0.16148388	0.0	0.0	
0.0	0.0	0.0	0.0	0.0	0.0	0.0	0.0	0.0	0.0	0.0	0.0	0.0	0.0	0.0	
0.0	0.0	0.0	0.0	0.0	0.0	0.0	0.0	0.0	0.0	0.0	0.0	0.0	0.0	0.0	
