15.497866	15.720746	15.672681	15.598242	15.954152	16.503958	16.40689	15.3404045	13.909697	13.3228245	13.293514	13.879222	14.104333	14.067068	13.436548	12.670203	11.461023	10.714798	10.539558	10.837634	11.248763	11.471277	11.876236	12.093082	12.102707	12.021565	11.920595	11.766781	11.888084	12.382416	13.700851	14.853069	15.7363405	
16.407038	16.28698	15.574762	15.264858	15.481866	15.655182	15.32908	14.339811	13.222017	12.678309	12.495044	12.774994	12.982416	12.823467	12.315437	11.708118	10.856909	10.415705	10.430985	10.795036	11.116804	11.144821	11.244053	11.223126	11.153695	10.970075	10.844885	10.821785	11.14772	11.654005	12.471351	13.113671	13.658793	
16.853443	16.046616	15.310587	14.8205185	14.709537	14.544081	13.957787	13.403217	12.693359	12.352493	12.025544	12.053818	12.025174	11.7596	11.199677	10.675182	10.126213	10.007547	10.393731	10.837373	11.101099	10.9509945	10.784056	10.596439	10.275711	10.041625	9.905215	10.135063	10.542183	11.005194	11.502514	11.981138	12.673532	
16.80169	15.719498	14.703778	14.046884	13.532211	12.879067	12.420015	12.13267	11.611942	11.2381	11.21627	11.409582	11.654758	11.5232315	11.18173	10.796037	10.481017	10.5011215	10.767723	11.150754	11.385367	11.247449	10.881213	10.398688	9.982626	9.683789	9.682894	10.03276	10.433701	10.865494	11.01441	11.4720745	12.122858	
16.597172	15.744919	14.882925	13.822704	12.637862	11.840749	11.532749	11.501968	11.108188	10.979412	11.143771	11.369199	11.36149	11.142181	10.843956	10.589021	10.349768	10.405918	10.79827	11.398616	11.91086	11.993901	11.517324	10.797628	10.038124	9.850279	10.0362625	10.595978	11.038084	11.549692	11.869892	12.453983	13.273449	
16.815393	16.28702	15.006966	13.480917	12.03322	11.250721	11.085631	11.009445	11.0506935	11.198485	11.480796	11.668808	11.525654	11.304232	11.049206	10.883799	10.789452	11.015859	11.594343	12.264272	12.770297	12.730285	12.261167	11.367082	10.5978775	10.463609	10.714228	11.285156	11.703753	12.309292	12.692108	13.271273	13.906243	
16.919645	16.3516	15.019205	13.566182	12.450272	11.990625	11.937986	12.188072	12.619239	13.085908	13.204335	12.956088	12.298338	12.0278015	11.897452	11.849927	11.6088085	12.050154	12.791881	13.399996	13.60464	13.609873	13.30693	12.680105	12.088749	12.080948	12.074081	12.289156	12.440825	13.106608	13.822265	14.361528	14.573931	
16.350437	15.660362	14.469185	13.6318	13.052766	12.914082	12.971622	13.546363	14.349445	15.005455	14.79598	14.309919	13.582538	13.54263	13.527412	13.57958	13.56663	14.116563	14.547395	14.55037	14.51899	14.62372	14.90115	14.659722	14.180853	13.786392	13.233943	13.057447	13.428509	14.435895	15.339142	15.214668	14.659998	
15.03091	14.50955	13.868347	13.709345	13.637529	13.749989	14.032719	14.768419	15.295121	15.828676	15.490168	15.119785	14.552898	14.817526	15.03073	15.17943	15.144827	15.413557	15.537748	15.235897	15.201605	15.635175	16.355633	16.594582	16.37938	15.717886	14.554264	14.309059	15.04132	16.707228	17.293648	16.496378	14.965788	
14.09834	13.870253	13.57716	14.055513	14.119971	14.479639	14.573935	14.999937	15.140781	15.3624935	14.98991	14.9783	14.973511	15.677791	15.984338	16.049747	15.892488	15.716259	15.668989	15.410212	16.02059	16.843159	17.708378	17.764187	17.251225	16.311363	15.2026	15.245188	16.645569	18.267925	18.292992	16.571154	14.821453	
13.230644	13.022191	12.835179	13.4061985	13.775663	14.27236	14.597736	15.096327	15.161829	15.1533	14.572475	14.571909	15.00459	16.19421	16.845299	16.832867	16.409237	15.919924	15.660477	15.583693	16.388348	17.279768	17.799591	17.649063	17.225431	16.495499	15.497623	15.804569	17.08684	18.379436	17.79696	16.183058	14.721131	
12.863699	12.563384	12.239371	12.6863575	12.970707	13.620863	14.470172	15.643798	16.233225	15.910852	14.7596	14.46796	15.047239	16.382732	17.156902	17.280127	16.927084	16.342014	16.031265	16.313976	17.280706	17.759338	17.449356	16.651491	15.948737	15.589182	15.026287	15.312206	15.969726	16.329266	15.79201	14.579565	13.933165	
12.428627	11.956482	11.501827	11.61511	12.020898	12.956258	14.926866	17.082962	17.88789	16.849228	14.941296	14.108302	14.637287	15.861486	16.922726	17.226444	17.02312	16.61808	16.424044	16.816021	17.37138	17.325478	16.347557	15.2746105	14.533058	14.525278	14.14212	14.083477	14.019303	14.123851	13.9586735	13.462864	13.329636	
12.249859	11.603056	11.025489	11.0648365	11.511133	12.9295025	15.524918	18.00671	18.508915	17.02031	14.798758	13.85397	14.173683	15.353244	16.419147	16.73506	16.653885	16.461018	16.542	16.911617	17.036201	16.549955	15.4503355	14.455606	14.041936	14.069683	13.698959	13.131011	12.43634	12.220436	12.188332	12.173681	12.217316	
11.927567	11.195126	10.6046295	10.872894	11.654087	13.408916	15.9155445	17.872139	17.83478	16.032362	14.169431	13.362003	14.039471	15.163099	16.070963	16.250114	16.069588	16.080513	16.173113	16.196869	15.991778	15.689292	15.206059	14.87278	14.682114	14.543877	14.160809	13.050085	12.084381	11.531167	11.469604	11.5627985	11.741436	
11.588108	10.884558	10.418069	10.918793	11.98835	13.751337	15.89179	17.324598	17.063261	15.625636	14.177456	13.930256	14.650777	15.574553	16.168041	16.019783	15.963706	15.922541	15.874361	15.546278	15.296045	15.26301	15.562237	15.583647	15.8665085	15.662579	15.259883	14.123322	12.765928	11.736771	11.095615	11.227306	11.46879	
11.696546	11.108192	10.697983	11.294714	12.430822	13.958406	15.5354185	16.327953	15.964982	14.722933	13.939205	13.921909	14.85597	15.331062	15.501344	15.197361	15.027444	15.053349	15.089857	14.987713	14.954748	15.157448	15.742436	16.050793	16.344416	16.23034	15.928519	14.840059	13.504048	12.2527275	11.46457	11.412924	11.960708	
12.442756	11.78549	11.293909	11.947131	13.025991	14.096775	14.934412	15.136742	14.806065	13.988808	13.594901	13.625629	14.164795	14.252659	14.358639	14.002584	13.962911	14.069653	14.208075	14.288052	14.409483	14.728152	15.296217	15.43055	15.899212	15.868799	15.717448	15.012865	13.97032	13.0265465	12.20726	12.283951	12.71356	
13.33404	12.541519	11.88615	12.275706	12.888783	13.337958	13.371424	13.037807	12.857487	12.683899	12.79131	12.686289	12.731085	12.604378	12.544001	12.532581	12.638399	12.904931	13.328302	13.704909	14.015636	14.14671	14.490497	14.794388	15.147519	15.115705	14.923704	14.519046	14.118639	13.59978	13.094267	12.800015	13.085147	
14.030884	13.172403	12.230683	12.300741	12.471863	12.370653	12.007013	11.7167	12.052708	12.399664	12.6264305	12.221485	11.769039	11.233637	11.279756	11.46256	11.856928	12.172849	12.653454	12.919186	13.117378	13.095165	13.292055	13.574585	14.188788	14.600353	14.859528	14.975721	14.923065	14.7243185	14.177937	13.63909	13.469799	
14.340244	13.300472	12.214906	11.944277	11.739009	11.529806	11.329889	11.54324	12.01852	12.537863	12.603359	12.1199465	11.296083	10.531893	10.36079	10.637648	11.151049	11.500074	12.003707	12.2671385	12.552631	12.475885	12.470682	12.842819	13.554807	14.320166	14.719241	14.950179	15.057324	14.848587	14.249935	13.558184	13.646603	
14.469437	13.36499	12.162498	11.77882	11.495603	11.348738	11.361325	11.815294	12.350919	12.728786	12.693507	12.108482	11.362274	10.504128	10.292975	10.454485	10.941437	11.355437	11.787264	12.29763	12.571221	12.529093	12.4159355	12.947217	13.969951	14.606569	14.634747	14.63132	14.567338	14.448772	13.841648	13.754635	14.295864	
14.077635	13.060394	12.06272	11.828178	11.595933	11.39772	11.466841	11.980132	12.565038	12.793813	12.6793	12.243412	11.648987	10.974117	10.535414	10.637742	11.170383	11.810196	12.64905	13.652894	14.29608	14.335699	13.9259	14.377207	14.866854	14.671377	13.719883	13.0504875	12.956102	12.956883	12.671481	13.260572	14.230796	
13.511998	12.666254	11.941317	11.725586	11.456238	11.19287	11.374395	12.052727	12.782658	12.999185	12.882441	12.445562	12.033411	11.455819	11.057668	11.16045	11.835031	12.794001	14.029604	15.388417	16.067856	16.102873	15.997877	16.688747	16.8857	15.541553	13.566086	12.290299	12.02722	12.069874	11.940211	12.851452	13.889488	
13.054864	12.391241	11.742531	11.487107	11.248738	11.074108	11.46231	12.1606865	13.06962	13.3895035	13.406816	12.91498	12.428511	11.999787	11.773455	12.116617	12.83955	14.083871	15.251256	16.193531	16.479763	16.672676	17.04203	17.983505	17.942558	16.126465	13.6994	12.048375	11.697873	11.609385	11.494731	12.310325	13.269955	
12.897673	12.161029	11.460414	11.073424	10.872802	10.863382	11.242622	11.9447155	12.929981	13.568724	13.663007	13.087219	12.498655	12.211269	12.09532	12.502649	13.286544	14.515709	15.120846	15.18017	14.850906	15.253986	16.55791	18.128864	18.440344	16.445602	14.004955	12.148149	11.602272	11.301363	11.286285	12.038396	13.068327	
12.954593	12.136908	11.21862	10.807039	10.623012	10.488733	10.828527	11.488223	12.6930485	13.363782	13.349465	12.683438	12.129185	12.183986	12.315798	12.798811	13.440084	14.186322	14.121864	13.448513	12.859002	13.503052	14.965586	16.650496	17.062935	15.701569	13.630563	12.124115	11.521471	11.190489	11.088648	11.6827965	12.698833	
12.5960455	11.743685	10.932874	10.665536	10.300951	10.022324	10.205708	10.984062	12.165873	12.680303	12.50839	11.783088	11.446393	11.51284	11.676219	12.043554	12.639023	13.007036	12.840878	12.081197	11.598643	12.07906	13.282322	14.637741	14.919239	13.992416	12.696227	11.644841	11.119564	10.678306	10.444745	10.907033	11.811217	
12.453625	11.58306	10.785424	10.545954	10.188142	9.780634	10.007048	10.62343	11.394704	11.523467	11.246603	11.0040455	10.93526	11.145648	11.276464	11.518124	11.780968	11.784857	11.697071	11.347843	11.247232	11.526486	12.072031	12.580705	12.683958	12.388145	11.899335	11.570478	11.292299	10.941673	10.454442	10.660243	11.469846	
12.35566	11.554373	10.652008	10.614686	10.254873	9.944399	9.921501	10.203537	10.605619	10.648839	10.716896	10.742872	10.825829	10.81294	10.810559	10.961212	10.972693	10.901321	10.785633	10.775236	10.860556	11.015814	11.10648	11.164058	11.200048	11.220213	11.408439	11.479585	11.520457	11.199348	10.699398	10.843423	11.506224	
12.738062	11.692003	10.675466	10.674311	10.555903	10.21209	10.106659	10.171004	10.3121395	10.335772	10.436936	10.815002	10.936321	10.986525	10.849411	10.837059	10.709648	10.513458	10.326128	10.406123	10.653703	10.882446	10.820353	10.620033	10.642225	10.873388	11.296021	11.7122135	11.937235	11.948065	11.725797	11.988666	12.602995	
13.2108555	11.996756	10.7400465	10.786323	10.622008	10.316042	10.153612	10.239117	10.479991	10.679847	10.86584	11.127927	11.164128	11.10361	10.921792	10.928353	10.840887	10.720787	10.551168	10.641269	10.836135	10.886031	10.720159	10.564005	10.671352	10.961163	11.3207445	11.625214	12.086273	12.469566	12.767111	13.186382	13.657993	
13.686675	12.190853	10.825842	10.732237	10.702734	10.460184	10.49511	10.627398	10.920957	11.063115	11.219939	11.543133	11.686251	11.685279	11.358746	11.321046	11.277796	11.358873	11.224284	11.251421	11.28794	11.287994	11.005207	10.767024	10.781642	10.971058	11.1193285	11.377628	11.976096	12.984236	13.995082	14.997055	15.574812	
