0.132928
0.108576
0.116448
0.104416
0.10416
0.11152
0.10512
0.109568
0.10416
0.105184
0.119776
0.114656
0.104192
0.10528
0.105472
0.104416
0.104448
0.105216
0.108192
0.105472
0.105056
0.104416
0.104416
0.104288
0.104416
0.104416
0.104352
0.104704
0.104672
0.111392
0.108544
0.105216
0.109568
0.104416
0.1064
0.11072
0.105088
0.104608
0.1096
0.123872
0.104416
0.104416
0.109536
0.105088
0.104416
0.10544
0.104352
0.113664
0.104544
0.105472
0.10432
0.110592
0.104448
0.104448
0.104416
0.11568
0.104384
0.104416
0.105184
0.104416
0.112608
0.104416
0.104416
0.104448
0.105408
0.111616
0.11264
0.046048
0.048096
0.047072
0.044
0.044
0.044768
0.044032
0.044
0.044
0.044
0.044928
0.044
0.047744
0.043648
0.050144
0.044864
0.044672
0.043712
0.044
0.044032
0.044
0.045024
0.043968
0.044704
0.046752
0.04464
0.044704
0.044
0.044
0.044768
0.042976
0.044832
0.045056
0.04432
0.044
0.043904
0.052192
0.045024
0.0448
0.044032
0.044
0.043616
0.044
0.044
0.04384
0.044832
0.044896
0.044736
0.044768
0.044032
0.045024
0.044
0.044704
0.044
0.044896
0.044
0.04368
0.044
0.051872
0.04464
0.044
0.044032
0.044032
0.044
0.044224
0.044
0.044
0.044
0.042912
0.043968
0.042976
0.044
0.043808
0.043936
0.043904
0.043808
0.044032
0.044
0.052192
0.044
0.04912
0.044
0.044032
0.044
0.044
0.046944
0.044
0.044032
0.042976
0.043968
0.044
0.042976
0.044
0.043872
0.044
0.044
0.044032
0.044
0.042976
0.043008
0.04464
0.043008
0.044
0.04368
0.043648
0.044032
0.044032
0.052896
0.043744
0.048128
0.044032
0.044
0.043776
0.042976
0.051136
0.043808
0.043712
0.043648
0.043936
0.043136
0.043872
0.042976
0.0448
0.044
0.043744
0.043008
0.044032
0.044
0.04368
0.042976
0.043904
0.043744
0.042976
0.043904
0.042976
0.051168
0.043968
0.04384
0.042976
0.043936
0.044
0.043712
0.04464
0.044
0.044
0.042976
0.047072
0.043008
0.043008
0.052192
0.042976
0.044
0.042976
0.043744
0.044032
0.044032
0.04368
0.043008
0.046048
0.044
0.044832
0.043808
0.042976
0.048096
0.042976
0.044
0.044
0.04384
0.042976
0.042976
0.044
0.042976
0.053216
0.043808
0.042976
0.044736
0.043744
0.043904
0.042976
0.044
0.044
0.044032
0.043392
0.044
0.042976
0.044
0.043648
0.043008
0.044032
0.044
0.053888
0.044
0.028608
0.028672
0.029376
0.028672
0.029632
0.028512
0.028672
0.028608
0.028672
0.028672
0.02864
0.02768
0.02864
0.029376
0.029504
0.02944
0.027616
0.028672
0.028672
0.036864
0.027936
0.029536
0.02768
0.030752
0.028704
0.028384
0.028672
0.028608
0.028672
0.028608
0.028672
0.029504
0.028672
0.029408
0.028416
0.028448
0.02864
0.02864
0.03808
0.028672
0.028672
0.028448
0.028672
0.027648
0.031744
0.029472
0.028672
0.029632
0.028672
0.038176
0.028704
0.028672
0.02864
0.029344
0.028992
0.028672
0.028672
0.028672
0.028672
0.02864
0.02864
0.028672
0.028704
0.028704
0.02864
0.032416
0.028416
0.028672
0.028704
0.028576
0.028576
0.02896
0.02768
0.029696
0.028608
0.028768
0.028672
0.028672
0.028896
0.028288
0.027648
0.038912
0.028672
0.028672
0.028672
0.028672
0.029696
0.028672
0.028672
0.028672
0.037888
0.028704
0.02864
0.028672
0.028672
0.029472
0.028672
0.02848
0.028672
0.028448
0.028672
0.029408
0.028672
0.028672
0.028704
0.029664
0.028288
0.02944
0.028672
0.028672
0.027648
0.028704
0.028288
0.02864
0.02832
0.028672
0.028768
0.031744
0.02768
0.028672
0.028544
0.0288
0.028576
0.028672
0.02848
0.028672
0.028512
0.02848
0.027648
0.02768
0.027712
0.027648
0.027648
0.028704
0.028512
0.028672
0.03552
0.028704
0.030752
0.028576
0.028448
0.027648
0.028544
0.027648
0.028544
0.028544
0.028352
0.028672
0.027648
0.02864
0.027648
0.028416
0.028672
0.028672
0.027648
0.02768
0.028288
0.028672
0.029312
0.028512
0.02864
0.028672
0.02768
0.027648
0.02768
0.027648
0.02864
0.02864
0.02768
0.027648
0.028512
0.02864
0.027648
0.028672
0.02768
0.028256
0.028704
0.027648
0.02832
0.027648
0.027552
0.028704
0.02768
0.028672
0.028672
0.028448
0.02768
0.02864
0.028672
0.028352
0.028384
0.028416
0.028672
0.028672
0.028544
0.028352
0.02736
0.027648
0.027648
0.028608
0.02832
0.028544
0.02944
0.028288
0.028608
0.028576
0.028704
0.028288
0.027616
0.02864
0.028352
0.028384
0.028672
0.028416
0.028672
0.027936
0.028448
0.028672
0.027648
0.028704
0.027648
0.028288
0.027648
0.02768
0.027648
0.027648
0.028448
0.028672
0.02768
0.028448
0.027648
0.028672
0.027648
0.027648
0.028672
0.028352
0.027648
0.02768
0.02864
0.028512
0.02864
0.028672
0.02768
0.02864
0.027648
0.02848
0.028576
0.027648
0.02832
0.028608
0.028448
0.027648
0.028672
0.028448
0.027648
0.02848
0.028672
0.031776
0.027648
0.02768
0.028288
0.028672
0.02864
0.028704
0.028704
0.028352
0.028672
0.02768
0.028512
0.027648
0.028672
0.02768
0.028384
0.028608
0.02864
0.027648
0.028672
0.028512
0.028672
0.028672
0.028704
0.028704
0.028672
0.028512
0.027872
0.02848
0.028704
0.02848
0.027648
0.028352
0.028672
0.028672
0.02768
0.028672
0.027648
0.028704
0.028416
0.027648
0.027648
0.028672
0.027648
0.028672
0.027648
0.027648
0.02768
0.027648
0.02864
0.02768
0.027648
0.034464
0.028672
0.027648
0.027648
0.028416
0.028512
0.028608
0.02768
0.028672
0.02848
0.02864
0.028352
0.02768
0.028384
0.028352
0.037888
0.02768
0.028288
0.028672
0.027936
0.027648
0.028704
0.02864
0.027648
0.028352
0.028704
0.027648
0.028352
0.028352
0.02768
0.028576
0.027648
0.027648
0.02864
0.028704
0.027616
0.027648
0.02768
0.027648
0.028448
0.028544
0.035744
0.028544
0.028256
0.02768
0.027648
0.02768
0.027648
0.028416
0.028512
0.028416
0.027648
0.028384
0.027648
0.028544
0.027648
0.03488
0.027648
0.029472
0.027648
0.027648
0.028672
0.02768
0.028672
0.02768
0.028544
0.028512
0.027648
0.027648
0.027648
0.027648
0.028352
0.027648
0.027648
0.028352
0.028672
0.02768
0.028416
0.027648
0.028512
0.02864
0.02848
0.027648
0.02768
0.028672
0.027648
0.028672
0.027648
0.02848
0.02832
0.027648
0.028416
0.027648
0.027648
0.028672
0.027648
0.028416
0.028672
0.027648
0.027648
0.02768
0.027648
0.027648
0.02768
0.02848
0.028544
0.027648
0.028384
0.028608
0.028512
0.02768
0.027648
0.028672
0.028672
0.028672
0.027648
0.02768
0.027616
0.027648
0.02848
0.027648
0.028608
0.027648
0.028288
0.028672
0.028288
0.027648
0.028672
0.028384
0.028352
0.028448
0.028608
0.027648
0.02768
0.028448
0.028672
0.028704
0.028608
0.02768
0.028576
0.02848
0.02768
0.027648
0.028352
0.02768
0.028
0.027648
0.02768
0.028544
0.027648
0.028512
0.02864
0.032768
0.028672
0.027648
0.027648
0.028416
0.02864
0.028288
0.027648
0.027648
0.027648
0.027648
0.028448
0.028672
0.027648
0.035104
0.027648
0.02864
0.028672
0.028672
0.028672
0.028288
0.028288
0.027648
0.028544
0.034816
0.028352
0.027648
0.02768
0.02864
0.028288
0.039328
0.027648
0.028672
0.028352
0.027648
0.028512
0.027648
0.02848
0.028672
0.036896
0.02768
0.027648
0.028672
0.028544
0.027648
0.028672
0.028672
0.027648
0.027648
0.028544
0.02832
0.027648
0.027648
0.028672
0.02768
0.02768
0.027648
0.028576
0.028352
0.034432
0.028384
0.028
0.02768
0.028544
0.028576
0.027648
0.02768
0.028576
0.028544
0.034816
0.027744
0.028416
0.028416
0.027648
0.03072
0.027648
0.028512
0.028448
0.027648
0.027648
0.02768
0.027648
0.02768
0.028512
0.02848
0.028672
0.028672
0.028384
0.028672
0.027648
0.028672
0.027648
0.02768
0.027648
0.028448
0.030656
0.028608
0.027648
0.031712
0.028288
0.041984
0.027648
0.02768
0.028672
0.02848
0.02832
0.028608
0.028576
0.027648
0.02864
0.028544
0.027648
0.028672
0.027648
0.027648
0.02864
0.030752
0.027648
0.027648
0.028544
0.02944
0.027648
0.028384
0.028672
0.02848
0.028704
0.028448
0.027648
0.027648
0.027648
0.02768
0.028672
0.027648
0.027648
0.027648
0.027648
0.027648
0.028672
0.02768
0.028672
0.028672
0.027648
0.028672
0.027648
0.028576
0.028672
0.02864
0.027648
0.028672
0.028672
0.028384
0.028448
0.027648
0.027648
0.028416
0.027648
0.028288
0.027648
0.028256
0.028448
0.029728
0.038912
0.029408
0.029344
0.029472
0.029312
0.029632
0.029376
0.028672
0.029376
0.029536
0.029568
0.028672
0.029664
0.02944
0.02752
0.027648
0.02848
0.028672
0.02832
0.028672
0.02848
0.028672
0.02864
0.028512
0.028416
0.028288
0.027616
0.027648
0.027648
0.027648
0.028416
0.028576
0.02752
0.028672
0.027648
0.028416
0.02768
0.027648
0.028448
0.02768
0.028608
0.027648
0.027648
0.028512
0.02848
0.027648
0.027648
0.028672
0.027648
0.02864
0.02768
0.028448
0.02832
0.028672
0.027648
0.028672
0.033824
0.028608
0.028512
0.028384
0.02832
0.028384
0.027648
0.02768
0.028672
0.027648
0.02768
0.027648
0.028352
0.028704
0.027648
0.02832
0.027616
0.027648
0.02768
0.02832
0.028512
0.027872
0.028608
0.028544
0.027648
0.027648
0.02864
0.027648
0.027616
0.027648
0.027648
0.02848
0.027648
0.028288
0.028352
0.028704
0.028448
0.02768
0.02768
0.028672
0.027648
0.027648
0.028352
0.027648
0.028512
0.028544
0.027648
0.028672
0.028416
0.028672
0.028672
0.028
0.028352
0.028352
0.02768
0.02864
0.02768
0.028416
0.027616
0.028672
0.028288
0.02768
0.028672
0.027648
0.027648
0.028384
0.027648
0.028704
0.02768
0.035456
0.028544
0.027648
0.034752
0.028672
0.027648
0.028544
0.028608
0.035936
0.027648
0.027648
0.036864
0.027648
0.028672
0.027648
0.027648
0.04096
0.027648
0.027648
0.02832
0.027648
0.027648
0.027648
0.028352
0.028384
0.027648
0.02864
0.028576
0.02864
0.02848
0.028672
0.027648
0.027616
0.028448
0.028032
0.028256
0.028352
0.028672
0.027648
0.02768
0.028672
0.027648
0.028576
0.028384
0.028672
0.027424
0.02864
0.027584
0.02832
0.028352
0.027648
0.02848
0.027648
0.027648
0.028704
0.027648
0.027648
0.027616
0.027968
0.027648
0.028672
0.027648
0.028448
0.02848
0.02864
0.02864
0.028576
0.028672
0.028608
0.027616
0.028672
0.028352
0.027584
0.027648
0.036896
0.027616
0.028672
0.027456
0.028544
0.02864
0.028288
0.028448
0.028672
0.028416
0.028384
0.028672
0.028704
0.02752
0.027616
0.028288
0.027648
0.02768
0.027648
0.027584
0.04384
0.027648
0.02864
0.028672
0.028672
0.028672
0.028704
0.028672
0.028576
0.028352
0.028512
0.028704
0.028448
0.028608
0.027648
0.037888
0.028672
0.028384
0.028416
0.027616
0.027648
0.02768
0.027648
0.027648
0.02768
0.028608
0.029696
0.029664
0.029696
0.027648
0.028672
0.027744
0.028672
0.028448
0.02864
0.02768
0.028672
0.027712
0.028576
0.028288
0.02832
0.028576
0.028416
0.027648
0.027648
0.027648
0.028672
0.028512
0.02848
0.028576
0.02848
0.028704
0.02864
0.028352
0.028608
0.0256
0.029472
0.024576
0.026528
0.024576
0.0256
0.024576
0.0256
0.024576
0.02528
0.031744
0.025376
0.025632
0.024608
0.02544
0.0256
0.024576
0.026304
0.024576
0.0256
0.025568
0.025568
0.02528
0.025312
0.024544
0.0256
0.025568
0.024608
0.024576
0.025408
0.024576
0.025472
0.024608
0.025408
0.024608
0.02544
0.0256
0.025632
0.029632
0.0264
0.025408
0.024576
0.025568
0.025472
0.025408
0.0256
0.024608
0.025632
0.025376
0.028544
0.0256
0.0256
0.024576
0.024608
0.02528
0.0256
0.024608
0.030688
0.0256
0.025216
0.024608
0.029696
0.029536
0.027648
0.025536
0.0256
0.02544
0.044672
0.029664
0.029344
0.0256
0.0256
0.028704
0.028672
0.028672
0.028672
0.0256
0.025344
0.028672
0.028672
0.027648
0.025632
0.025472
0.025408
0.0256
0.029344
0.025632
0.024576
0.025632
0.025408
0.025376
0.025568
0.025472
0.0256
0.025632
0.038976
0.03648
0.028672
0.024576
0.025216
0.024576
0.0296
0.025216
0.026304
0.0256
0.024576
0.025344
0.026272
0.025408
0.025312
0.024544
0.025408
0.028576
0.0256
0.024576
0.0256
0.024576
0.025632
0.029472
0.028672
0.028672
0.025472
0.025376
0.025568
0.028672
0.028608
0.028672
0.025568
0.024608
0.028672
0.028704
0.029632
0.024608
0.026272
0.025568
0.024576
0.0256
0.0256
0.025248
0.024576
0.025504
0.028704
0.028416
0.029504
0.024608
0.026432
0.025216
0.0256
0.025472
0.0256
0.025472
0.024576
0.025344
0.024576
0.025568
0.024608
0.0256
0.02544
0.024576
0.025536
0.025632
0.02528
0.024576
0.0256
0.02544
0.025472
0.025568
0.025568
0.025344
0.028672
0.028672
0.02832
0.025472
0.025504
0.0256
0.024576
0.031744
0.025632
0.02528
0.024608
0.028672
0.02864
0.028704
0.028704
0.0256
0.026368
0.029632
0.029472
0.028672
0.0256
0.024608
0.025568
0.028928
0.026336
0.025248
0.025568
0.025824
0.0256
0.02864
0.028704
0.02864
0.025632
0.024576
0.028448
0.033504
0.0256
0.025632
0.0256
0.024608
0.02544
0.024416
0.0256
0.025472
0.025504
0.030688
0.028672
0.028416
0.029312
0.0256
0.024544
0.024608
0.0256
0.024576
0.025248
0.025568
0.028672
0.029344
0.028672
0.024544
0.025568
0.028704
0.029312
0.028672
0.028672
0.024608
0.025344
0.028704
0.02864
0.028672
0.026368
0.025568
0.024576
0.029696
0.028672
0.027616
0.025248
0.0256
0.028704
0.028672
0.028672
0.028672
0.0256
0.02528
0.029312
0.02864
0.028448
0.02864
0.029408
0.028672
0.028672
0.031744
0.0256
0.025472
0.0256
0.025248
0.025568
0.025376
0.025312
0.025568
0.025312
0.025568
0.025632
0.028512
0.028672
0.025632
0.0256
0.025248
0.025632
0.025312
0.025504
0.025504
0.0256
0.025536
0.0256
0.025568
0.0256
0.025408
0.025632
0.025248
0.0256
0.024576
0.025472
0.025568
0.025312
0.028672
0.028672
0.025472
0.0256
0.045824
0.0256
0.025568
0.029568
0.028704
0.029696
0.028608
0.028928
0.028672
0.025344
0.025568
0.024576
0.024576
0.025632
0.024576
0.0256
0.0256
0.025408
0.0256
0.0336
0.028704
0.028704
0.028672
0.028672
0.028608
0.028672
0.030368
0.034816
0.028672
0.028672
0.03072
0.029696
0.028672
0.0256
0.024608
0.0256
0.025568
0.025568
0.025408
0.0256
0.0256
0.024576
0.028704
0.029312
0.028416
0.028672
0.028704
0.028672
0.028512
0.028672
0.029632
0.028416
0.028672
0.029536
0.028672
0.028672
0.024576
0.025344
0.024544
0.025408
0.025632
0.024608
0.025472
0.0256
0.025312
0.025376
0.024544
0.0296
0.028672
0.028672
0.028416
0.028512
0.024576
0.025248
0.025504
0.026336
0.024576
0.028672
0.026464
0.024544
0.024608
0.0256
0.0256
0.0256
0.024576
0.02656
0.024576
0.025248
0.0256
0.028576
0.028672
0.028672
0.028672
0.028672
0.028672
0.029536
0.028448
0.02928
0.028704
0.028672
0.028672
0.029536
0.024576
0.024608
0.025408
0.026624
0.024576
0.025344
0.025248
0.024576
0.025472
0.025568
0.02832
0.028704
0.028672
0.028544
0.025568
0.0256
0.0256
0.0256
0.024576
0.028672
0.028448
0.028672
0.028608
0.028704
0.0256
0.02544
0.025376
0.02544
0.024576
0.026336
0.0256
0.025472
0.024544
0.028672
0.028672
0.028704
0.02864
0.028672
0.029728
0.028704
0.029696
0.032768
0.028672
0.028672
0.028672
0.028672
0.028672
0.025248
0.025632
0.025504
0.0256
0.025632
0.025568
0.0256
0.025248
0.025536
0.0256
0.024544
0.029536
0.028672
0.029696
0.028672
0.036672
0.029472
0.028704
0.02944
0.029408
0.028672
0.028672
0.029408
0.025376
0.025312
0.0256
0.025536
0.025408
0.025632
0.0256
0.026432
0.024544
0.025472
0.031712
0.028928
0.028608
0.024576
0.0256
0.024576
0.025472
0.024576
0.029408
0.029536
0.02848
0.043008
0.03568
0.0256
0.025504
0.024576
0.025216
0.025216
0.025312
0.0256
0.025344
0.025216
0.02544
0.02528
0.025536
0.024576
0.024608
0.024544
0.025472
0.029344
0.028672
0.028608
0.028672
0.028672
0.028512
0.02864
0.0256
0.0256
0.024576
0.025632
0.0256
0.0256
0.0256
0.02544
0.0256
0.025504
0.024576
0.025536
0.025312
0.028672
0.02848
0.028512
0.028672
0.029344
0.028672
0.028672
0.043008
0.028608
0.029664
0.028704
0.025632
0.024576
0.024608
0.024576
0.0256
0.025568
0.025376
0.0256
0.025568
0.027456
0.028672
0.028576
0.02864
0.02864
0.031744
0.030336
0.02864
0.02864
0.028416
0.024576
0.025536
0.025568
0.024576
0.02528
0.024544
0.0256
0.0256
0.024576
0.024576
0.0256
0.024608
0.024576
0.0256
0.028672
0.028448
0.028512
0.025632
0.0256
0.0256
0.02528
0.025568
0.03584
0.038912
0.028672
0.04112
0.028672
0.033792
0.0328
0.025632
0.0256
0.0256
0.025184
0.024608
0.0256
0.024544
0.02528
0.028672
0.028608
0.028544
0.029344
0.02864
0.028672
0.02768
0.031392
0.028672
0.029664
0.028672
0.028288
0.024608
0.025408
0.025312
0.0256
0.024448
0.025472
0.024576
0.025536
0.0256
0.0256
0.025568
0.0256
0.0256
0.025632
0.024576
0.024608
0.025536
0.025376
0.025248
0.025632
0.024576
0.026272
0.024608
0.0256
0.024576
0.025632
0.024544
0.0264
0.024608
0.031744
0.025248
0.024576
0.026432
0.025408
0.025312
0.028672
0.029696
0.029408
0.029344
0.028672
0.029344
0.028704
0.028672
0.028608
0.028704
0.02864
0.028672
0.028704
0.0256
0.025632
0.025568
0.0256
0.0256
0.024576
0.02544
0.02544
0.025632
0.025504
0.028672
0.028672
0.029312
0.02928
0.02864
0.02864
0.028672
0.028672
0.029376
0.03136
0.028672
0.028672
0.028576
0.025344
0.024576
0.0256
0.0256
0.025568
0.0256
0.025344
0.024576
0.024576
0.024576
0.035712
0.02768
0.0256
0.0256
0.025632
0.025504
0.0256
0.029408
0.02864
0.032384
0.028704
0.028672
0.028672
0.02864
0.0256
0.024576
0.025568
0.025536
0.024576
0.0256
0.02544
0.025568
0.026592
0.026208
0.028672
0.028704
0.029376
0.029408
0.028672
0.028832
0.028672
0.028672
0.031744
0.029312
0.0296
0.028672
0.024576
0.025248
0.0256
0.0256
0.025312
0.025312
0.025216
0.024576
0.025568
0.02528
0.0256
0.029376
0.028608
0.028032
0.02624
0.0256
0.025216
0.025632
0.025376
0.031744
0.029536
0.028672
0.028832
0.0296
0.028672
0.0256
0.025312
0.024576
0.025344
0.025248
0.025216
0.0256
0.030464
0.024608
0.025184
0.025568
0.0256
0.025536
0.0256
0.0256
0.029472
0.02768
0.031744
0.027648
0.0256
0.024576
0.02544
0.02528
0.02544
0.025568
0.0256
0.0256
0.025568
0.025344
0.031744
0.025344
0.024576
0.024576
0.024576
0.024576
0.025344
0.0256
0.0256
0.025536
0.0256
0.024576
0.029504
0.028672
0.025568
0.0256
0.0256
0.024576
0.024576
0.025632
0.025568
0.025376
0.02528
0.024576
0.024576
0.02624
0.0256
0.024608
0.025312
0.025632
0.024576
0.025408
0.024576
0.024608
0.025216
0.0256
0.025216
0.02528
0.0256
0.024576
0.0256
0.024576
0.025568
0.025184
0.025568
0.024576
0.025376
0.024576
0.0256
0.025408
0.025632
0.024544
0.0256
0.025376
0.0256
0.024576
0.025248
0.025376
0.0256
0.025216
0.025568
0.024576
0.0256
0.024576
0.03072
0.0256
0.028672
0.028672
0.029504
0.02544
0.028672
0.027648
0.028704
0.025536
0.029344
0.027648
0.029472
0.025632
0.028704
0.029312
0.0256
0.0256
0.028672
0.028672
0.025632
0.025312
0.0296
0.028672
0.0256
0.024576
0.029312
0.028672
0.025536
0.025632
0.02864
0.02864
0.02528
0.025216
0.029376
0.02864
0.024576
0.025472
0.028704
0.02848
0.024608
0.025312
0.028576
0.02944
0.025248
0.024576
0.03792
0.028672
0.025632
0.0256
0.028672
0.028672
0.025216
0.0256
0.028448
0.02864
0.025632
0.02528
0.028672
0.028672
0.025344
0.028672
0.028672
0.02944
0.0256
0.02864
0.028672
0.030656
0.026272
0.02864
0.028672
0.02864
0.0256
0.028672
0.029344
0.028672
0.024576
0.038912
0.028864
0.0256
0.024608
0.028672
0.029696
0.030752
0.024576
0.029376
0.029408
0.0256
0.024544
0.028672
0.029696
0.024544
0.0256
0.02928
0.029344
0.02528
0.025376
0.028608
0.028672
0.024608
0.0256
0.028672
0.029504
0.0256
0.0256
0.028672
0.028416
0.024576
0.025568
0.02832
0.028672
0.024608
0.0256
0.02864
0.028672
0.025344
0.0256
0.02864
0.029376
0.024576
0.024576
0.02864
0.028704
0.024544
0.029696
0.02864
0.028672
0.025568
0.028672
0.028672
0.028672
0.025472
0.029536
0.028672
0.028672
0.025248
0.029408
0.028672
0.028672
0.02528
0.028672
0.029344
0.028672
0.032768
0.029312
0.028672
0.0256
0.024608
0.029312
0.034816
0.025504
0.024576
0.028416
0.028672
0.025504
0.025408
0.028672
0.029696
0.0256
0.02528
0.037856
0.029664
0.0256
0.0256
0.028672
0.028672
0.025248
0.025376
0.028672
0.033792
0.0256
0.0256
0.028672
0.028608
0.025376
0.0256
0.028672
0.028704
0.0256
0.025568
0.028416
0.035456
0.024608
0.0256
0.025568
0.025312
0.0256
0.025568
0.028672
0.029408
0.025472
0.029696
0.029472
0.028672
0.025248
0.028672
0.028672
0.028672
0.0256
0.029536
0.028448
0.028704
0.025376
0.028704
0.025216
0.0256
0.0256
0.025312
0.025568
0.0256
0.02528
0.029312
0.02864
0.025632
0.024736
0.028672
0.028448
0.024576
0.0256
0.028704
0.029696
0.025568
0.025568
0.028544
0.028672
0.025344
0.02544
0.0296
0.028672
0.0256
0.025632
0.02768
0.028448
0.025344
0.02528
0.029504
0.029696
0.025568
0.025536
0.028672
0.028672
0.025344
0.02544
0.028512
0.029344
0.025632
0.024576
0.028512
0.028672
0.025344
0.0256
0.029632
0.028672
0.025408
0.028416
0.028672
0.028576
0.0256
0.029728
0.028672
0.028928
0.025568
0.028704
0.028672
0.029696
0.0256
0.028704
0.02944
0.028672
0.024576
0.0296
0.028672
0.0256
0.0256
0.02864
0.02944
0.0256
0.024544
0.029344
0.028672
0.025248
0.02624
0.028544
0.029376
0.025376
0.035488
0.028672
0.028672
0.024576
0.0256
0.029728
0.028672
0.0256
0.025312
0.02864
0.02928
0.025408
0.025376
0.027648
0.028672
0.024576
0.0256
0.028704
0.028672
0.033792
0.0256
0.02896
0.028672
0.0256
0.02544
0.028672
0.028672
0.025312
0.0256
0.028672
0.02944
0.0256
0.028672
0.028672
0.028672
0.025568
0.028704
0.02864
0.036832
0.025536
0.028672
0.029728
0.028352
0.02544
0.028704
0.028288
0.02864
0.024576
0.028768
0.028672
0.0256
0.025568
0.028672
0.029632
0.02528
0.031776
0.02944
0.029696
0.0256
0.025632
0.028512
0.028544
0.025632
0.0256
0.044768
0.029696
0.0256
0.024608
0.02768
0.028672
0.025632
0.025248
0.034816
0.028448
0.0256
0.025248
0.028672
0.02864
0.024576
0.02544
0.029696
0.028704
0.0256
0.0256
0.028704
0.03648
0.0256
0.025408
0.028672
0.02768
0.0256
0.025408
0.028672
0.028544
0.026272
0.031776
0.028672
0.028672
0.0256
0.028672
0.02864
0.028672
0.025568
0.02864
0.02864
0.028704
0.025344
0.03072
0.028672
0.045024
0.025568
0.02944
0.028704
0.028544
0.025472
0.028672
0.028672
0.025376
0.025248
0.031712
0.028672
0.025344
0.025472
0.029568
0.029344
0.024608
0.024576
0.02864
0.028672
0.0256
0.025568
0.033696
0.028672
0.0256
0.024576
0.029728
0.029344
0.024576
0.024896
0.028672
0.028704
0.025248
0.02544
0.03152
0.028704
0.0256
0.025216
0.028736
0.028672
0.0256
0.026624
0.028512
0.025632
0.0256
0.025536
0.0256
0.0256
0.025472
0.029408
0.025632
0.029312
0.025536
0.028672
0.025376
0.028672
0.0256
0.03056
0.028352
0.024576
0.028704
0.024576
0.028672
0.025472
0.02864
0.025408
0.02864
0.024576
0.03072
0.028672
0.028672
0.02864
0.0256
0.029696
0.02624
0.028672
0.0256
0.028704
0.024576
0.028704
0.025632
0.028672
0.02864
0.025344
0.028672
0.0256
0.029632
0.025248
0.028704
0.025216
0.028384
0.0256
0.0296
0.028704
0.024576
0.029504
0.025632
0.028704
0.0256
0.028704
0.0256
0.028672
0.025376
0.028704
0.028672
0.029536
0.029568
0.025536
0.036896
0.025344
0.029248
0.025504
0.028672
0.02544
0.028672
0.025536
0.028704
0.028576
0.025568
0.028608
0.025472
0.02864
0.025632
0.028416
0.024576
0.02864
0.024576
0.029376
0.02864
0.025408
0.028672
0.025344
0.02848
0.024576
0.0256
0.0256
0.024576
0.024608
0.02544
0.025376
0.029344
0.028672
0.02544
0.028672
0.025568
0.028672
0.0256
0.028672
0.025504
0.02864
0.025568
0.028384
0.032768
0.025568
0.028512
0.025344
0.029312
0.02528
0.028672
0.025632
0.029344
0.025568
0.028672
0.028672
0.0256
0.03072
0.025312
0.029664
0.0256
0.028704
0.024576
0.036512
0.024576
0.029568
0.029312
0.028672
0.028416
0.0256
0.032416
0.0256
0.034816
0.02528
0.028672
0.025472
0.029664
0.025632
0.028704
0.037888
0.025632
0.03056
0.04096
0.031776
0.024576
0.028672
0.025568
0.028576
0.025408
0.028672
0.028448
0.025312
0.028672
0.025248
0.030656
0.0256
0.031744
0.024576
0.029376
0.025216
0.029376
0.028672
0.027648
0.028704
0.0256
0.028672
0.024576
0.029696
0.024608
0.048992
0.024544
0.028608
0.028416
0.029536
0.028672
0.024576
0.029344
0.025472
0.02864
0.025408
0.028672
0.025248
0.031744
0.025568
0.029344
0.028672
0.025632
0.028608
0.025888
0.028672
0.0256
0.028608
0.025408
0.030432
0.025408
0.031744
0.029568
0.02864
0.028704
0.0256
0.029568
0.025632
0.028608
0.02544
0.028704
0.024576
0.029344
0.028416
0.031744
0.028672
0.025344
0.029504
0.025408
0.028576
0.024576
0.02848
0.024608
0.02864
0.0256
0.028672
0.029696
0.024576
0.02864
0.034656
0.029664
0.024544
0.029344
0.024544
0.02864
0.0256
0.029312
0.028672
0.0256
0.028512
0.024608
0.028512
0.024608
0.028672
0.0256
0.029632
0.0256
0.028672
0.0296
0.028672
0.028672
0.025472
0.028704
0.025568
0.02928
0.024608
0.02864
0.0256
0.028672
0.0256
0.027648
0.028608
0.025568
0.028672
0.024576
0.028672
0.0256
0.0256
0.0256
0.025504
0.024576
0.0256
0.029696
0.024576
0.029664
0.0256
0.028672
0.025472
0.028672
0.0256
0.028672
0.0256
0.03584
0.029344
0.031392
0.028704
0.025632
0.028384
0.036832
0.024608
0.025408
0.0256
0.025472
0.025568
0.025568
0.02864
0.028704
0.025312
0.028672
0.024576
0.029504
0.025312
0.029632
0.025504
0.028672
0.024576
0.03072
0.028672
0.025632
0.029696
0.024608
0.028672
0.025216
0.028416
0.024576
0.028416
0.033792
0.028384
0.028672
0.035872
0.029728
0.025472
0.027648
0.02544
0.029312
0.025632
0.028672
0.0256
0.043744
0.0256
0.025504
0.025568
0.025568
0.028704
0.024576
0.028672
0.0256
0.027616
0.025408
0.028672
0.025472
0.028672
0.029376
0.024576
0.028704
0.024576
0.028704
0.025248
0.029408
0.02544
0.029696
0.0256
0.029696
0.02832
0.028704
0.02832
0.0256
0.028672
0.0256
0.029504
0.0256
0.028544
0.02544
0.029408
0.024576
0.028704
0.028672
0.02544
0.029344
0.0256
0.029504
0.025632
0.028672
0.025504
0.025632
0.0256
0.025216
0.024576
0.025472
0.024576
0.024576
0.02944
0.0256
0.029312
0.025408
0.028416
0.0256
0.02864
0.028672
0.028576
0.028672
0.025504
0.032768
0.024576
0.028672
0.0256
0.025504
0.025568
0.0256
0.024576
0.026272
0.024544
0.0256
0.028672
0.02544
0.0256
0.031776
0.025376
0.0256
0.0256
0.025472
0.028736
0.02864
0.025312
0.029664
0.024576
0.030464
0.02528
0.0256
0.0256
0.025344
0.0256
0.0256
0.024576
0.027648
0.02768
0.025632
0.0256
0.0256
0.02544
0.024576
0.024608
0.025632
0.028288
0.028672
0.025312
0.025376
0.0256
0.0256
0.025344
0.0256
0.024544
0.02864
0.025632
0.028672
0.028672
0.0256
0.0256
0.0256
0.0256
0.02544
0.025216
0.0256
0.02944
0.025632
0.02864
0.025376
0.028384
0.029696
0.028672
0.028672
0.024576
0.027648
0.0256
0.028672
0.0256
0.028608
0.024544
0.027648
0.029376
0.028704
0.028672
0.025376
0.028672
0.025408
0.028544
0.025408
0.028416
0.026304
0.028704
0.024608
0.028576
0.028704
0.025568
0.029568
0.024544
0.02864
0.025504
0.028672
0.025312
0.029696
0.0256
0.029408
0.025216
0.025376
0.024576
0.0256
0.024576
0.025568
0.028672
0.0256
0.029376
0.025312
0.02848
0.028672
0.029728
0.02864
0.024576
0.028672
0.02544
0.028544
0.025312
0.028672
0.027648
0.024576
0.044
0.031744
0.03872
0.024576
0.02864
0.029696
0.025536
0.029664
0.02544
0.030368
0.029728
0.025568
0.0296
0.024864
0.028672
0.025632
0.029312
0.025408
0.02944
0.029536
0.025248
0.029504
0.024576
0.029536
0.025504
0.028672
0.029408
0.0256
0.028704
0.0256
0.028672
0.025536
0.02896
0.029536
0.025472
0.029664
0.024576
0.029568
0.025568
0.029696
0.029632
0.025344
0.029632
0.025344
0.029696
0.025568
0.029536
0.02528
0.02944
0.0304
0.025632
0.028672
0.0256
0.031712
0.024608
0.0256
0.030432
0.025536
0.029568
0.024608
0.029664
0.029536
0.024576
0.02944
0.025248
0.030368
0.025472
0.029696
0.025344
0.029664
0.02864
0.025632
0.028672
0.02544
0.028672
0.025568
0.02864
0.029664
0.024576
0.028672
0.0256
0.0296
0.024576
0.028672
0.02864
0.024576
0.029536
0.0256
0.029696
0.030528
0.029504
0.029376
0.0304
0.028704
0.0256
0.02864
0.025632
0.02864
0.025632
0.028672
0.029696
0.024576
0.02944
0.025408
0.029696
0.0256
0.029504
0.030304
0.025504
0.029664
0.0256
0.031744
0.02544
0.029664
0.030464
0.0256
0.029696
0.025632
0.029504
0.024576
0.029696
0.0256
0.029408
0.028672
0.025568
0.029536
0.0256
0.028672
0.025504
0.029344
0.02864
0.025536
0.02864
0.0256
0.028672
0.025312
0.029312
0.029728
0.025376
0.028672
0.0256
0.029504
0.02544
0.029696
0.02864
0.0256
0.028704
0.0256
0.029632
0.0256
0.028672
0.0256
0.029664
0.028672
0.025568
0.0296
0.0256
0.029344
0.0256
0.029664
0.029696
0.025632
0.029664
0.024544
0.029568
0.0256
0.029504
0.028672
0.0256
0.031776
0.025216
0.029472
0.025216
0.02864
0.0256
0.025536
0.029664
0.0256
0.029568
0.025184
0.029664
0.024576
0.0256
0.028672
0.025408
0.028672
0.0256
0.028672
0.024576
0.0296
0.028672
0.025536
0.02864
0.025568
0.03072
0.029664
0.025216
0.029696
0.0256
0.029344
0.025568
0.029504
0.024608
0.029312
0.029312
0.025408
0.02864
0.0256
0.02944
0.024576
0.029344
0.029728
0.025472
0.029408
0.0256
0.028672
0.025536
0.029696
0.025568
0.029632
0.029728
0.0256
0.025344
0.02528
0.025312
0.025632
0.025568
0.025632
0.025504
0.025568
0.025408
0.025568
0.025632
0.025568
0.026272
0.025504
0.0256
0.024576
0.025632
0.0256
0.0256
0.025344
0.025376
0.025248
0.0256
0.025568
0.025568
0.025376
0.029696
0.025632
0.029664
0.024576
0.029344
0.028704
0.025344
0.028736
0.025344
0.028672
0.026336
0.029696
0.028672
0.024608
0.029696
0.025376
0.029696
0.02544
0.029376
0.029472
0.0256
0.028672
0.025792
0.028672
0.0256
0.028672
0.02864
0.025632
0.029344
0.025536
0.029664
0.025312
0.029696
0.025568
0.030464
0.029728
0.0256
0.029312
0.025408
0.028672
0.025568
0.028672
0.02864
0.0256
0.029696
0.025568
0.029376
0.02544
0.029696
0.029536
0.0256
0.029696
0.0256
0.029696
0.025632
0.029696
0.028672
0.029504
0.029696
0.025472
0.029696
0.0256
0.029696
0.025536
0.029696
0.029664
0.0256
0.028928
0.0256
0.029664
0.026368
0.028672
0.028672
0.0256
0.029696
0.025376
0.029696
0.0256
0.028672
0.028704
0.025568
0.030656
0.0256
0.028672
0.026272
0.028672
0.025536
0.029536
0.029696
0.025632
0.029696
0.0256
0.029696
0.025632
0.028704
0.029664
0.025344
0.0296
0.0256
0.029472
0.0256
0.028672
0.029696
0.024608
0.029728
0.025504
0.029696
0.0256
0.029696
0.029664
0.026368
0.030752
0.026464
0.029696
0.0256
0.031744
0.0256
0.029664
0.029696
0.0256
0.029632
0.025632
0.02864
0.0256
0.028672
0.028672
0.0256
0.029696
0.0256
0.029664
0.0264
0.029664
0.029376
0.0256
0.029696
0.02528
0.029696
0.0256
0.029632
0.024544
0.02624
0.025632
0.02544
0.024544
0.0256
0.025568
0.0256
0.0256
0.025504
0.025472
0.0256
0.0256
0.0256
0.024576
0.0256
0.0256
0.02528
0.0256
0.025472
0.025312
0.024608
0.025408
0.025376
0.0256
0.0256
0.025504
0.025568
0.024544
0.025632
0.02496
0.025184
0.025504
0.024576
0.024576
0.025568
0.0256
0.026336
0.0256
0.025408
0.025632
0.0256
0.024576
0.024608
0.025408
0.025568
0.025408
0.025312
0.025632
0.025248
0.024544
0.025536
0.025568
0.025568
0.02528
0.025568
0.026304
0.025248
0.025504
0.025472
0.025504
0.024544
0.024576
0.025536
0.0256
0.025344
0.0256
0.0256
0.025536
0.0256
0.024576
0.02624
0.025568
0.0256
0.025632
0.025568
0.025568
0.025568
0.029632
0.0256
0.029696
0.0256
0.029472
0.02944
0.025632
0.029696
0.025568
0.029728
0.0256
0.029376
0.025472
0.029344
0.033408
0.0256
0.029344
0.025536
0.029408
0.0256
0.029312
0.029696
0.025632
0.0296
0.025216
0.02944
0.02528
0.029696
0.029728
0.0256
0.028672
0.0256
0.02944
0.0256
0.029504
0.02944
0.025568
0.029696
0.02528
0.029696
0.027296
0.029664
0.025472
0.028672
0.029312
0.02624
0.024608
0.029472
0.024608
0.029696
0.025568
0.029632
0.0256
0.029664
0.025568
0.029472
0.024576
0.028672
0.024576
0.0256
0.028704
0.025344
0.028704
0.025312
0.029344
0.025536
0.029504
0.025632
0.029344
0.025408
0.029408
0.025248
0.0296
0.0256
0.029504
0.024576
0.028928
0.025536
0.025344
0.051232
0.025216
0.029696
0.025216
0.03072
0.025344
0.029696
0.025184
0.029472
0.0256
0.029536
0.024576
0.029632
0.024576
0.029472
0.025216
0.029696
0.0256
0.029536
0.025568
0.029696
0.02528
0.029504
0.024576
0.025568
0.029408
0.025472
0.036544
0.025216
0.02864
0.026624
0.029696
0.0256
0.028672
0.02544
0.02528
0.025568
0.025632
0.025632
0.025248
0.025408
0.02544
0.025568
0.0256
0.026624
0.025248
0.0256
0.025344
0.025568
0.025504
0.025632
0.025568
0.0256
0.025376
0.0256
0.025568
0.025408
0.0256
0.026336
0.0256
0.026272
0.025568
0.0256
0.025472
0.02624
0.032768
0.02976
0.025344
0.039872
0.034112
0.028672
0.0256
0.029568
0.0256
0.029664
0.0256
0.025632
0.025568
0.025568
0.025408
0.025568
0.0256
0.024576
0.0256
0.025632
0.024608
0.0256
0.025216
0.0256
0.025568
0.025504
0.025248
0.025568
0.026336
0.024608
0.034592
0.02528
0.024832
0.024576
0.0256
0.0256
0.0256
0.025632
0.025408
0.025632
0.0256
0.025376
0.0256
0.025472
0.025248
0.0256
0.025248
0.025216
0.026304
0.025664
0.0256
0.025376
0.0256
0.025312
0.0256
0.0256
0.024576
0.0256
0.024544
0.025216
0.02544
0.0256
0.032992
0.024576
0.025312
0.025216
0.026464
0.025568
0.02544
0.025472
0.026304
0.025632
0.025312
0.0256
0.024544
0.024576
0.026304
0.025888
0.0256
0.025472
0.02624
0.025504
0.025568
0.0256
0.0256
0.026528
0.025344
0.031552
0.025632
0.025472
0.02624
0.0256
0.025344
0.025472
0.0256
0.025312
0.0256
0.025472
0.025568
0.025632
0.025632
0.0256
0.0256
0.024576
0.029472
0.025472
0.029696
0.0256
0.029664
0.025632
0.029696
0.0256
0.029536
0.025408
0.029696
0.025408
0.029632
0.025408
0.029376
0.0256
0.029472
0.025376
0.030592
0.024576
0.029696
0.0256
0.025312
0.029376
0.025312
0.029728
0.0256
0.029728
0.02528
0.030688
0.0256
0.0296
0.025472
0.029664
0.0256
0.029536
0.026336
0.032736
0.025568
0.029568
0.025312
0.029696
0.025344
0.024608
0.029696
0.026272
0.029696
0.0256
0.029504
0.0256
0.029696
0.025568
0.025248
0.024544
0.025504
0.025312
0.024608
0.0256
0.025344
0.025504
0.024544
0.025376
0.0256
0.025312
0.025632
0.025568
0.024576
0.025472
0.0256
0.026272
0.0256
0.025568
0.026272
0.024544
0.024608
0.0256
0.026304
0.024608
0.025216
0.025312
0.024576
0.024576
0.0256
0.024576
0.025376
0.024576
0.025376
0.0256
0.025248
0.025216
0.025472
0.025568
0.0256
0.025568
0.0256
0.025728
0.0256
0.0256
0.025312
0.025632
0.025408
0.025312
0.025568
0.025248
0.0256
0.025408
0.0256
0.0256
0.02544
0.0256
0.0256
0.025216
0.025504
0.04208
0.025536
0.0256
0.025312
0.025344
0.0256
0.025568
0.0256
0.0256
0.024576
0.025312
0.0256
0.024576
0.0256
0.024576
0.024576
0.024544
0.025216
0.0256
0.0256
0.025312
0.025568
0.025472
0.0256
0.025312
0.025632
0.044
0.032512
0.02544
0.026432
0.025536
0.025568
0.025568
0.025632
0.024576
0.026368
0.0256
0.0256
0.0256
0.025312
0.0256
0.025184
0.024576
0.025344
0.024576
0.025376
0.0256
0.025472
0.025568
0.0256
0.025472
0.0256
0.0256
0.0256
0.024608
0.02544
0.025408
0.025248
0.025216
0.026304
0.033792
0.0256
0.024608
0.024576
0.025536
0.025408
0.0256
0.0256
0.024576
0.025632
0.025568
0.025376
0.0256
0.024576
0.024608
0.024576
0.025568
0.024608
0.025568
0.025632
0.025568
0.0256
0.0256
0.0256
0.026368
0.025344
0.0256
0.0256
0.024576
0.02624
0.025632
0.025568
0.025504
0.025632
0.0256
0.0256
0.0256
0.0256
0.025216
0.02528
0.025632
0.024576
0.024576
0.0256
0.025408
0.025344
0.02544
0.025632
0.0256
0.0256
0.025376
0.025408
0.024576
0.024576
0.024576
0.025632
0.026208
0.025376
0.025632
0.0256
0.025472
0.031776
0.0256
0.0256
0.025312
0.025568
0.025632
0.0256
0.0256
0.025536
0.0256
0.0256
0.0256
0.0256
0.024576
0.02528
0.024544
0.0256
0.025536
0.025344
0.024576
0.025632
0.025568
0.0256
0.025376
0.0256
0.0256
0.025568
0.03376
0.025632
0.0256
0.025504
0.024576
0.029728
0.025632
0.028704
0.025312
0.02864
0.025408
0.02864
0.0256
0.02944
0.025408
0.029504
0.0256
0.029728
0.0256
0.028672
0.025536
0.025536
0.029696
0.025472
0.029376
0.025408
0.029696
0.0256
0.029504
0.0256
0.049184
0.034816
0.02864
0.02624
0.028672
0.0256
0.029696
0.0256
0.029664
0.0256
0.028672
0.0256
0.025376
0.029376
0.025568
0.029376
0.025312
0.029664
0.025568
0.0256
0.029696
0.0256
0.025504
0.029568
0.025312
0.031744
0.024576
0.025568
0.028672
0.0256
0.028672
0.0256
0.0256
0.029312
0.0256
0.028672
0.024576
0.0256
0.02928
0.0256
0.038752
0.0256
0.025312
0.028672
0.025504
0.029696
0.0256
0.0256
0.02864
0.024576
0.0256
0.02864
0.025504
0.028672
0.025408
0.025472
0.029664
0.0256
0.029696
0.024608
0.0256
0.028672
0.025312
0.030336
0.025248
0.025344
0.029344
0.025504
0.029408
0.024608
0.031744
0.029504
0.025568
0.02864
0.025312
0.0256
0.029504
0.030688
0.029728
0.025536
0.025632
0.04608
0.02544
0.028672
0.025568
0.0256
0.029696
0.025312
0.029632
0.025184
0.02528
0.028672
0.026336
0.0256
0.028672
0.0256
0.029696
0.025568
0.025632
0.029696
0.025632
0.028672
0.0256
0.0256
0.034464
0.0256
0.02864
0.024576
0.025504
0.032704
0.025632
0.029344
0.025632
0.0256
0.029696
0.025568
0.029504
0.024576
0.025632
0.02864
0.026304
0.024544
0.029696
0.0256
0.029696
0.024896
0.028672
0.0256
0.0256
0.028672
0.025632
0.024608
0.029344
0.024608
0.029728
0.025504
0.025248
0.028672
0.025408
0.028672
0.025632
0.025632
0.029632
0.0256
0.029696
0.0256
0.025632
0.029408
0.025376
0.029728
0.025312
0.024576
0.029344
0.0256
0.029504
0.025504
0.025632
0.028576
0.031744
0.024544
0.029664
0.0256
0.030368
0.024608
0.02928
0.024608
0.025504
0.029504
0.025536
0.024576
0.028672
0.0256
0.029696
0.024576
0.025568
0.029696
0.0256
0.028704
0.025632
0.024544
0.029664
0.0256
0.029408
0.025376
0.025344
0.025792
0.026624
0.025312
0.0256
0.025568
0.025472
0.0256
0.025312
0.0256
0.0256
0.025248
0.025536
0.025344
0.0256
0.024608
0.0256
0.025568
0.0256
0.043104
0.0256
0.025632
0.02624
0.025632
0.0256
0.025248
0.025344
0.0256
0.0256
0.0256
0.0256
0.0256
0.026528
0.025568
0.0256
0.024576
0.0256
0.025632
0.028672
0.025568
0.029312
0.0256
0.025344
0.029696
0.025568
0.030368
0.026464
0.024576
0.029408
0.025568
0.028672
0.025568
0.025248
0.028704
0.025568
0.025408
0.029696
0.025568
0.029568
0.024576
0.025536
0.029312
0.025632
0.029376
0.026272
0.025568
0.029664
0.025568
0.029312
0.025568
0.025504
0.029664
0.025568
0.028672
0.025536
0.025312
0.029696
0.025408
0.029504
0.025344
0.026272
0.029536
0.026592
0.029664
0.0256
0.025632
0.029408
0.024576
0.0296
0.0256
0.0256
0.029696
0.025216
0.02528
0.029696
0.0256
0.029728
0.0256
0.026432
0.029504
0.02544
0.029728
0.0256
0.025408
0.029696
0.025408
0.029664
0.025632
0.025568
0.028672
0.031968
0.028704
0.0256
0.025632
0.02944
0.025344
0.028672
0.0256
0.024576
0.032448
0.0256
0.029696
0.025344
0.025632
0.02864
0.0256
0.025312
0.029696
0.025632
0.029664
0.025632
0.025568
0.029568
0.025504
0.028672
0.025312
0.024608
0.029664
0.0256
0.030496
0.024576
0.0256
0.029728
0.025632
0.029696
0.025472
0.025632
0.028672
0.024608
0.02944
0.025568
0.0256
0.029664
0.0256
0.029728
0.026432
0.0256
0.030464
0.025568
0.029472
0.024576
0.0256
0.029504
0.025312
0.0256
0.029696
0.025344
0.029728
0.024544
0.025312
0.028704
0.0256
0.029696
0.0256
0.0256
0.029696
0.024544
0.029728
0.024576
0.025568
0.029632
0.0256
0.028704
0.025568
0.0256
0.029696
0.025472
0.029568
0.025216
0.025376
0.035872
0.026208
0.03072
0.024544
0.025632
0.02864
0.0256
0.029696
0.025568
0.0256
0.029376
0.0256
0.0256
0.033792
0.025536
0.029664
0.025632
0.025536
0.02944
0.03568
0.029696
0.025568
0.025408
0.02944
0.026304
0.029696
0.0256
0.0256
0.029696
0.025504
0.028672
0.0256
0.025568
0.029664
0.025216
0.029696
0.0256
0.026464
0.029536
0.0256
0.028672
0.0256
0.024544
0.029696
0.0256
0.0256
0.028704
0.0264
0.028672
0.0256
0.0256
0.029728
0.033792
0.029696
0.0256
0.026368
0.02992
0.026304
0.028704
0.024576
0.025408
0.029696
0.0256
0.029504
0.0256
0.025248
0.028672
0.047104
0.029696
0.025568
0.0256
0.028672
0.025536
0.0296
0.025536
0.025216
0.029504
0.025568
0.029696
0.0256
0.025216
0.03072
0.025472
0.026432
0.028672
0.026336
0.029696
0.025408
0.025632
0.029472
0.024576
0.029472
0.025632
0.026336
0.029696
0.0256
0.032768
0.025632
0.025536
0.029952
0.025568
0.029696
0.032416
0.025568
0.028672
0.026368
0.029408
0.0256
0.025216
0.029504
0.025568
0.029696
0.025568
0.025472
0.029696
0.025504
0.029728
0.0256
0.0256
0.028672
0.026432
0.02544
0.028672
0.0256
0.029664
0.0256
0.025632
0.029312
0.025344
0.029728
0.024576
0.0256
0.035808
0.025536
0.028672
0.0256
0.02544
0.029472
0.025472
0.029472
0.025504
0.025632
0.028704
0.0256
0.028704
0.025248
0.0256
0.028704
0.025408
0.02864
0.025568
0.0256
0.029728
0.025504
0.029312
0.025408
0.025408
0.025568
0.0256
0.029568
0.024544
0.0256
0.030624
0.025184
0.0256
0.029696
0.0256
0.0256
0.029344
0.0256
0.0256
0.029504
0.0256
0.024576
0.029344
0.0256
0.024544
0.031744
0.0256
0.025472
0.029696
0.024576
0.025312
0.025632
0.028704
0.0256
0.0256
0.032768
0.025344
0.024576
0.029632
0.025472
0.025312
0.029632
0.025568
0.0256
0.029696
0.025344
0.0256
0.029728
0.0256
0.025568
0.028672
0.026464
0.0256
0.029696
0.026272
0.02544
0.029696
0.02528
0.02528
0.029696
0.0256
0.02528
0.0256
0.029568
0.02576
0.025536
0.02864
0.0256
0.025472
0.029408
0.0256
0.024832
0.029408
0.025344
0.04096
0.029664
0.0256
0.0256
0.028672
0.02528
0.0256
0.025536
0.029696
0.025536
0.0256
0.029696
0.0256
0.025536
0.028672
0.0256
0.02544
0.029696
0.0256
0.025408
0.028704
0.0256
0.024864
0.028704
0.0256
0.0256
0.028672
0.0256
0.0256
0.029664
0.024576
0.025568
0.025568
0.029696
0.024544
0.0256
0.028672
0.025504
0.025472
0.029696
0.0256
0.0256
0.03584
0.02624
0.024576
0.029728
0.025568
0.025376
0.02864
0.026208
0.024576
0.030016
0.0256
0.03584
0.028672
0.025568
0.025632
0.029696
0.0256
0.0256
0.025248
0.028672
0.024608
0.025568
0.032672
0.026368
0.025568
0.029728
0.0256
0.02528
0.029472
0.026432
0.024576
0.028672
0.025408
0.025568
0.029696
0.025632
0.0256
0.029696
0.025504
0.025504
0.0304
0.02544
0.024864
0.029664
0.029728
0.0256
0.025344
0.029568
0.0256
0.024544
0.0296
0.025248
0.0256
0.029344
0.034816
0.025376
0.029696
0.025312
0.025568
0.029664
0.025632
0.024576
0.029408
0.02576
0.02544
0.044032
0.0256
0.024576
0.024608
0.0296
0.025632
0.0256
0.029632
0.02544
0.0256
0.029472
0.0256
0.025472
0.02944
0.025504
0.025568
0.028672
0.025536
0.025632
0.029472
0.0256
0.025408
0.028704
0.025568
0.025632
0.028704
0.025376
0.0256
0.0256
0.029696
0.024576
0.034816
0.029728
0.0256
0.025568
0.028672
0.024608
0.025568
0.029696
0.0256
0.0256
0.029568
0.025504
0.025248
0.029728
0.025568
0.0256
0.02864
0.024576
0.024576
0.028672
0.0256
0.0256
0.025568
0.041792
0.025632
0.025504
0.028672
0.025248
0.025632
0.031744
0.0256
0.024576
0.02944
0.025536
0.0256
0.028672
0.026336
0.025504
0.028704
0.0256
0.024576
0.029664
0.02544
0.0256
0.029472
0.031712
0.025408
0.025248
0.028672
0.024576
0.025632
0.029536
0.025568
0.024544
0.029696
0.02544
0.0256
0.029344
0.025312
0.025536
0.029728
0.02544
0.0256
0.029696
0.025568
0.02528
0.0296
0.025216
0.02544
0.028672
0.0256
0.025632
0.029568
0.025472
0.025312
0.024576
0.0296
0.0256
0.0256
0.03696
0.025536
0.025568
0.0296
0.02544
0.02496
0.029696
0.025632
0.025408
0.02944
0.02544
0.025536
0.029376
0.0256
0.025568
0.028672
0.024576
0.024576
0.02864
0.0256
0.025184
0.025568
0.029472
0.0256
0.025248
0.028992
0.024576
0.02544
0.029696
0.0256
0.025632
0.028704
0.025344
0.025472
0.029664
0.0256
0.0256
0.028672
0.025632
0.024576
0.02944
0.025632
0.025472
0.029664
0.031776
0.0256
0.029664
0.0256
0.024544
0.025568
0.028672
0.0256
0.024544
0.031584
0.025536
0.034816
0.028672
0.024832
0.0256
0.028672
0.025216
0.024576
0.029472
0.024576
0.0256
0.029696
0.035712
0.024608
0.029696
0.024608
0.025536
0.029376
0.0256
0.024544
0.0256
0.029696
0.025472
0.025408
0.028672
0.024576
0.025632
0.029376
0.0256
0.0256
0.029568
0.025632
0.025408
0.0296
0.024576
0.025568
0.029408
0.0256
0.0256
0.029664
0.025376
0.0256
0.025568
0.029056
0.0256
0.0256
0.041952
0.024576
0.025632
0.028672
0.025312
0.024576
0.029696
0.025568
0.025568
0.028672
0.025632
0.0256
0.029728
0.025568
0.024576
0.029568
0.0256
0.024576
0.029408
0.025632
0.0256
0.028672
0.0256
0.024576
0.02528
0.030336
0.025664
0.025632
0.028672
0.02528
0.0256
0.029664
0.024576
0.0256
0.035808
0.025568
0.0256
0.028672
0.025376
0.025408
0.02944
0.02528
0.0256
0.029344
0.0256
0.025568
0.033792
0.025632
0.025376
0.029696
0.0256
0.025568
0.025536
0.029696
0.0256
0.031456
0.0256
0.025536
0.024608
0.029728
0.0256
0.0256
0.029504
0.0256
0.025376
0.028672
0.024576
0.025632
0.028672
0.025408
0.024576
0.029696
0.024576
0.0256
0.029536
0.025568
0.024576
0.025568
0.02944
0.0256
0.024576
0.028832
0.0256
0.0256
0.029536
0.024544
0.025568
0.029408
0.024576
0.0256
0.045056
0.0256
0.025376
0.028704
0.025472
0.025472
0.029664
0.024608
0.025472
0.029056
0.0256
0.0256
0.029664
0.02624
0.025632
0.024544
0.029696
0.025568
0.025472
0.029504
0.025216
0.025248
0.029728
0.025408
0.024608
0.030656
0.024704
0.025568
0.029664
0.02528
0.0256
0.029696
0.025536
0.0256
0.029312
