5.14301
6.18781
6.16016
6.08563
6.08173
6.02781
6.13994
6.10944
5.92563
6.14326
6.05098
5.96698
6.1215
6.15197
6.05731
6.00755
6.03405
6.09485
5.9408
6.12624
6.04934
6.08336
6.10896
6.0888
6.11011
5.91549
6.08989
6.0127
5.94506
6.03539
6.1593
5.9031
6.13878
6.11718
6.1024
5.96525
6.07946
6.06451
6.01296
6.08237
6.05549
5.94442
6.02816
6.08445
6.08813
5.97296
6.10666
6.10022
5.90426
6.12435
6.11082
5.96582
6.10157
6.14157
6.14067
5.92301
6.0929
6.09405
5.99843
6.10554
6.13235
5.91107
6.13702
6.04086
6.13011
5.95437
6.04909
1.13162
1.54938
1.56006
1.62333
1.62045
1.63517
1.59549
1.59309
1.59574
1.59421
1.57219
1.60496
1.60614
1.60512
1.57258
1.53101
1.57475
1.57958
1.58192
1.6103
1.61482
1.60726
1.57264
1.5815
1.59693
1.58307
1.55942
1.61418
1.62166
1.63213
1.61699
1.5567
1.62131
1.57603
1.59997
1.61878
1.58768
1.59632
1.59066
1.57322
1.68211
1.61498
1.58422
1.58896
1.59821
1.56362
1.60013
1.58026
1.58086
1.59955
1.57936
1.61258
1.62163
1.59216
1.58176
1.56781
1.59667
1.58819
1.54858
1.5825
1.62013
1.58314
1.57526
1.55286
1.53834
1.60406
1.56368
1.62317
1.5999
1.58346
1.57533
1.59094
1.60266
1.55094
1.50733
1.58358
1.59494
1.58406
1.5272
1.59251
1.6105
1.59523
1.55994
1.59558
1.55075
1.60013
1.53808
1.54861
1.59888
1.55216
1.58202
1.5704
1.58378
1.6017
1.55642
1.6033
1.56778
1.58278
1.56899
1.5832
1.57312
1.55648
1.50992
1.56397
1.5624
1.57453
1.56771
1.58918
1.59837
1.55459
1.54675
1.56928
1.54339
1.60605
1.57584
1.59853
1.59354
1.55277
1.56608
1.56736
1.55731
1.59466
1.56157
1.55661
1.55587
1.55824
1.53952
1.60086
1.56979
1.55235
1.56054
1.59053
1.56246
1.52368
1.54269
1.58634
1.5608
1.58211
1.58742
1.58906
1.58589
1.51667
1.60243
1.59638
1.58534
1.56736
1.67066
1.68467
1.68253
1.61754
1.73158
1.71453
1.60672
1.56339
1.58477
1.59619
1.55555
1.53504
1.56253
1.58848
1.56115
1.54176
1.59971
1.56006
1.55677
1.53155
1.58333
1.5945
1.58861
1.55066
1.59235
1.56637
1.56886
1.5367
1.56144
1.57341
1.57638
1.51606
1.57338
1.58653
1.56806
1.56506
1.58122
1.56566
1.54141
1.57466
1.59731
1.58618
1.56861
1.56966
1.57878
1.59277
0.33024
0.417568
0.410528
0.414784
0.413152
0.409824
0.40224
0.423648
0.4144
0.414528
0.415872
0.42704
0.415136
0.414016
0.407136
0.4176
0.414336
0.41472
0.408608
0.417856
0.414752
0.421632
0.413376
0.414976
0.414752
0.416064
0.40896
0.416512
0.419808
0.417888
0.409856
0.419104
0.41472
0.424896
0.418464
0.413504
0.416
0.414272
0.41184
0.41344
0.41824
0.414496
0.408864
0.416096
0.41488
0.425984
0.410752
0.414016
0.421248
0.442176
0.439936
0.431648
0.419808
0.427232
0.412992
0.414432
0.422592
0.417344
0.406112
0.410848
0.41376
0.410432
0.40736
0.415104
0.411488
0.415712
0.424608
0.415136
0.413088
0.415776
0.41472
0.417248
0.410752
0.423008
0.41216
0.424608
0.41616
0.42
0.416512
0.416896
0.409696
0.418944
0.424448
0.411968
0.406944
0.41632
0.413696
0.418464
0.406784
0.41424
0.413504
0.423584
0.404736
0.41344
0.416128
0.426272
0.409184
0.412608
0.420256
0.409696
0.413632
0.414016
0.420032
0.425824
0.418688
0.417696
0.414656
0.41264
0.406048
0.415136
0.436064
0.416768
0.407264
0.427264
0.415232
0.42432
0.403904
0.426848
0.417344
0.427456
0.410912
0.42016
0.416704
0.412832
0.425248
0.415328
0.41664
0.413984
0.403136
0.40288
0.403552
0.403904
0.401088
0.40576
0.406464
0.402848
0.403968
0.408416
0.414528
0.404864
0.402944
0.406368
0.414624
0.404224
0.414368
0.412416
0.416384
0.405184
0.405504
0.401376
0.404064
0.416352
0.404864
0.413696
0.408704
0.406656
0.410528
0.415328
0.399008
0.414816
0.399904
0.400096
0.412928
0.404672
0.414688
0.414752
0.411456
0.407456
0.40816
0.414912
0.403072
0.405216
0.405888
0.418944
0.403264
0.40704
0.406112
0.412064
0.405216
0.403328
0.41424
0.404416
0.404896
0.405856
0.405088
0.40464
0.417888
0.407168
0.397248
0.405856
0.405248
0.392672
0.395328
0.445408
0.399232
0.394848
0.400256
0.394336
0.410528
0.397568
0.39728
0.396928
0.392096
0.398144
0.392608
0.395168
0.393984
0.396384
0.39296
0.397056
0.394048
0.404928
0.396512
0.395744
0.397952
0.400128
0.410304
0.40848
0.407968
0.40096
0.397632
0.394016
0.40736
0.3936
0.398912
0.393984
0.4096
0.391648
0.407104
0.394944
0.407072
0.40496
0.400704
0.396448
0.39344
0.39856
0.392928
0.408928
0.39296
0.408064
0.399712
0.39952
0.393312
0.406304
0.393952
0.396928
0.396672
0.399232
0.396384
0.399136
0.396288
0.401216
0.402624
0.416928
0.401664
0.404896
0.395712
0.40512
0.40512
0.404288
0.39984
0.402752
0.41504
0.405856
0.3976
0.400736
0.412576
0.400864
0.39408
0.414368
0.403296
0.414912
0.397568
0.414752
0.406336
0.405152
0.4096
0.40512
0.410048
0.405696
0.403808
0.40448
0.401152
0.403808
0.395584
0.402496
0.401952
0.404896
0.39664
0.403008
0.406784
0.40688
0.398912
0.411296
0.404256
0.40224
0.395136
0.401152
0.408416
0.403872
0.39872
0.40512
0.404576
0.405504
0.400704
0.4056
0.405984
0.413216
0.392896
0.403808
0.40176
0.40848
0.39392
0.407488
0.403456
0.415552
0.405696
0.39808
0.412608
0.408864
0.411328
0.404512
0.400832
0.395264
0.397952
0.4048
0.411392
0.409056
0.41088
0.403264
0.404064
0.397824
0.40432
0.415296
0.404832
0.399584
0.413984
0.40544
0.41344
0.397056
0.40368
0.406176
0.403104
0.4024
0.405056
0.40128
0.404544
0.40384
0.411488
0.40304
0.402336
0.397408
0.406112
0.41232
0.41648
0.396224
0.404544
0.403968
0.411648
0.39728
0.412064
0.402464
0.402336
0.398592
0.403328
0.405408
0.403808
0.396448
0.402752
0.408096
0.40768
0.409728
0.405472
0.41616
0.403648
0.3992
0.41168
0.40224
0.409504
0.394752
0.41056
0.403936
0.403904
0.406112
0.389952
0.399552
0.406848
0.392544
0.384896
0.394336
0.393312
0.400896
0.384704
0.399168
0.390656
0.393952
0.396192
0.393696
0.394176
0.405792
0.387552
0.399808
0.390112
0.391552
0.385888
0.39296
0.394816
0.39344
0.38896
0.394688
0.391648
0.391904
0.387328
0.395808
0.391136
0.394048
0.39488
0.394688
0.39104
0.388256
0.392512
0.391808
0.405056
0.400064
0.400064
0.394656
0.404672
0.39344
0.38208
0.40352
0.39536
0.394752
0.384864
0.407456
0.395392
0.395072
0.380896
0.388928
0.390176
0.39216
0.384832
0.391776
0.392672
0.391008
0.39472
0.394656
0.397088
0.391904
0.390208
0.388064
0.388384
0.392992
0.386912
0.406784
0.390432
0.399872
0.387392
0.396832
0.397408
0.39008
0.38496
0.399808
0.393216
0.395744
0.384448
0.394368
0.39472
0.393952
0.385344
0.38784
0.401952
0.394304
0.386304
0.393344
0.394656
0.401056
0.38656
0.39472
0.398912
0.39648
0.388128
0.389824
0.399744
0.393568
0.385696
0.393504
0.394592
0.397088
0.388064
0.392864
0.39744
0.395936
0.394592
0.40544
0.397312
0.39616
0.381888
0.393824
0.391072
0.393184
0.396096
0.402048
0.391392
0.4048
0.38544
0.390656
0.400576
0.401728
0.393664
0.399488
0.383776
0.394496
0.392672
0.401792
0.384576
0.405664
0.396064
0.409824
0.38512
0.402784
0.40592
0.40352
0.38512
0.403904
0.404288
0.393984
0.384128
0.400512
0.402496
0.401408
0.396032
0.394208
0.3928
0.394656
0.388192
0.396704
0.39152
0.405664
0.39424
0.39152
0.39328
0.402112
0.385664
0.393376
0.397184
0.401472
0.396288
0.39264
0.395936
0.39232
0.383904
0.392928
0.392704
0.393824
0.3832
0.392544
0.405408
0.403648
0.387904
0.395168
0.391392
0.406304
0.387328
0.394592
0.395104
0.394464
0.383904
0.392448
0.399328
0.407168
0.385984
0.388512
0.404992
0.396416
0.389344
0.388544
0.383232
0.39152
0.403616
0.393408
0.396224
0.395776
0.40544
0.393248
0.38256
0.402752
0.400672
0.39168
0.386464
0.39712
0.394368
0.395232
0.383392
0.389664
0.403872
0.394816
0.38448
0.39216
0.392736
0.390464
0.388192
0.4008
0.3936
0.396512
0.387392
0.400288
0.396064
0.394784
0.387456
0.393792
0.385568
0.39872
0.383328
0.395872
0.391424
0.388576
0.395264
0.396576
0.40144
0.390752
0.383072
0.391776
0.395104
0.39248
0.385856
0.39248
0.39248
0.399296
0.385056
0.402752
0.39408
0.394976
0.386848
0.398336
0.393312
0.41184
0.392896
0.39472
0.388704
0.394336
0.3728
0.3832
0.378336
0.382208
0.385376
0.385536
0.391648
0.380096
0.385728
0.384096
0.39184
0.393952
0.384032
0.388992
0.381664
0.377504
0.383904
0.381952
0.39648
0.3832
0.383936
0.38352
0.381216
0.385184
0.381472
0.379328
0.380896
0.39056
0.38064
0.383168
0.392672
0.381152
0.391648
0.380096
0.393856
0.382592
0.39296
0.381504
0.409376
0.3816
0.390688
0.381664
0.38976
0.38432
0.379456
0.39264
0.383712
0.380864
0.380704
0.384416
0.383008
0.388096
0.380896
0.381728
0.395264
0.389376
0.381632
0.381984
0.389664
0.381696
0.386688
0.384448
0.386336
0.384192
0.380416
0.38064
0.392448
0.391264
0.383168
0.395296
0.380864
0.390016
0.382784
0.394336
0.379936
0.388832
0.383776
0.384064
0.388448
0.393152
0.393664
0.389568
0.381472
0.389056
0.391808
0.38064
0.3936
0.385056
0.380096
0.395168
0.382464
0.383904
0.382464
0.3872
0.382208
0.382496
0.390624
0.381216
0.38448
0.383232
0.391008
0.378816
0.391232
0.384
0.394496
0.383936
0.379712
0.382272
0.383808
0.392032
0.381728
0.380512
0.385056
0.383328
0.383744
0.380736
0.392448
0.381472
0.382176
0.388544
0.383936
0.380544
0.384448
0.381888
0.381824
0.38288
0.382528
0.390144
0.377088
0.382528
0.387232
0.392192
0.38752
0.376608
0.373184
0.382176
0.37968
0.380992
0.375296
0.394624
0.380608
0.381952
0.377056
0.383008
0.383808
0.382816
0.3752
0.38208
0.39424
0.383552
0.377696
0.37776
0.379456
0.381248
0.37216
0.394688
0.379264
0.392288
0.37424
0.409152
0.38368
0.381056
0.389984
0.384896
0.380224
0.392288
0.376544
0.394208
0.384768
0.390656
0.377344
0.390784
0.387392
0.382496
0.378208
0.38608
0.38384
0.387168
0.375392
0.382272
0.380128
0.380064
0.371872
0.382368
0.381472
0.381664
0.376448
0.39888
0.37584
0.384992
0.381344
0.379104
0.382208
0.375904
0.38576
0.380512
0.381696
0.38368
0.393216
0.395264
0.391808
0.372512
0.384896
0.392128
0.391008
0.374368
0.392704
0.383008
0.385984
0.38048
0.383616
0.392032
0.383904
0.373312
0.384864
0.380704
0.381504
0.385312
0.382784
0.382912
0.38384
0.37392
0.38272
0.383424
0.380544
0.387392
0.38144
0.393824
0.384
0.385312
0.381984
0.381536
0.3872
0.374176
0.382112
0.38304
0.384608
0.378144
0.382112
0.388832
0.392928
0.375968
0.391616
0.382208
0.38208
0.376352
0.38352
0.383872
0.39216
0.385024
0.392544
0.381504
0.375424
0.380544
0.377408
0.381824
0.113472
0.114976
0.122112
0.117376
0.11424
0.115616
0.123456
0.11696
0.118048
0.116544
0.112064
0.116704
0.117888
0.11664
0.113152
0.115328
0.116256
0.115776
0.116896
0.12352
0.115008
0.115264
0.115584
0.11472
0.11312
0.115904
0.11728
0.116576
0.116512
0.11664
0.113088
0.118176
0.11616
0.116256
0.113344
0.117312
0.115264
0.119264
0.114944
0.114336
0.117792
0.116736
0.115296
0.117216
0.115968
0.118176
0.115488
0.117792
0.116
0.11504
0.114336
0.116256
0.11552
0.116832
0.11472
0.117024
0.117216
0.118944
0.114848
0.116224
0.118144
0.116224
0.1296
0.115968
0.116672
0.115232
0.114816
0.116896
0.116864
0.117472
0.122592
0.114496
0.11824
0.118432
0.116128
0.121824
0.116192
0.119232
0.118816
0.124864
0.115904
0.116448
0.125056
0.114144
0.116992
0.1144
0.1168
0.115648
0.117024
0.11568
0.117184
0.115424
0.125248
0.11664
0.114528
0.11552
0.117888
0.1256
0.116672
0.112576
0.116096
0.12448
0.116352
0.114496
0.112512
0.122368
0.119488
0.116896
0.114112
0.116512
0.117792
0.1152
0.116704
0.115616
0.116384
0.114784
0.11808
0.114368
0.11536
0.112448
0.119584
0.124864
0.11552
0.113856
0.11712
0.127776
0.117856
0.117344
0.114304
0.116192
0.115808
0.115488
0.116256
0.128928
0.11488
0.116704
0.11504
0.123328
0.115008
0.11632
0.11232
0.118624
0.117856
0.116064
0.113856
0.117856
0.12496
0.118304
0.113056
0.117408
0.117696
0.115712
0.119392
0.11584
0.113504
0.116544
0.114816
0.116352
0.11808
0.116576
0.114176
0.118208
0.117728
0.115008
0.113792
0.117984
0.116832
0.117888
0.114336
0.12208
0.118496
0.118496
0.114496
0.128608
0.115488
0.116928
0.114368
0.115808
0.11616
0.116576
0.113312
0.11792
0.124064
0.115264
0.11504
0.117472
0.118528
0.116352
0.11328
0.116064
0.116768
0.116384
0.115776
0.117216
0.116736
0.113952
0.117024
0.116192
0.118496
0.118368
0.11328
0.116672
0.118112
0.116608
0.115552
0.114016
0.116128
0.119328
0.116896
0.121536
0.116032
0.114688
0.11344
0.118016
0.115232
0.116704
0.127296
0.11728
0.11424
0.1176
0.122912
0.1128
0.117088
0.118176
0.127136
0.114944
0.1136
0.117664
0.117504
0.112704
0.114144
0.11648
0.1176
0.118144
0.116032
0.113888
0.116352
0.117536
0.113888
0.116032
0.115072
0.115872
0.11456
0.127712
0.113664
0.118688
0.115904
0.129216
0.117216
0.114816
0.1168
0.117568
0.11712
0.116
0.117792
0.115232
0.107936
0.110848
0.11024
0.112032
0.11088
0.110624
0.113504
0.110336
0.108608
0.112544
0.125056
0.110912
0.111488
0.113568
0.107648
0.113024
0.109984
0.109248
0.123648
0.112864
0.107424
0.112576
0.111904
0.109568
0.109376
0.114016
0.117792
0.111936
0.11024
0.110272
0.110528
0.11232
0.106944
0.111136
0.111744
0.109664
0.110592
0.112256
0.109088
0.11248
0.108256
0.111456
0.11664
0.11184
0.106848
0.112768
0.113792
0.113824
0.1096
0.112864
0.11184
0.109472
0.110976
0.11088
0.111136
0.11264
0.11184
0.10816
0.112832
0.110464
0.10912
0.11072
0.113952
0.119424
0.12448
0.110112
0.119552
0.127936
0.11024
0.110784
0.110528
0.109696
0.111072
0.117696
0.111456
0.111968
0.113376
0.107648
0.112608
0.111328
0.108416
0.112096
0.1128
0.108736
0.111456
0.112032
0.109792
0.11216
0.112544
0.110496
0.11296
0.112352
0.107712
0.113216
0.111392
0.111104
0.108512
0.11264
0.10944
0.111296
0.110304
0.112896
0.111488
0.110688
0.10912
0.11216
0.111584
0.115296
0.117792
0.111776
0.111936
0.111936
0.10944
0.114208
0.108704
0.111616
0.109472
0.110432
0.111872
0.110944
0.116352
0.11168
0.112352
0.11008
0.11168
0.11104
0.11248
0.110656
0.110336
0.112864
0.112512
0.128
0.112576
0.110432
0.111776
0.111232
0.114112
0.110656
0.11344
0.11264
0.11296
0.11088
0.112288
0.1096
0.11072
0.11152
0.111072
0.112768
0.112576
0.107616
0.113152
0.113664
0.108992
0.111296
0.111328
0.109792
0.117088
0.111424
0.110112
0.11296
0.11248
0.11248
0.112768
0.112448
0.109056
0.111648
0.111968
0.110336
0.1088
0.112096
0.11104
0.11136
0.111808
0.112992
0.112672
0.114496
0.110368
0.109856
0.111648
0.112992
0.108256
0.111232
0.112128
0.110816
0.10912
0.119936
0.110272
0.113248
0.109632
0.109792
0.110848
0.111968
0.109056
0.112416
0.111392
0.112096
0.11728
0.117632
0.110912
0.111616
0.10832
0.114176
0.111552
0.109888
0.110368
0.114272
0.11008
0.112512
0.110208
0.110336
0.112864
0.113024
0.108448
0.112064
0.11168
0.110016
0.111168
0.112352
0.110592
0.111968
0.11024
0.10976
0.122304
0.112
0.107744
0.1112
0.113024
0.110432
0.112
0.111616
0.112736
0.111328
0.110656
0.109248
0.114432
0.110944
0.111616
0.111104
0.112896
0.112544
0.10576
0.121824
0.11872
0.116768
0.118432
0.11904
0.109408
0.114048
0.110112
0.108032
0.11296
0.112608
0.108
0.11056
0.114368
0.111968
0.119904
0.111744
0.111488
0.11216
0.10944
0.112256
0.11072
0.112096
0.10848
0.113536
0.108864
0.111616
0.111744
0.110592
0.110208
0.113088
0.10672
0.111168
0.111776
0.109056
0.108768
0.120992
0.109312
0.109824
0.111872
0.109696
0.11008
0.113312
0.108672
0.112032
0.110912
0.111936
0.109088
0.120704
0.120096
0.111712
0.110816
0.111968
0.113216
0.113088
0.109984
0.110144
0.11264
0.11136
0.107904
0.110304
0.113152
0.10768
0.11024
0.112704
0.108512
0.111104
0.110112
0.1088
0.112032
0.112
0.10768
0.11104
0.113152
0.10816
0.111584
0.109024
0.111776
0.111648
0.109728
0.112288
0.11264
0.111296
0.11488
0.117312
0.11184
0.111712
0.110912
0.10832
0.112288
0.112064
0.10848
0.110368
0.112448
0.109344
0.109696
0.1232
0.108512
0.12176
0.109664
0.110208
0.112064
0.111808
0.107936
0.110656
0.111712
0.110848
0.10832
0.11312
0.108864
0.109888
0.109472
0.110784
0.110304
0.11328
0.109632
0.111552
0.1104
0.111616
0.10672
0.113152
0.108992
0.112448
0.111456
0.113696
0.108768
0.113152
0.109952
0.10912
0.112832
0.111616
0.106112
0.11312
0.112672
0.109312
0.10976
0.113792
0.108352
0.113088
0.112992
0.109056
0.110592
0.112288
0.110048
0.11216
0.111776
0.117088
0.117088
0.110496
0.110912
0.112672
0.108704
0.111264
0.111744
0.108096
0.109184
0.11232
0.110176
0.110112
0.111104
0.117376
0.123808
0.11088
0.108416
0.11024
0.111616
0.108544
0.109696
0.113664
0.112128
0.109856
0.11168
0.110176
0.111552
0.112384
0.1088
0.11024
0.112992
0.11072
0.108192
0.1136
0.1104
0.11104
0.109152
0.111776
0.111104
0.11136
0.109056
0.108224
0.111936
0.112608
0.112288
0.122848
0.120448
0.108256
0.111296
0.114368
0.10896
0.112512
0.111552
0.108256
0.111008
0.112256
0.106528
0.121664
0.11248
0.11312
0.109984
0.113152
0.109408
0.111648
0.110016
0.11248
0.112736
0.111712
0.11152
0.116064
0.109312
0.111904
0.113536
0.107872
0.111232
0.111392
0.110016
0.109408
0.112576
0.109024
0.108992
0.112
0.110688
0.110944
0.11232
0.108832
0.121376
0.112192
0.109248
0.109888
0.111744
0.111776
0.110528
0.11328
0.111872
0.109344
0.113184
0.110144
0.111392
0.113664
0.11008
0.110144
0.112928
0.112736
0.110784
0.112576
0.1136
0.11008
0.11168
0.11232
0.107904
0.114016
0.111712
0.109152
0.111104
0.113248
0.107104
0.11312
0.110176
0.109984
0.110304
0.111968
0.110976
0.124896
0.101504
0.101696
0.1056
0.105856
0.113472
0.104256
0.10416
0.106112
0.105888
0.100832
0.107104
0.111968
0.107136
0.104288
0.106048
0.105568
0.104576
0.103072
0.106112
0.10704
0.10384
0.103392
0.105792
0.105312
0.106144
0.105152
0.10608
0.105312
0.104736
0.104544
0.105632
0.10368
0.106016
0.105184
0.108512
0.105632
0.102496
0.104096
0.105984
0.10608
0.104512
0.104448
0.107776
0.105088
0.114368
0.103968
0.104864
0.103968
0.106432
0.105152
0.106848
0.105088
0.104704
0.104448
0.107584
0.103648
0.103648
0.105376
0.105632
0.104864
0.10576
0.103552
0.105888
0.107008
0.106144
0.105984
0.10384
0.10688
0.102784
0.105376
0.102208
0.110944
0.113472
0.105952
0.111552
0.10736
0.103424
0.107008
0.103488
0.107328
0.104448
0.102848
0.104704
0.106368
0.104768
0.106592
0.103744
0.105696
0.10384
0.102944
0.104416
0.105184
0.113056
0.107008
0.10384
0.106272
0.1032
0.105056
0.104448
0.115936
0.101184
0.104416
0.10528
0.104768
0.103456
0.10544
0.103168
0.10672
0.10272
0.106016
0.106048
0.10176
0.103968
0.106112
0.103264
0.10736
0.102816
0.10576
0.117504
0.107296
0.1128
0.106528
0.111616
0.105696
0.10288
0.105984
0.105184
0.10576
0.106592
0.103008
0.10544
0.10512
0.106016
0.112288
0.105984
0.104288
0.104672
0.101568
0.104032
0.105376
0.103552
0.103616
0.10624
0.103168
0.107552
0.104576
0.104896
0.10432
0.104832
0.104352
0.10816
0.103232
0.110976
0.10592
0.10464
0.104192
0.108512
0.104672
0.104672
0.102368
0.10512
0.102944
0.105408
0.103776
0.104064
0.104768
0.10624
0.102048
0.106368
0.10496
0.104448
0.104128
0.10656
0.102848
0.104544
0.102208
0.106048
0.10528
0.10464
0.102752
0.106848
0.101728
0.10656
0.105536
0.104192
0.103872
0.10496
0.104288
0.107328
0.104544
0.109888
0.104576
0.108864
0.10352
0.103552
0.105664
0.104512
0.10416
0.106016
0.109024
0.106688
0.102176
0.10448
0.10624
0.102816
0.104928
0.113056
0.10448
0.106784
0.10016
0.105152
0.105632
0.1032
0.104096
0.106784
0.10288
0.105984
0.104096
0.106592
0.103712
0.102336
0.1064
0.108352
0.10224
0.106208
0.106272
0.113728
0.106048
0.102464
0.10528
0.107072
0.1024
0.10688
0.104576
0.103264
0.10544
0.104928
0.105472
0.106976
0.10048
0.105504
0.114304
0.105408
0.105152
0.104992
0.103744
0.106784
0.104064
0.125088
0.10336
0.103936
0.106496
0.105632
0.10608
0.104736
0.1048
0.107104
0.11456
0.105184
0.106176
0.106272
0.105376
0.102272
0.104992
0.1064
0.104384
0.1128
0.11632
0.111712
0.107488
0.10464
0.107328
0.106656
0.102528
0.104096
0.107616
0.105984
0.105952
0.10336
0.104736
0.106432
0.105152
0.104224
0.106592
0.102048
0.106016
0.10528
0.105024
0.108512
0.103968
0.104544
0.107616
0.103616
0.115008
0.105792
0.10512
0.106848
0.104608
0.105024
0.105984
0.102784
0.106592
0.10368
0.103808
0.105824
0.106208
0.105632
0.105856
0.105344
0.10544
0.10592
0.102752
0.10448
0.105792
0.108736
0.118176
0.105152
0.105344
0.105632
0.105056
0.104352
0.105408
0.103872
0.10384
0.10544
0.113952
0.101248
0.105344
0.10544
0.105184
0.10688
0.106688
0.103424
0.106752
0.10256
0.1064
0.105216
0.103552
0.105632
0.108384
0.103168
0.10704
0.101888
0.104704
0.106272
0.104384
0.106272
0.106208
0.102272
0.109504
0.104704
0.105664
0.10496
0.10368
0.106592
0.107648
0.1032
0.10512
0.106688
0.10368
0.10464
0.1056
0.10352
0.105792
0.102688
0.107328
0.104224
0.103936
0.106368
0.104192
0.104896
0.107776
0.099904
0.10624
0.10544
0.10368
0.107104
0.105984
0.103744
0.107136
0.104224
0.106496
0.105216
0.10592
0.106016
0.106432
0.106144
0.102592
0.10656
0.106144
0.106336
0.105824
0.105504
0.10464
0.116224
0.102304
0.103808
0.105792
0.103872
0.104608
0.1072
0.104608
0.106976
0.106624
0.118112
0.108672
0.103456
0.104256
0.107008
0.104288
0.106144
0.1072
0.111296
0.107104
0.103296
0.106016
0.107264
0.103072
0.106272
0.106368
0.104256
0.106848
0.105408
0.107136
0.10608
0.103072
0.106784
0.104608
0.103616
0.105504
0.114688
0.105696
0.106048
0.10528
0.106976
0.104544
0.102816
0.105728
0.106496
0.10512
0.10736
0.105728
0.106592
0.105632
0.103616
0.104192
0.104672
0.105376
0.101632
0.104352
0.105248
0.102624
0.106688
0.107424
0.105344
0.104672
0.105248
0.102912
0.113344
0.112064
0.10432
0.10672
0.105472
0.1064
0.1064
0.102464
0.106176
0.102688
0.10512
0.106784
0.102336
0.105504
0.106752
0.103552
0.107168
0.104928
0.108128
0.105056
0.103616
0.104576
0.10464
0.102304
0.107232
0.104576
0.110816
0.104096
0.102848
0.104064
0.106816
0.101376
0.106048
0.10416
0.106272
0.105696
0.105408
0.103648
0.107136
0.102976
0.105504
0.105504
0.10336
0.106336
0.106272
0.103552
0.105536
0.10224
0.105728
0.10352
0.10368
0.119616
0.103648
0.10608
0.096672
0.099744
0.100608
0.108128
0.101088
0.10128
0.100192
0.100096
0.102912
0.1
0.099616
0.100224
0.102432
0.100224
0.09968
0.100352
0.102752
0.100512
0.09856
0.10064
0.099968
0.107968
0.099072
0.10112
0.100224
0.108224
0.098624
0.101088
0.102464
0.11072
0.099456
0.098784
0.100608
0.09824
0.101216
0.098496
0.10112
0.099392
0.09904
0.098976
0.101824
0.100224
0.099872
0.100896
0.099552
0.100192
0.099488
0.100032
0.100864
0.101472
0.096864
0.101984
0.101856
0.099488
0.100576
0.108288
0.10128
0.100384
0.100128
0.0992
0.10144
0.102208
0.101152
0.099072
0.10224
0.099968
0.100576
0.100416
0.103936
0.102048
0.09984
0.100128
0.099904
0.099904
0.100544
0.10208
0.101056
0.101728
0.099296
0.099552
0.101312
0.102976
0.108032
0.099392
0.098944
0.099488
0.102208
0.100032
0.100576
0.100544
0.102336
0.09936
0.10192
0.10032
0.102016
0.101312
0.106528
0.098592
0.100512
0.100064
0.100224
0.10192
0.09968
0.10208
0.097568
0.102208
0.103104
0.101856
0.100608
0.100032
0.101696
0.100704
0.102816
0.099296
0.102112
0.101376
0.101664
0.099488
0.103424
0.10032
0.101568
0.099488
0.103264
0.10144
0.110592
0.101152
0.100544
0.10112
0.096576
0.118784
0.100608
0.1
0.099488
0.101248
0.100352
0.100864
0.099552
0.09888
0.102592
0.105856
0.098432
0.099968
0.10304
0.097696
0.106528
0.102176
0.100992
0.1016
0.10032
0.10848
0.100672
0.101632
0.09808
0.100992
0.109728
0.099744
0.098496
0.100608
0.108224
0.103296
0.098816
0.100384
0.100928
0.11248
0.098528
0.099776
0.100768
0.099936
0.100352
0.098912
0.101152
0.102048
0.099296
0.099872
0.102144
0.101792
0.097344
0.10144
0.099616
0.101056
0.097664
0.102016
0.09744
0.101248
0.098816
0.110784
0.100928
0.103712
0.098528
0.098496
0.1128
0.1
0.10208
0.101472
0.101792
0.098656
0.102208
0.100032
0.10096
0.101952
0.101696
0.101056
0.103072
0.100096
0.099744
0.10224
0.100512
0.10208
0.101344
0.100192
0.10624
0.100224
0.102112
0.103296
0.101056
0.107232
0.103136
0.101792
0.099488
0.099392
0.102336
0.1
0.100416
0.0992
0.102048
0.10016
0.103776
0.098752
0.102816
0.101824
0.100544
0.099264
0.10752
0.100032
0.100768
0.097632
0.101152
0.101088
0.102752
0.099232
0.102144
0.101824
0.100544
0.097536
0.104096
0.104384
0.100544
0.099232
0.102176
0.10016
0.100896
0.110144
0.103808
0.100128
0.099904
0.101568
0.101632
0.099072
0.097632
0.100928
0.100064
0.102304
0.099584
0.099456
0.10128
0.102592
0.105056
0.101184
0.102368
0.100192
0.106528
0.100064
0.10128
0.100704
0.098656
0.09888
0.100032
0.102304
0.101152
0.100064
0.100352
0.102272
0.098752
0.099264
0.09856
0.101664
0.098112
0.101408
0.099648
0.103328
0.09776
0.101824
0.101696
0.102336
0.099168
0.101056
0.100416
0.10112
0.101536
0.098784
0.10096
0.10016
0.100768
0.100416
0.099744
0.101632
0.100224
0.100896
0.098144
0.101024
0.100896
0.10064
0.0984
0.101024
0.108224
0.100768
0.09856
0.100544
0.099072
0.101632
0.10512
0.09936
0.102592
0.100128
0.101152
0.10032
0.103872
0.100736
0.099264
0.102016
0.103968
0.099392
0.100896
0.10192
0.1
0.101824
0.099136
0.100064
0.101984
0.102848
0.098304
0.100992
0.10384
0.109312
0.099616
0.1008
0.102304
0.100256
0.099648
0.099296
0.1024
0.100256
0.107008
0.100256
0.102944
0.100064
0.099648
0.10224
0.101568
0.101248
0.098432
0.10016
0.101248
0.101984
0.09904
0.100992
0.101472
0.101664
0.098208
0.101728
0.102976
0.102304
0.103904
0.099808
0.102528
0.1
0.100224
0.099552
0.104224
0.1008
0.100448
0.0992
0.101536
0.100064
0.10032
0.100128
0.100672
0.106976
0.099328
0.100256
0.099808
0.10096
0.099232
0.1
0.099968
0.099808
0.101984
0.099616
0.10032
0.098656
0.100288
0.100608
0.100256
0.098176
0.102976
0.100064
0.09952
0.098784
0.102464
0.112224
0.099968
0.100544
0.099904
0.100992
0.106016
0.099552
0.099296
0.099904
0.108672
0.098496
0.099872
0.103904
0.111072
0.10128
0.099616
0.099104
0.101728
0.099968
0.10096
0.099552
0.100512
0.09904
0.108256
0.099936
0.102208
0.100736
0.112192
0.10016
0.099552
0.101312
0.09968
0.10112
0.098208
0.099968
0.101472
0.109632
0.097344
0.10256
0.102176
0.10128
0.109056
0.100992
0.1032
0.100992
0.09808
0.099968
0.105152
0.098944
0.098944
0.107264
0.101952
0.101824
0.098592
0.100032
0.10736
0.102368
0.097152
0.100992
0.100544
0.101504
0.099136
0.099936
0.099104
0.101568
0.0976
0.101792
0.10112
0.100256
0.101696
0.099904
0.100384
0.100032
0.099552
0.100992
0.101376
0.101472
0.111168
0.100352
0.102496
0.101248
0.099872
0.099808
0.101248
0.10336
0.099904
0.101824
0.099648
0.10288
0.09936
0.101344
0.101184
0.102208
0.098208
0.108
0.101632
0.099776
0.098336
0.105728
0.099744
0.100608
0.100736
0.099616
0.044192
0.043808
0.040512
0.040672
0.042112
0.04112
0.04096
0.043136
0.0416
0.041152
0.041696
0.042016
0.040928
0.04384
0.04288
0.043776
0.042496
0.042912
0.042816
0.043488
0.042144
0.042112
0.041248
0.041568
0.04096
0.044416
0.04528
0.042464
0.041728
0.04192
0.0408
0.042848
0.049088
0.04224
0.041024
0.041152
0.041984
0.042464
0.042912
0.04176
0.043744
0.042304
0.041984
0.043744
0.043776
0.04128
0.040896
0.041152
0.04224
0.042912
0.044096
0.041024
0.04192
0.041536
0.041728
0.041344
0.043616
0.040864
0.041344
0.042144
0.042208
0.04848
0.041504
0.042656
0.041472
0.044064
0.04096
0.042656
0.042304
0.043648
0.041984
0.04432
0.043104
0.040896
0.041664
0.042048
0.048896
0.041472
0.043232
0.042208
0.042432
0.041792
0.042752
0.04176
0.043648
0.043904
0.04224
0.04192
0.042528
0.041248
0.041408
0.042592
0.0432
0.042464
0.041376
0.041344
0.042368
0.042528
0.050528
0.048512
0.040544
0.041344
0.04192
0.042272
0.044096
0.042816
0.041632
0.041984
0.042176
0.041568
0.041056
0.043904
0.04288
0.042336
0.0416
0.042816
0.041184
0.042688
0.043328
0.042016
0.041824
0.041376
0.041184
0.041408
0.042784
0.04336
0.044704
0.04512
0.04704
0.041024
0.041248
0.040544
0.041568
0.04336
0.04256
0.04864
0.042368
0.042176
0.041888
0.042016
0.043008
0.042048
0.048256
0.0408
0.04096
0.041984
0.042688
0.04096
0.041568
0.04512
0.04128
0.040576
0.043008
0.042656
0.04128
0.040384
0.04064
0.041152
0.040704
0.043328
0.040736
0.040768
0.04096
0.040608
0.041728
0.04224
0.042176
0.040768
0.040736
0.041824
0.041856
0.042304
0.043072
0.041824
0.040096
0.041568
0.040832
0.041344
0.042528
0.040864
0.0408
0.041248
0.040736
0.040768
0.043104
0.042976
0.040608
0.042368
0.041376
0.041376
0.041568
0.04112
0.040704
0.04208
0.042688
0.041024
0.059552
0.04192
0.042496
0.043392
0.04368
0.041632
0.040672
0.041568
0.041216
0.040416
0.043744
0.043808
0.041728
0.040608
0.041472
0.04112
0.04288
0.044544
0.042336
0.041024
0.04112
0.046784
0.041248
0.044384
0.042496
0.042176
0.04256
0.041984
0.042688
0.043744
0.04448
0.041248
0.041056
0.04112
0.040768
0.04064
0.042624
0.041216
0.040864
0.041184
0.040768
0.041792
0.042976
0.042624
0.04096
0.040768
0.0416
0.040416
0.042944
0.042688
0.041024
0.040864
0.041184
0.0416
0.040704
0.043136
0.040736
0.045632
0.04272
0.040512
0.041056
0.04112
0.040832
0.040832
0.042624
0.042912
0.040736
0.040448
0.040832
0.040768
0.042496
0.041728
0.039904
0.041216
0.041952
0.041536
0.041184
0.042496
0.04128
0.042304
0.040672
0.042336
0.041856
0.043296
0.042336
0.041088
0.04112
0.040448
0.040704
0.040608
0.042592
0.040768
0.040672
0.041216
0.04096
0.041856
0.042144
0.043936
0.041952
0.040832
0.040512
0.040576
0.048416
0.042912
0.041728
0.040576
0.04064
0.040448
0.041856
0.042656
0.042112
0.042016
0.04128
0.041024
0.042592
0.04256
0.042752
0.041216
0.042432
0.040352
0.042112
0.042976
0.04944
0.042816
0.04464
0.04576
0.043136
0.04288
0.042592
0.042016
0.042848
0.050656
0.041312
0.04
0.04128
0.042112
0.041184
0.041376
0.043264
0.041216
0.04096
0.041696
0.041472
0.041312
0.04256
0.041344
0.04112
0.042624
0.040896
0.041184
0.042112
0.043584
0.040896
0.042304
0.041728
0.040672
0.044
0.043104
0.041824
0.041344
0.04192
0.041248
0.042176
0.043072
0.044608
0.042304
0.04224
0.042176
0.041632
0.043904
0.043296
0.040992
0.041376
0.040608
0.04208
0.041216
0.04496
0.041856
0.040896
0.0408
0.041984
0.040576
0.043136
0.042528
0.041248
0.043712
0.041536
0.042656
0.040672
0.041312
0.041984
0.04352
0.042528
0.041472
0.04112
0.041632
0.04176
0.04176
0.043424
0.040992
0.04112
0.0408
0.040896
0.04112
0.042432
0.044608
0.040352
0.042176
0.040384
0.042688
0.042976
0.042624
0.0408
0.041344
0.041152
0.041344
0.0408
0.043936
0.0416
0.041824
0.040416
0.04144
0.04208
0.042816
0.042976
0.041024
0.040736
0.041344
0.040864
0.040832
0.043904
0.049376
0.042784
0.042912
0.043008
0.042752
0.04368
0.04416
0.04128
0.041088
0.040736
0.041504
0.043424
0.042016
0.042016
0.041728
0.041408
0.04144
0.041152
0.042336
0.041216
0.04384
0.042304
0.040928
0.041696
0.041568
0.041056
0.041152
0.04384
0.042784
0.042016
0.041312
0.042176
0.042976
0.0432
0.04272
0.0408
0.05152
0.042016
0.041472
0.041856
0.042944
0.041376
0.04256
0.04176
0.050304
0.041568
0.04496
0.043552
0.04128
0.04112
0.041568
0.04192
0.04336
0.044416
0.04096
0.040672
0.041536
0.04208
0.04096
0.043648
0.048672
0.04176
0.040576
0.04096
0.041376
0.042304
0.04256
0.050848
0.040832
0.04096
0.042816
0.041504
0.044064
0.041024
0.041664
0.042816
0.041824
0.042272
0.04272
0.042944
0.040736
0.041696
0.043168
0.041536
0.041696
0.041504
0.04208
0.04144
0.042528
0.041984
0.041664
0.041792
0.041888
0.041952
0.041248
0.041824
0.042016
0.0416
0.041472
0.040768
0.043008
0.040992
0.04112
0.043424
0.041088
0.041824
0.041728
0.042368
0.041824
0.037632
0.037792
0.03904
0.037344
0.03856
0.037056
0.03744
0.038272
0.037888
0.038048
0.038912
0.045984
0.03776
0.037984
0.03904
0.038112
0.048256
0.038528
0.037824
0.038016
0.048096
0.038976
0.038208
0.038432
0.039072
0.038528
0.038496
0.037824
0.037984
0.038368
0.038624
0.04208
0.042144
0.041824
0.041664
0.041504
0.042336
0.038912
0.037024
0.038208
0.03808
0.037664
0.03936
0.03792
0.037504
0.03792
0.038688
0.03808
0.037984
0.037824
0.037952
0.037632
0.037696
0.038432
0.03856
0.038496
0.038528
0.037952
0.03728
0.036864
0.037344
0.038304
0.038336
0.038048
0.037696
0.038112
0.042464
0.04144
0.041856
0.042208
0.041888
0.042176
0.042048
0.043328
0.041408
0.041984
0.042112
0.042304
0.042272
0.04112
0.041824
0.041376
0.041152
0.04176
0.042016
0.042208
0.042912
0.041312
0.041568
0.041856
0.042176
0.041856
0.041216
0.04096
0.041728
0.041664
0.042048
0.041888
0.0416
0.038976
0.037568
0.044928
0.038016
0.041216
0.05264
0.04208
0.042144
0.042432
0.04848
0.042368
0.042048
0.040768
0.041792
0.04176
0.040576
0.041856
0.041792
0.043488
0.041568
0.041216
0.042688
0.042688
0.041728
0.041888
0.052896
0.042784
0.041888
0.04208
0.042112
0.042368
0.041568
0.041248
0.043584
0.042112
0.040384
0.038176
0.038144
0.03888
0.03856
0.0384
0.044576
0.038432
0.037376
0.038176
0.04464
0.037408
0.039104
0.038016
0.043552
0.03792
0.037536
0.038464
0.038272
0.037088
0.03856
0.038592
0.03856
0.037824
0.038144
0.03712
0.04432
0.037632
0.038176
0.038016
0.038112
0.038432
0.04096
0.042048
0.040544
0.037696
0.03824
0.037248
0.03824
0.037728
0.037344
0.03824
0.037504
0.038432
0.038432
0.037792
0.038272
0.03792
0.037728
0.038176
0.038336
0.037056
0.038016
0.037856
0.043872
0.038528
0.03728
0.036736
0.048032
0.037728
0.037728
0.03824
0.037472
0.038304
0.037728
0.036864
0.041184
0.040864
0.0416
0.042208
0.040896
0.041312
0.041408
0.0416
0.042112
0.042784
0.041664
0.04192
0.040608
0.041984
0.041056
0.041952
0.040992
0.041088
0.041696
0.041024
0.041728
0.040288
0.041888
0.041056
0.042848
0.040416
0.040928
0.041024
0.0408
0.042912
0.037824
0.0384
0.038208
0.044224
0.038208
0.037696
0.041536
0.041312
0.041664
0.042272
0.043232
0.04624
0.041728
0.041696
0.041248
0.041536
0.04208
0.041952
0.041664
0.042016
0.043744
0.04224
0.042336
0.041984
0.04224
0.04288
0.042624
0.042304
0.041952
0.04176
0.042208
0.041824
0.040352
0.042016
0.0416
0.041632
0.041952
0.041408
0.0424
0.039136
0.037536
0.037632
0.038432
0.037504
0.038464
0.038304
0.03712
0.03888
0.037888
0.037952
0.037248
0.037984
0.037952
0.037632
0.037824
0.037728
0.038496
0.037728
0.037696
0.03712
0.038368
0.038656
0.037696
0.038016
0.04624
0.041088
0.0416
0.041696
0.041472
0.041056
0.04192
0.042048
0.042784
0.042048
0.0384
0.037632
0.03856
0.037472
0.037984
0.037728
0.03792
0.037984
0.037952
0.0384
0.038368
0.038528
0.046144
0.037952
0.037312
0.038432
0.038272
0.037728
0.037568
0.03808
0.037568
0.038176
0.038048
0.037504
0.038336
0.03776
0.037504
0.038528
0.037632
0.03792
0.038048
0.041856
0.04192
0.041312
0.041696
0.041888
0.040736
0.041792
0.041824
0.04192
0.042592
0.04128
0.042144
0.041568
0.043584
0.040992
0.041696
0.042176
0.04096
0.04192
0.041888
0.041344
0.04272
0.042048
0.037632
0.03824
0.037888
0.03968
0.037376
0.0384
0.037472
0.044416
0.037824
0.03808
0.037952
0.038144
0.041504
0.041632
0.041536
0.041888
0.042336
0.04112
0.04208
0.040992
0.04176
0.043456
0.042368
0.041472
0.04176
0.041088
0.04224
0.04096
0.041216
0.041728
0.041152
0.041248
0.041888
0.041088
0.04176
0.042048
0.043296
0.042016
0.042624
0.041952
0.041344
0.04064
0.04128
0.042208
0.041984
0.038048
0.037376
0.038656
0.0384
0.037952
0.038368
0.038368
0.0384
0.038336
0.038112
0.038464
0.037568
0.037504
0.038336
0.038304
0.037888
0.03856
0.037888
0.038112
0.041408
0.040928
0.041824
0.043104
0.040896
0.041248
0.041152
0.041984
0.042048
0.04224
0.041664
0.041664
0.042176
0.04192
0.041312
0.040576
0.047648
0.041632
0.043328
0.041216
0.042464
0.038784
0.038048
0.037472
0.038432
0.036672
0.0384
0.038144
0.038528
0.03824
0.037536
0.038048
0.038272
0.038336
0.038272
0.0488
0.038304
0.039168
0.038016
0.038656
0.037792
0.038848
0.0392
0.03744
0.03856
0.038272
0.038496
0.038688
0.037824
0.038528
0.038048
0.038496
0.04176
0.040736
0.042176
0.041472
0.04224
0.042432
0.041376
0.040896
0.042144
0.04208
0.041248
0.041568
0.048032
0.03808
0.037792
0.037344
0.03792
0.037632
0.037216
0.037568
0.04384
0.037664
0.037472
0.037536
0.036896
0.036672
0.0376
0.036928
0.03728
0.037408
0.037344
0.037472
0.03728
0.037632
0.036928
0.037216
0.037856
0.037888
0.037984
0.037984
0.038496
0.038304
0.037536
0.037344
0.037664
0.03744
0.03712
0.036928
0.037568
0.037952
0.037472
0.037696
0.038112
0.037248
0.037248
0.044608
0.03728
0.037472
0.03792
0.037696
0.038912
0.037344
0.037376
0.03712
0.037664
0.036384
0.037632
0.037984
0.037344
0.036384
0.037216
0.037216
0.037824
0.038176
0.037504
0.037184
0.037952
0.036128
0.037664
0.038048
0.037184
0.036864
0.03776
0.038176
0.037824
0.03712
0.041088
0.037984
0.037696
0.037408
0.037152
0.037376
0.03808
0.03776
0.037536
0.036736
0.037664
0.036576
0.037664
0.038208
0.037664
0.045824
0.036512
0.037888
0.03792
0.038048
0.037984
0.036896
0.037632
0.037312
0.037408
0.03824
0.037856
0.038496
0.037024
0.037632
0.046592
0.037376
0.038208
0.037536
0.037696
0.037728
0.037472
0.037152
0.037472
0.037728
0.036992
0.0376
0.037728
0.038112
0.037056
0.037824
0.037376
0.03792
0.03728
0.037152
0.036928
0.03824
0.036928
0.045376
0.036896
0.038656
0.037504
0.036288
0.036768
0.037536
0.040832
0.037248
0.037664
0.037216
0.03792
0.037984
0.037216
0.037568
0.037536
0.037632
0.036448
0.03696
0.03728
0.036416
0.041344
0.036256
0.037952
0.037888
0.037248
0.037408
0.03792
0.03664
0.037216
0.036704
0.03776
0.037984
0.03648
0.037888
0.037632
0.036256
0.036896
0.037728
0.037504
0.036896
0.037664
0.036736
0.037536
0.03712
0.03744
0.03744
0.037408
0.038144
0.036608
0.0376
0.037984
0.037152
0.037888
0.037056
0.037344
0.037024
0.037664
0.037952
0.037024
0.036992
0.037568
0.037664
0.036384
0.037504
0.037504
0.037952
0.03792
0.037472
0.035712
0.037344
0.037408
0.036992
0.037696
0.037696
0.03728
0.037824
0.036448
0.036992
0.03632
0.037952
0.03696
0.037952
0.036832
0.037856
0.037344
0.036384
0.037632
0.046528
0.037408
0.037504
0.0368
0.036928
0.037216
0.037568
0.036864
0.037312
0.036288
0.037696
0.037248
0.037248
0.037824
0.036864
0.037248
0.03696
0.036352
0.037376
0.037344
0.036768
0.03648
0.038016
0.0376
0.0368
0.037568
0.037408
0.037792
0.03712
0.036704
0.037216
0.036544
0.037344
0.037344
0.037248
0.036288
0.036512
0.0424
0.037056
0.037888
0.03744
0.03696
0.037504
0.038144
0.03696
0.036448
0.037696
0.037024
0.037856
0.037184
0.03744
0.0368
0.037056
0.036768
0.038272
0.037024
0.036672
0.037536
0.048832
0.03728
0.037376
0.036832
0.03728
0.036512
0.037408
0.037664
0.03696
0.037984
0.036384
0.03696
0.037568
0.037344
0.037952
0.037152
0.036896
0.03744
0.037824
0.036736
0.037152
0.037472
0.03792
0.037792
0.03808
0.036352
0.036352
0.037344
0.03744
0.03728
0.0368
0.036928
0.037472
0.037888
0.03808
0.037472
0.037152
0.036896
0.037632
0.03696
0.037504
0.038016
0.037824
0.036832
0.037248
0.037376
0.037792
0.037344
0.037344
0.03728
0.036992
0.037792
0.037792
0.038272
0.037696
0.038912
0.037376
0.037696
0.036832
0.036608
0.03776
0.037184
0.042496
0.03744
0.03728
0.037408
0.037504
0.038368
0.037888
0.037408
0.036672
0.037856
0.03664
0.037696
0.036224
0.037408
0.03728
0.03616
0.038112
0.036992
0.038016
0.036992
0.037504
0.036864
0.037088
0.037152
0.037728
0.03776
0.037952
0.03792
0.037504
0.037408
0.036832
0.036512
0.037152
0.037248
0.03808
0.037408
0.036768
0.037312
0.037248
0.036992
0.036704
0.037344
0.036992
0.037344
0.03664
0.035936
0.037952
0.036544
0.036544
0.036832
0.036352
0.036096
0.036832
0.037536
0.037312
0.036864
0.036576
0.036544
0.036832
0.037312
0.036768
0.0368
0.03744
0.036544
0.038304
0.037568
0.036864
0.03776
0.037088
0.036896
0.037024
0.037344
0.037728
0.037568
0.037216
0.036352
0.036832
0.037952
0.037024
0.036416
0.037056
0.03696
0.037664
0.037632
0.036416
0.0376
0.037344
0.037408
0.037664
0.036992
0.03776
0.03776
0.037952
0.036736
0.03616
0.03776
0.0368
0.03696
0.037824
0.037152
0.037728
0.037664
0.036992
0.035776
0.037344
0.036576
0.03712
0.039584
0.03648
0.037408
0.037472
0.036736
0.03648
0.037888
0.036992
0.036288
0.03712
0.037632
0.037376
0.0376
0.036416
0.035936
0.03776
0.036608
0.037376
0.037248
0.037664
0.036768
0.037952
0.037312
0.03696
0.037504
0.037056
0.03776
0.037088
0.03712
0.037536
0.037376
0.037056
0.038048
0.0368
0.036768
0.036992
0.036992
0.037344
0.037344
0.036704
0.037376
0.037824
0.037696
0.036864
0.037088
0.036992
0.037504
0.037344
0.03744
0.03712
0.036928
0.03728
0.037152
0.037184
0.037696
0.036256
0.037888
0.036704
0.036416
0.036928
0.037856
0.046464
0.038208
0.037632
0.037568
0.036928
0.035968
0.036704
0.037632
0.03728
0.038016
0.03648
0.0368
0.035936
0.0368
0.037152
0.036768
0.036608
0.036704
0.03632
0.036448
0.036224
0.036672
0.03696
0.036128
0.036992
0.035744
0.036512
0.043808
0.03664
0.037536
0.03664
0.035712
0.03568
0.037184
0.0368
0.037184
0.036864
0.03696
0.0368
0.035904
0.036672
0.036384
0.037184
0.035456
0.035904
0.037376
0.036704
0.036128
0.03632
0.036224
0.036704
0.03664
0.036864
0.03632
0.036992
0.035968
0.036672
0.036128
0.03632
0.036256
0.036192
0.035584
0.04192
0.036736
0.036672
0.036224
0.03664
0.035808
0.036576
0.036512
0.036512
0.036864
0.036096
0.035328
0.037376
0.036032
0.036928
0.03744
0.036992
0.036544
0.036736
0.036704
0.036256
0.037312
0.036128
0.036768
0.036352
0.03632
0.036288
0.036768
0.0368
0.036224
0.036608
0.03664
0.03664
0.037056
0.037344
0.037152
0.036864
0.036448
0.035712
0.036448
0.03648
0.03664
0.037248
0.035808
0.036832
0.036928
0.036544
0.037056
0.036896
0.036224
0.03648
0.037024
0.037312
0.037376
0.037056
0.036416
0.037664
0.035744
0.03632
0.036704
0.037056
0.03584
0.03632
0.037184
0.036544
0.037312
0.036576
0.036032
0.036416
0.037088
0.036352
0.036896
0.036224
0.03616
0.035968
0.035232
0.03664
0.037088
0.036224
0.036192
0.03712
0.036768
0.03664
0.036512
0.03744
0.036512
0.036736
0.037664
0.036448
0.036224
0.036704
0.044704
0.036608
0.036128
0.035808
0.03664
0.036736
0.036672
0.036064
0.036544
0.037024
0.037216
0.035712
0.036928
0.03616
0.035744
0.036672
0.03696
0.03744
0.035808
0.037504
0.036352
0.035712
0.03664
0.036608
0.037408
0.037472
0.036736
0.036256
0.03648
0.036416
0.044192
0.036544
0.036544
0.036096
0.036224
0.037248
0.037088
0.036928
0.036448
0.036192
0.037184
0.04416
0.036928
0.035712
0.036128
0.036832
0.036448
0.036896
0.036384
0.03696
0.037056
0.037248
0.03664
0.036384
0.036384
0.036896
0.036992
0.036192
0.036352
0.036064
0.036704
0.036992
0.03584
0.035712
0.037248
0.036448
0.036864
0.03696
0.03776
0.035712
0.03696
0.036864
0.036384
0.037056
0.036352
0.03632
0.03584
0.03696
0.03648
0.03648
0.036224
0.035776
0.03728
0.035904
0.036416
0.036096
0.036384
0.035648
0.03712
0.036384
0.0368
0.042688
0.03632
0.036416
0.0368
0.03632
0.037536
0.037024
0.036288
0.036704
0.043168
0.036032
0.036992
0.036672
0.03552
0.03664
0.03584
0.037216
0.036928
0.04336
0.036512
0.036384
0.036576
0.036992
0.036736
0.03808
0.036352
0.037056
0.036672
0.037504
0.036576
0.037152
0.036992
0.036256
0.036704
0.037248
0.03744
0.037024
0.0368
0.037312
0.037408
0.036864
0.036736
0.036768
0.03744
0.036864
0.037216
0.036288
0.036
0.036
0.036992
0.0368
0.037184
0.036992
0.0376
0.03712
0.035808
0.037088
0.036832
0.037376
0.036544
0.035744
0.035872
0.037056
0.037088
0.037248
0.036672
0.035968
0.03696
0.03664
0.03712
0.036704
0.036832
0.046496
0.037728
0.035936
0.036256
0.037024
0.037664
0.036608
0.036832
0.036224
0.036448
0.041376
0.037568
0.036768
0.036672
0.036256
0.036128
0.036288
0.03584
0.036864
0.036288
0.03584
0.037312
0.036736
0.036864
0.036608
0.037024
0.037088
0.037056
0.036832
0.03568
0.036512
0.037632
0.037696
0.036448
0.037152
0.037152
0.037536
0.0368
0.03696
0.036608
0.036224
0.037344
0.03664
0.036128
0.036768
0.03664
0.036832
0.036864
0.03664
0.037152
0.0368
0.036672
0.037312
0.03696
0.036832
0.037536
0.035904
0.03616
0.037056
0.036448
0.036096
0.036288
0.03664
0.036896
0.036832
0.03584
0.036704
0.036576
0.036352
0.036736
0.03632
0.035872
0.037056
0.037248
0.03552
0.037184
0.036352
0.036576
0.037472
0.036512
0.037056
0.03792
0.03616
0.035968
0.0368
0.036128
0.036096
0.036576
0.036416
0.036672
0.03648
0.035712
0.043424
0.03712
0.036448
0.037216
0.037056
0.037088
0.0368
0.036096
0.036544
0.047328
0.035968
0.036448
0.035712
0.037152
0.036
0.036288
0.03664
0.0368
0.036576
0.035552
0.048832
0.036864
0.03696
0.036224
0.036672
0.036352
0.037536
0.035616
0.037216
0.042848
0.037056
0.036064
0.037024
0.036128
0.036128
0.035808
0.03648
0.036928
0.037024
0.036608
0.036672
0.03696
0.036384
0.036288
0.036832
0.03664
0.037408
0.036352
0.037216
0.036448
0.036032
0.035744
0.035968
0.03664
0.037088
0.035328
0.036672
0.03744
0.036608
0.036768
0.036544
0.03728
0.036576
0.036352
0.037152
0.036416
0.036768
0.036352
0.037088
0.037248
0.036448
0.036448
0.037536
0.036704
0.037664
0.036864
0.037056
0.03568
0.036448
0.037056
0.036672
0.037184
0.037632
0.03664
0.037664
0.03632
0.037056
0.036384
0.03696
0.035936
0.03552
0.037504
0.03728
0.037344
0.036704
0.03552
0.0368
0.0368
0.03616
0.03728
0.036128
0.037312
0.037248
0.036928
0.036544
0.036064
0.03664
0.036896
0.03712
0.036672
0.036224
0.036576
0.03632
0.035744
0.037056
