0.045056
0.03376
0.043008
0.035808
0.032768
0.033664
0.034816
0.034816
0.033792
0.034816
0.034784
0.034784
0.034688
0.034816
0.041952
0.034784
0.034624
0.034816
0.02864
0.033792
0.034816
0.034752
0.033792
0.034816
0.034848
0.0336
0.043968
0.034688
0.03376
0.035584
0.034688
0.035552
0.035552
0.044
0.033664
0.034592
0.035616
0.034816
0.034784
0.03392
0.03472
0.034912
0.035424
0.034656
0.035616
0.035808
0.035808
0.034816
0.04208
0.034816
0.03584
0.034816
0.034784
0.03376
0.035104
0.034784
0.035712
0.035456
0.03376
0.035616
0.0368
0.036768
0.03776
0.034816
0.035744
0.035808
0.029696
0.023552
0.017376
0.024352
0.023552
0.024288
0.02352
0.024352
0.023552
0.023552
0.030912
0.024512
0.023552
0.023232
0.024448
0.024448
0.02352
0.023584
0.023424
0.02352
0.023552
0.023552
0.023584
0.023552
0.02352
0.023232
0.02256
0.022528
0.023552
0.023232
0.023552
0.023552
0.022528
0.023552
0.023296
0.0232
0.023328
0.03072
0.022496
0.023584
0.022464
0.017408
0.023584
0.022432
0.023552
0.023168
0.022496
0.02256
0.023584
0.022496
0.023552
0.023488
0.023232
0.023296
0.023552
0.023552
0.02336
0.02256
0.02336
0.02352
0.023584
0.023392
0.022528
0.023392
0.02256
0.023424
0.023552
0.02256
0.022496
0.023552
0.0232
0.022528
0.02352
0.023552
0.023392
0.023296
0.02352
0.023552
0.023552
0.022528
0.023168
0.02352
0.023552
0.022528
0.023552
0.02336
0.023392
0.023552
0.023456
0.023392
0.022528
0.023488
0.02336
0.023584
0.023424
0.023232
0.023552
0.023616
0.023552
0.022496
0.023232
0.023552
0.022528
0.023552
0.02352
0.022496
0.023296
0.022496
0.023392
0.022528
0.022784
0.023552
0.022528
0.022528
0.023552
0.022496
0.023552
0.029696
0.02352
0.022528
0.023488
0.02256
0.02352
0.02352
0.030656
0.023552
0.023552
0.023552
0.022496
0.02336
0.0256
0.023552
0.022528
0.023552
0.023136
0.02352
0.023552
0.023232
0.023552
0.031776
0.023232
0.022752
0.022528
0.023456
0.023264
0.023328
0.02272
0.023424
0.022528
0.022528
0.022528
0.023296
0.02352
0.0232
0.022496
0.031712
0.023424
0.022528
0.02256
0.023552
0.023392
0.0232
0.022528
0.023552
0.023232
0.023424
0.023552
0.023552
0.023328
0.023232
0.022528
0.023552
0.023488
0.023488
0.022528
0.023488
0.022848
0.023584
0.02352
0.022528
0.023552
0.023552
0.022528
0.022528
0.023552
0.023552
0.023488
0.023488
0.019424
0.023552
0.022528
0.02336
0.024192
0.018432
0.018432
0.018432
0.019072
0.018432
0.019104
0.018432
0.018432
0.0192
0.019232
0.018432
0.018432
0.018432
0.018432
0.018432
0.018432
0.018208
0.018432
0.018464
0.018432
0.019136
0.018432
0.018432
0.019296
0.019296
0.018624
0.018464
0.018432
0.018112
0.018432
0.018432
0.01824
0.018048
0.0184
0.0184
0.018432
0.018496
0.018432
0.018432
0.019456
0.018432
0.018304
0.018368
0.018432
0.018656
0.018144
0.018432
0.018304
0.018432
0.019104
0.018336
0.019136
0.018432
0.0184
0.018016
0.018112
0.017408
0.019072
0.018144
0.018432
0.0184
0.018432
0.0184
0.019136
0.01744
0.018272
0.0184
0.018336
0.0184
0.017408
0.018432
0.018272
0.018432
0.018432
0.019264
0.017376
0.018176
0.018432
0.018432
0.0184
0.0184
0.01824
0.018112
0.01824
0.0184
0.018432
0.019104
0.0184
0.018464
0.018176
0.017408
0.018432
0.0184
0.018432
0.018464
0.0184
0.018144
0.018272
0.018336
0.018208
0.018432
0.019392
0.018208
0.017408
0.01744
0.018112
0.018432
0.018432
0.018336
0.018496
0.018144
0.0184
0.0184
0.018208
0.018464
0.0184
0.018464
0.018432
0.018464
0.018368
0.018432
0.019104
0.018272
0.0184
0.018432
0.018304
0.018176
0.019136
0.018336
0.01904
0.018432
0.018336
0.0184
0.0184
0.0184
0.01824
0.018432
0.018688
0.018464
0.018304
0.018112
0.018464
0.018176
0.018432
0.017376
0.018304
0.018144
0.018432
0.018432
0.018432
0.018432
0.018432
0.0184
0.018432
0.0184
0.018432
0.018336
0.019104
0.018432
0.018464
0.018464
0.018432
0.018432
0.018432
0.018208
0.018432
0.018432
0.018432
0.018432
0.018432
0.018432
0.017376
0.018432
0.018432
0.018432
0.0184
0.018432
0.017408
0.018464
0.018144
0.017408
0.0184
0.018336
0.018432
0.018144
0.019168
0.0184
0.018464
0.018432
0.018432
0.018432
0.018432
0.018432
0.017408
0.019424
0.0184
0.018272
0.018432
0.01744
0.018144
0.018464
0.018432
0.018432
0.019136
0.018432
0.018272
0.01824
0.018272
0.0184
0.01744
0.018304
0.018432
0.018432
0.018016
0.0184
0.017408
0.018176
0.018432
0.0184
0.019168
0.018464
0.019136
0.018432
0.018048
0.018112
0.01744
0.018432
0.018464
0.018464
0.018432
0.019072
0.018464
0.018464
0.01824
0.018432
0.018432
0.018432
0.018432
0.018464
0.018464
0.018208
0.01936
0.01968
0.0192
0.018272
0.018432
0.01824
0.018464
0.018432
0.018176
0.018432
0.018048
0.01536
0.018176
0.01856
0.018464
0.0184
0.018432
0.0184
0.018432
0.018432
0.018304
0.018432
0.018432
0.019104
0.018464
0.025408
0.015968
0.018336
0.018432
0.018432
0.018432
0.018144
0.018016
0.018432
0.018432
0.01936
0.018464
0.018368
0.017408
0.018304
0.018432
0.018176
0.018048
0.018432
0.018496
0.0184
0.018432
0.01824
0.018432
0.017408
0.018432
0.0184
0.018432
0.018432
0.018432
0.018432
0.019136
0.018432
0.018432
0.018432
0.018432
0.019104
0.017344
0.01824
0.018432
0.018432
0.01824
0.018432
0.017408
0.0184
0.018272
0.0184
0.0184
0.0184
0.020448
0.018432
0.018432
0.018432
0.018432
0.019424
0.018464
0.018432
0.018432
0.018368
0.018432
0.01824
0.018272
0.018432
0.018464
0.019168
0.018464
0.01824
0.018432
0.018432
0.018272
0.019296
0.0184
0.018464
0.018368
0.018432
0.018144
0.018432
0.017344
0.018464
0.0184
0.0192
0.018432
0.018272
0.018464
0.018528
0.018048
0.01808
0.018432
0.018304
0.018464
0.018144
0.018304
0.018464
0.020064
0.018432
0.018464
0.018432
0.019456
0.020416
0.020352
0.019456
0.018432
0.019456
0.01936
0.019232
0.019488
0.019456
0.017408
0.019456
0.019488
0.019456
0.019456
0.0192
0.017312
0.02016
0.0192
0.019488
0.019456
0.018432
0.020064
0.019456
0.01936
0.020096
0.018464
0.01824
0.0192
0.019424
0.019264
0.019168
0.019424
0.019456
0.019296
0.018464
0.019424
0.019456
0.028352
0.019168
0.019456
0.019456
0.019456
0.019424
0.019424
0.019136
0.019456
0.019296
0.019488
0.019328
0.019456
0.019488
0.019488
0.019072
0.019456
0.019488
0.019488
0.019456
0.0192
0.019104
0.019456
0.0184
0.019488
0.019232
0.019456
0.019424
0.019424
0.019424
0.018464
0.019424
0.019488
0.019488
0.019104
0.019456
0.019296
0.019424
0.019456
0.019424
0.020064
0.019488
0.027648
0.018432
0.019488
0.019456
0.019424
0.019424
0.019488
0.019168
0.01904
0.019424
0.019456
0.019424
0.019232
0.018464
0.018272
0.019104
0.0184
0.018432
0.019072
0.018432
0.018464
0.018432
0.01856
0.019136
0.0184
0.018368
0.018432
0.019328
0.018432
0.019328
0.018464
0.019168
0.018464
0.018432
0.018464
0.018432
0.01936
0.018432
0.027328
0.018432
0.019296
0.018592
0.018432
0.018464
0.018464
0.0192
0.018432
0.0184
0.018432
0.018432
0.018432
0.0184
0.018432
0.018432
0.018432
0.019136
0.018432
0.018432
0.0184
0.019328
0.019424
0.0192
0.018432
0.019232
0.0184
0.018432
0.018432
0.019392
0.018432
0.019296
0.018432
0.0184
0.018752
0.027456
0.018432
0.018432
0.019424
0.0184
0.018432
0.0184
0.019296
0.019072
0.018816
0.0184
0.018432
0.019104
0.019456
0.018432
0.018432
0.018432
0.018432
0.018464
0.018432
0.019296
0.017376
0.018432
0.0184
0.018432
0.018336
0.018432
0.018432
0.018432
0.018464
0.018432
0.0184
0.018432
0.018336
0.018432
0.018432
0.0184
0.018432
0.018432
0.018464
0.018304
0.018464
0.0184
0.018432
0.018176
0.018432
0.018432
0.017408
0.018432
0.018432
0.018208
0.018464
0.018432
0.018432
0.018432
0.018432
0.0184
0.018304
0.018432
0.0184
0.018432
0.018432
0.0184
0.0192
0.01824
0.018144
0.018432
0.01824
0.018432
0.019104
0.019104
0.018432
0.018112
0.018112
0.01744
0.018432
0.0184
0.018432
0.018432
0.018432
0.018048
0.018176
0.018432
0.018112
0.018304
0.018432
0.018432
0.017408
0.018432
0.018496
0.018304
0.018432
0.017728
0.018432
0.018464
0.018432
0.0184
0.0192
0.018432
0.0184
0.018208
0.018368
0.018464
0.0184
0.018432
0.018432
0.025568
0.018048
0.017376
0.017408
0.018432
0.018432
0.018432
0.018528
0.018336
0.018464
0.018272
0.018336
0.018464
0.01744
0.018432
0.018112
0.018208
0.018432
0.018432
0.018432
0.018464
0.018432
0.01824
0.018432
0.018432
0.018272
0.018464
0.018432
0.018432
0.018432
0.018112
0.018432
0.01744
0.018336
0.0184
0.018432
0.018432
0.0184
0.017408
0.018432
0.018176
0.018208
0.017408
0.019104
0.018464
0.018432
0.018432
0.018464
0.018368
0.01744
0.019264
0.0184
0.01744
0.018464
0.018432
0.018464
0.018432
0.018272
0.018112
0.0184
0.017408
0.018432
0.0184
0.018112
0.0184
0.018528
0.0184
0.018432
0.018432
0.018368
0.018304
0.026624
0.018432
0.018464
0.018432
0.018208
0.018432
0.018432
0.01824
0.018528
0.018304
0.018368
0.018432
0.018432
0.018272
0.018432
0.0184
0.018464
0.018016
0.0184
0.01872
0.017408
0.018144
0.017408
0.0184
0.018688
0.01744
0.018432
0.018432
0.0184
0.017408
0.018304
0.018432
0.018432
0.018208
0.0184
0.01808
0.018336
0.018304
0.018464
0.018336
0.018432
0.018176
0.018432
0.018176
0.018432
0.018432
0.018432
0.018432
0.018432
0.018208
0.018432
0.0184
0.018432
0.018368
0.0184
0.0184
0.01824
0.018432
0.0184
0.0184
0.018464
0.018432
0.0184
0.018336
0.017568
0.018464
0.0184
0.018464
0.018432
0.01744
0.018432
0.0184
0.018432
0.018112
0.018432
0.018368
0.019296
0.018432
0.018432
0.017408
0.0184
0.018432
0.018432
0.018432
0.018432
0.0184
0.01824
0.01776
0.018144
0.0184
0.018112
0.018464
0.018432
0.0184
0.018432
0.018272
0.0184
0.018432
0.018432
0.018464
0.018432
0.018112
0.019104
0.0184
0.018432
0.018176
0.018176
0.018464
0.018432
0.018432
0.018432
0.017408
0.018464
0.01904
0.018432
0.017408
0.018432
0.018048
0.018432
0.0184
0.018432
0.018048
0.018336
0.018432
0.018432
0.018464
0.01744
0.018464
0.017376
0.018432
0.017408
0.026624
0.018208
0.018432
0.01824
0.018432
0.018112
0.018464
0.019168
0.017408
0.018464
0.018432
0.018144
0.018432
0.018304
0.018432
0.01808
0.018144
0.018304
0.018304
0.018528
0.018432
0.018272
0.018176
0.0184
0.018272
0.018432
0.018208
0.018176
0.018176
0.018464
0.0184
0.018432
0.017408
0.018176
0.018208
0.019072
0.018432
0.018464
0.018336
0.018464
0.019104
0.018432
0.018336
0.01824
0.018432
0.018144
0.018112
0.018432
0.017376
0.018336
0.018432
0.018432
0.018208
0.018304
0.018208
0.01824
0.018432
0.018432
0.018432
0.019008
0.018368
0.017408
0.018304
0.017408
0.018432
0.018432
0.026368
0.018432
0.018464
0.0184
0.018272
0.0184
0.014304
0.014336
0.013312
0.014304
0.014336
0.014272
0.014272
0.014336
0.014336
0.014208
0.014112
0.014336
0.014368
0.014336
0.014272
0.014336
0.014336
0.014336
0.014272
0.014272
0.014336
0.014112
0.014336
0.014208
0.014368
0.014272
0.013312
0.01328
0.013312
0.014336
0.013312
0.014304
0.013312
0.02032
0.014048
0.014336
0.014304
0.01328
0.014368
0.014048
0.014336
0.013312
0.014304
0.014304
0.01328
0.014272
0.014016
0.014336
0.013312
0.014272
0.013344
0.01408
0.014304
0.013312
0.013632
0.014368
0.014336
0.014368
0.013312
0.013312
0.013984
0.01328
0.013344
0.013312
0.014016
0.01328
0.013312
0.013344
0.014336
0.013312
0.014304
0.014336
0.014016
0.014048
0.013312
0.014336
0.01328
0.013312
0.013984
0.014336
0.01328
0.014336
0.014304
0.014336
0.013952
0.014336
0.014336
0.014304
0.014304
0.014304
0.014272
0.014016
0.01328
0.014112
0.013312
0.01328
0.014176
0.01424
0.01424
0.014336
0.013312
0.014368
0.013952
0.01328
0.013312
0.013984
0.014272
0.01424
0.014336
0.014368
0.013312
0.014336
0.014368
0.013312
0.014208
0.014112
0.014336
0.014336
0.01328
0.014208
0.013312
0.014336
0.013312
0.014368
0.013312
0.014048
0.014336
0.014176
0.014304
0.014368
0.014336
0.013312
0.014304
0.014304
0.013952
0.013344
0.013952
0.014208
0.014208
0.014368
0.014336
0.01424
0.014336
0.014368
0.013728
0.014112
0.014304
0.014048
0.01328
0.014336
0.014304
0.014368
0.014208
0.014336
0.014048
0.014304
0.014336
0.014304
0.014336
0.014368
0.014016
0.014336
0.013952
0.014304
0.013984
0.014304
0.014176
0.014304
0.014336
0.014304
0.014208
0.014336
0.01408
0.013312
0.014976
0.013312
0.013312
0.014368
0.014336
0.014336
0.014336
0.014176
0.013312
0.014304
0.013312
0.014176
0.014336
0.014336
0.014336
0.014176
0.013984
0.014368
0.014336
0.013312
0.014304
0.013312
0.014304
0.020096
0.014336
0.014048
0.013312
0.013312
0.014336
0.014336
0.014112
0.013312
0.014336
0.014208
0.014528
0.014336
0.013312
0.014304
0.014304
0.014336
0.014016
0.014304
0.01424
0.014336
0.013312
0.014272
0.014048
0.0136
0.014304
0.013344
0.014144
0.013312
0.013984
0.014368
0.014304
0.014272
0.014336
0.014176
0.014208
0.014016
0.013344
0.014112
0.013312
0.014336
0.013312
0.013344
0.014368
0.014144
0.014048
0.01328
0.014336
0.014368
0.013664
0.014176
0.014176
0.013344
0.014304
0.013312
0.013344
0.014176
0.01328
0.014272
0.013312
0.014336
0.01408
0.01392
0.014016
0.014368
0.014144
0.013696
0.014272
0.020096
0.014336
0.014336
0.01408
0.013344
0.014144
0.013344
0.014336
0.014336
0.014208
0.014016
0.01408
0.014304
0.013312
0.014336
0.014144
0.014336
0.013312
0.014304
0.013312
0.014336
0.013344
0.014304
0.01408
0.013312
0.014336
0.014112
0.014304
0.01424
0.01424
0.013952
0.014208
0.014336
0.014048
0.014304
0.013952
0.013312
0.013344
0.014336
0.01408
0.014368
0.014368
0.014176
0.01424
0.014048
0.01328
0.013312
0.014208
0.013344
0.014016
0.013984
0.014304
0.014144
0.014336
0.014208
0.013312
0.013312
0.013312
0.014144
0.014336
0.013344
0.014336
0.013312
0.014336
0.014336
0.014336
0.01424
0.014368
0.013312
0.014368
0.014048
0.013344
0.01408
0.014304
0.014336
0.014336
0.014368
0.014304
0.013312
0.014368
0.014368
0.01328
0.014016
0.014336
0.013312
0.014208
0.021472
0.014336
0.013344
0.014336
0.013312
0.013312
0.013312
0.013344
0.014304
0.014272
0.014304
0.01328
0.01408
0.01328
0.014272
0.013312
0.014336
0.014048
0.014368
0.016352
0.014016
0.014336
0.014048
0.014112
0.013344
0.014272
0.01328
0.013312
0.014304
0.014336
0.014336
0.014336
0.014496
0.013344
0.014304
0.014336
0.013312
0.014016
0.013312
0.01408
0.014208
0.014304
0.014336
0.014304
0.014336
0.014112
0.013312
0.014336
0.013984
0.014272
0.01424
0.014368
0.014144
0.014336
0.01424
0.014336
0.014304
0.01328
0.014208
0.014368
0.01328
0.013344
0.01328
0.014368
0.013312
0.01328
0.014336
0.013984
0.013312
0.014368
0.013952
0.013952
0.01328
0.013312
0.013312
0.013312
0.014304
0.013312
0.014336
0.013952
0.014368
0.014176
0.014336
0.014112
0.01408
0.013408
0.014368
0.014368
0.014016
0.014176
0.013312
0.014176
0.016352
0.014336
0.014336
0.014304
0.014336
0.014336
0.014336
0.014176
0.013312
0.014176
0.014112
0.014336
0.013312
0.013312
0.014016
0.01328
0.014304
0.014272
0.014272
0.013312
0.013312
0.014304
0.014336
0.014208
0.014304
0.014336
0.014336
0.014336
0.014304
0.01408
0.013344
0.014016
0.014304
0.013312
0.013344
0.013312
0.01328
0.014304
0.013312
0.01328
0.014336
0.01328
0.014176
0.013344
0.016064
0.013984
0.013984
0.014368
0.013312
0.013984
0.013312
0.014336
0.013952
0.013312
0.01424
0.01504
0.014016
0.01328
0.014336
0.014048
0.014336
0.014112
0.013344
0.014336
0.013312
0.014336
0.01408
0.014016
0.014048
0.014368
0.014336
0.014304
0.014368
0.014336
0.013312
0.013312
0.014144
0.014272
0.013344
0.014336
0.014336
0.015232
0.014336
0.013984
0.014336
0.014336
0.014272
0.013344
0.01424
0.013312
0.013408
0.013952
0.014048
0.013312
0.014016
0.014208
0.014368
0.013312
0.014304
0.019456
0.013344
0.013664
0.014336
0.01408
0.01328
0.013312
0.013312
0.013312
0.014336
0.013312
0.01408
0.014336
0.014144
0.014368
0.014304
0.014304
0.014304
0.014336
0.014272
0.014336
0.019456
0.0144
0.013312
0.013568
0.01328
0.014336
0.014304
0.014016
0.014304
0.014112
0.014368
0.014304
0.013312
0.01392
0.014304
0.014368
0.014336
0.014304
0.013952
0.014048
0.014336
0.014368
0.014336
0.013344
0.014336
0.014304
0.01328
0.013312
0.014272
0.01408
0.014048
0.014304
0.014368
0.014336
0.014336
0.014336
0.013504
0.0136
0.014336
0.014112
0.013312
0.014304
0.01424
0.014176
0.01408
0.014336
0.014336
0.014368
0.014336
0.014144
0.013984
0.014016
0.01424
0.014112
0.014336
0.014368
0.014272
0.014336
0.014304
0.013984
0.014336
0.013312
0.014208
0.013536
0.013312
0.014304
0.013312
0.014336
0.014016
0.014336
0.01408
0.013312
0.014336
0.014304
0.014144
0.013312
0.014208
0.013696
0.014368
0.014336
0.013952
0.014336
0.014272
0.013344
0.013984
0.014048
0.01424
0.013312
0.013312
0.014336
0.01328
0.014368
0.013952
0.01424
0.014112
0.013312
0.014048
0.014112
0.013984
0.014016
0.014176
0.013984
0.014336
0.013312
0.014368
0.014368
0.014336
0.014336
0.013312
0.014112
0.013952
0.014368
0.014336
0.013312
0.013312
0.013344
0.014336
0.013536
0.014048
0.014144
0.013312
0.014336
0.014304
0.014016
0.01408
0.01328
0.013312
0.013344
0.014304
0.01408
0.013312
0.014016
0.014336
0.01328
0.014176
0.01408
0.014112
0.014336
0.014336
0.014336
0.014144
0.014144
0.014336
0.014016
0.014336
0.013344
0.013312
0.014304
0.014304
0.014336
0.014112
0.013312
0.013344
0.013312
0.014336
0.014368
0.014272
0.014016
0.014272
0.014144
0.014368
0.013344
0.013568
0.013312
0.014336
0.01408
0.013312
0.015168
0.014368
0.014176
0.013952
0.014336
0.013312
0.014176
0.014336
0.014304
0.014336
0.013312
0.014368
0.014304
0.013344
0.014336
0.01392
0.01328
0.014176
0.014336
0.01968
0.014272
0.014336
0.014368
0.014144
0.014208
0.014336
0.014336
0.013312
0.01392
0.014304
0.014048
0.014304
0.013344
0.013312
0.01424
0.014304
0.013984
0.014368
0.014304
0.013312
0.013312
0.01408
0.014304
0.014336
0.014368
0.014336
0.014176
0.014336
0.014208
0.014208
0.014336
0.014336
0.013344
0.014272
0.013984
0.014272
0.013312
0.013312
0.014272
0.014176
0.014336
0.01408
0.014304
0.014048
0.013344
0.013312
0.01424
0.013984
0.01408
0.013312
0.014304
0.014368
0.014336
0.014176
0.013984
0.014304
0.014304
0.014112
0.014208
0.014208
0.014272
0.014336
0.014208
0.014336
0.013312
0.013312
0.013312
0.014304
0.014176
0.014016
0.013312
0.013952
0.01424
0.014112
0.014208
0.014208
0.014336
0.01424
0.014336
0.013952
0.014112
0.01328
0.01408
0.014016
0.013568
0.014336
0.014336
0.013344
0.01328
0.01408
0.01424
0.014336
0.013312
0.014336
0.013312
0.013312
0.014336
0.013312
0.014016
0.013344
0.014048
0.013312
0.014336
0.014336
0.013312
0.013312
0.013312
0.013312
0.014368
0.013344
0.013344
0.013312
0.014208
0.013312
0.014336
0.014208
0.014336
0.013312
0.013248
0.013952
0.014272
0.013344
0.014336
0.014336
0.013312
0.013312
0.013312
0.013312
0.013344
0.013312
0.013312
0.014016
0.014016
0.01424
0.014336
0.013952
0.014336
0.014336
0.014368
0.014208
0.013312
0.014336
0.011968
0.014336
0.014336
0.014272
0.014336
0.01408
0.014336
0.014144
0.01328
0.014176
0.014336
0.014016
0.01424
0.014048
0.013952
0.01408
0.013312
0.014272
0.013312
0.01328
0.014336
0.013984
0.014336
0.01424
0.013312
0.013952
0.013984
0.014272
0.01424
0.014176
0.014336
0.014112
0.013312
0.013312
0.014048
0.014368
0.014336
0.014336
0.014112
0.014176
0.014336
0.014304
0.013312
0.014336
0.014336
0.015136
0.013312
0.013984
0.014336
0.014336
0.013312
0.01392
0.014336
0.013312
0.014304
0.013312
0.014144
0.014016
0.013952
0.013312
0.014336
0.013664
0.013952
0.014304
0.013312
0.014208
0.01424
0.013344
0.014368
0.014176
0.014048
0.01328
0.014336
0.014016
0.013312
0.014304
0.014304
0.017184
0.013984
0.014304
0.013952
0.013664
0.013984
0.014336
0.014336
0.014112
0.013312
0.014336
0.014208
0.014336
0.01328
0.014208
0.014336
0.014016
0.01232
0.013312
0.014144
0.0192
0.014336
0.014336
0.014048
0.014144
0.014368
0.013312
0.014016
0.014112
0.013312
0.013984
0.014112
0.014016
0.013344
0.014336
0.013312
0.013312
0.014336
0.014336
0.014208
0.014336
0.01424
0.014112
0.014304
0.01328
0.014336
0.014304
0.014336
0.01328
0.014144
0.014304
0.014336
0.01328
0.013312
0.013312
0.013344
0.014336
0.013312
0.014176
0.013344
0.013984
0.01424
0.014336
0.014272
0.014208
0.014336
0.014336
0.013312
0.014368
0.014208
0.014048
0.014112
0.013312
0.014336
0.014336
0.013312
0.013312
0.013312
0.014272
0.014336
0.013312
0.014336
0.014144
0.013568
0.01328
0.013312
0.014304
0.014336
0.014336
0.01408
0.01328
0.013312
0.013312
0.014336
0.014176
0.01408
0.014208
0.014144
0.013312
0.014176
0.013952
0.013344
0.014368
0.013312
0.014304
0.013344
0.014304
0.014176
0.014336
0.013344
0.018464
0.013344
0.014368
0.014304
0.014304
0.013312
0.013312
0.013344
0.014336
0.014304
0.014112
0.014176
0.01328
0.014368
0.014016
0.013312
0.013344
0.014176
0.013472
0.014336
0.014048
0.014304
0.014336
0.014304
0.014368
0.014208
0.013312
0.014336
0.013312
0.013312
0.014176
0.014336
0.013952
0.013344
0.013312
0.014304
0.01424
0.013312
0.014336
0.013312
0.014336
0.014368
0.014336
0.014368
0.014176
0.013984
0.014336
0.014304
0.013344
0.01328
0.014368
0.014336
0.014016
0.014208
0.013344
0.01328
0.014016
0.013344
0.013312
0.014016
0.013344
0.014304
0.014016
0.014336
0.014304
0.014304
0.014048
0.01328
0.01328
0.014048
0.014048
0.014336
0.014336
0.014112
0.013344
0.014112
0.01424
0.014336
0.014336
0.014304
0.014112
0.014048
0.014336
0.013312
0.013312
0.014336
0.014304
0.013344
0.014336
0.013312
0.013312
0.014112
0.013312
0.013312
0.014336
0.014336
0.01424
0.014304
0.014176
0.013312
0.013312
0.013984
0.014112
0.014336
0.01328
0.014016
0.014304
0.013344
0.01328
0.015328
0.013312
0.014208
0.014176
0.014208
0.014336
0.013312
0.014336
0.013984
0.014208
0.01408
0.0136
0.013984
0.014208
0.014176
0.014144
0.014336
0.014112
0.013312
0.013984
0.01424
0.014336
0.01328
0.014112
0.014336
0.013312
0.013344
0.013312
0.013312
0.014304
0.013312
0.014368
0.014336
0.01424
0.013312
0.014144
0.014336
0.013312
0.013312
0.014112
0.014336
0.014336
0.01424
0.01424
0.014208
0.013344
0.01328
0.014336
0.014336
0.013952
0.014048
0.014112
0.013664
0.014272
0.014208
0.014144
0.014336
0.01424
0.014368
0.013312
0.013312
0.014336
0.013344
0.013312
0.014208
0.013312
0.014336
0.014112
0.014336
0.013312
0.014272
0.014176
0.013984
0.014272
0.01728
0.014208
0.013312
0.013312
0.014112
0.013312
0.013344
0.013344
0.01424
0.013312
0.014336
0.014336
0.014304
0.014336
0.014368
0.013312
0.014208
0.013984
0.014336
0.01424
0.014304
0.014144
0.014336
0.013312
0.01328
0.014304
0.014336
0.013344
0.013664
0.013312
0.014112
0.013984
0.014304
0.01424
0.014304
0.014336
0.013312
0.013312
0.013312
0.013984
0.013312
0.01328
0.01328
0.01408
0.014048
0.014272
0.013312
0.014368
0.013312
0.01408
0.013312
0.01328
0.014336
0.013312
0.014016
0.014368
0.014304
0.013344
0.014336
0.014336
0.014176
0.014304
0.013696
0.014336
0.013312
0.013312
0.014176
0.014048
0.01328
0.013312
0.013312
0.013312
0.014336
0.013344
0.013344
0.014112
0.014144
0.014336
0.013312
0.014048
0.014048
0.014304
0.013312
0.014176
0.014304
0.014336
0.014336
0.014304
0.014208
0.014016
0.013312
0.013344
0.014336
0.014144
0.013312
0.013344
0.014144
0.013312
0.01424
0.013312
0.014016
0.01408
0.014304
0.013952
0.01328
0.013344
0.014048
0.014336
0.014208
0.014272
0.019488
0.014336
0.013312
0.014144
0.01408
0.014176
0.013312
0.014272
0.014368
0.013312
0.013312
0.01408
0.014336
0.014016
0.01328
0.014112
0.014336
0.013984
0.01424
0.014336
0.01328
0.014336
0.01328
0.013312
0.013984
0.014336
0.01408
0.01424
0.014112
0.013312
0.014112
0.014144
0.014336
0.014336
0.014336
0.014368
0.013312
0.013952
0.012288
0.013312
0.014304
0.013344
0.013344
0.014336
0.014336
0.014304
0.013952
0.013344
0.013312
0.01328
0.014304
0.014304
0.013312
0.013952
0.014176
0.014336
0.01408
0.014336
0.014336
0.013312
0.014336
0.013344
0.013312
0.013952
0.014336
0.013312
0.014272
0.013312
0.013312
0.014272
0.014336
0.013312
0.013312
0.014208
0.01408
0.013344
0.014112
0.013312
0.014304
0.013312
0.013312
0.013312
0.014304
0.01424
0.013312
0.013312
0.014336
0.014368
0.013312
0.014016
0.014336
0.013312
0.014176
0.012288
0.01408
0.013344
0.014336
0.013344
0.014336
0.013312
0.013312
0.013312
0.01328
0.013312
0.014336
0.014144
0.014016
0.01424
0.014144
0.014048
0.013312
0.014336
0.01328
0.01408
0.013312
0.014304
0.01328
0.013984
0.014016
0.013344
0.014304
0.014208
0.014176
0.014208
0.014336
0.014048
0.014336
0.014048
0.013312
0.01424
0.013312
0.014336
0.014336
0.013312
0.014144
0.014336
0.013312
0.014016
0.014176
0.014048
0.013248
0.014336
0.013312
0.014016
0.014336
0.013952
0.013312
0.014336
0.013952
0.013312
0.014048
0.013312
0.013312
0.01424
0.014048
0.014304
0.014336
0.013312
0.013984
0.014304
0.014208
0.014336
0.013312
0.014336
0.01328
0.014336
0.014336
0.014304
0.013312
0.013984
0.014112
0.014336
0.014016
0.014336
0.014048
0.014336
0.01328
0.014176
0.014336
0.019456
0.014272
0.014272
0.013312
0.014144
0.013312
0.013344
0.013632
0.014336
0.014144
0.01328
0.013952
0.014368
0.014016
0.01328
0.013344
0.014208
0.014208
0.013312
0.014336
0.014336
0.013312
0.014368
0.014144
0.013312
0.013312
0.014336
0.013344
0.014368
0.014304
0.014368
0.013312
0.014336
0.01424
0.013312
0.013952
0.014368
0.01408
0.013312
0.013344
0.01408
0.014336
0.019456
0.014336
0.014336
0.014304
0.01328
0.014336
0.013952
0.014336
0.01328
0.013312
0.013344
0.014336
0.013312
0.014304
0.014208
0.013312
0.014304
0.014368
0.014208
0.01328
0.014048
0.013312
0.013312
0.013312
0.01424
0.01328
0.01328
0.01328
0.014336
0.013344
0.01408
0.013568
0.013312
0.013312
0.014336
0.014048
0.014016
0.014336
0.014144
0.01424
0.014304
0.013312
0.013344
0.013312
0.013312
0.014208
0.014336
0.013312
0.014304
0.013984
0.014048
0.013344
0.013344
0.01328
0.014304
0.013312
0.013312
0.013312
0.013312
0.014144
0.014336
0.014304
0.014368
0.014112
0.013312
0.013312
0.014336
0.014304
0.013312
0.014336
0.01328
0.013312
0.013312
0.014048
0.01424
0.013984
0.013312
0.013312
0.014048
0.014272
0.014336
0.014272
0.013344
0.013312
0.013312
0.013312
0.013344
0.014336
0.014112
0.013952
0.013344
0.013312
0.013312
0.014176
0.014176
0.023552
0.013312
0.014144
0.013984
0.01408
0.013984
0.013984
0.013312
0.01392
0.014208
0.013312
0.014208
0.01328
0.014336
0.01408
0.014368
0.014272
0.014112
0.013984
0.014048
0.013312
0.013344
0.014304
0.014176
0.014304
0.013312
0.014336
0.013312
0.013984
0.013312
0.014176
0.014112
0.01328
0.013312
0.014368
0.01328
0.013344
0.014304
0.014304
0.014336
0.013312
0.014304
0.014176
0.01424
0.01328
0.01424
0.014272
0.014368
0.014304
0.013312
0.013344
0.014208
0.014048
0.013312
0.014304
0.013312
0.013312
0.013312
0.014048
0.014208
0.014304
0.01328
0.013344
0.014336
0.014304
0.013312
0.014336
0.014336
0.014336
0.013312
0.01328
0.014336
0.014304
0.014176
0.013312
0.014336
0.014048
0.013312
0.01328
0.01328
0.01408
0.014304
0.013344
0.013312
0.014144
0.013312
0.013312
0.014336
0.014304
0.014304
0.013312
0.013312
0.014112
0.014144
0.014368
0.014112
0.013344
0.013312
0.013344
0.013312
0.014336
0.014016
0.014368
0.014368
0.013312
0.013952
0.01424
0.013312
0.013952
0.013248
0.014208
0.013344
0.013312
0.01328
0.013984
0.01408
0.014112
0.013344
0.01328
0.01312
0.013312
0.014048
0.013312
0.013312
0.013984
0.013952
0.013184
0.014336
0.012288
0.013312
0.013312
0.01328
0.014272
0.013312
0.013312
0.01408
0.013984
0.012992
0.013312
0.01328
0.014304
0.013312
0.013312
0.014048
0.01424
0.013312
0.01328
0.014144
0.013312
0.01328
0.013536
0.013568
0.013312
0.013312
0.014336
0.014272
0.01408
0.013312
0.013312
0.013312
0.013344
0.013312
0.013312
0.013312
0.013312
0.013312
0.013312
0.018464
0.013312
0.014304
0.013344
0.013312
0.013312
0.013312
0.01328
0.01328
0.014176
0.013152
0.013312
0.013312
0.01328
0.014208
0.013312
0.01408
0.013312
0.013312
0.013312
0.013312
0.013344
0.013664
0.01424
0.014048
0.013312
0.013952
0.014016
0.013312
0.013312
0.013312
0.013312
0.014048
0.014176
0.013184
0.014176
0.014208
0.013984
0.013344
0.01424
0.013312
0.013344
0.014048
0.013312
0.013312
0.013184
0.013184
0.013344
0.013312
0.013312
0.013312
0.013312
0.013312
0.01424
0.013184
0.013952
0.014208
0.013216
0.013312
0.014272
0.01328
0.014016
0.013312
0.013312
0.012992
0.013344
0.013312
0.013248
0.019488
0.013568
0.01328
0.013312
0.01328
0.01328
0.013344
0.012288
0.013312
0.013312
0.013312
0.01392
0.0136
0.014048
0.013312
0.013312
0.013344
0.014144
0.013344
0.013344
0.013312
0.013344
0.013984
0.01328
0.01328
0.013312
0.013952
0.013984
0.013312
0.013312
0.013312
0.013312
0.013344
0.013312
0.013312
0.013312
0.014112
0.01328
0.014048
0.01328
0.013312
0.014304
0.013248
0.013312
0.01424
0.013312
0.013152
0.01328
0.014016
0.013312
0.013312
0.013952
0.01328
0.013344
0.014304
0.013312
0.013344
0.013312
0.01328
0.014336
0.014016
0.01328
0.01408
0.013312
0.013344
0.014272
0.01424
0.013312
0.013312
0.014144
0.014144
0.013312
0.014304
0.013184
0.014368
0.01328
0.013312
0.013312
0.013312
0.013312
0.014336
0.01424
0.012288
0.013344
0.013312
0.014176
0.013344
0.013312
0.01312
0.013696
0.013344
0.013216
0.014304
0.014144
0.013984
0.013184
0.013312
0.014304
0.013312
0.014144
0.014144
0.013184
0.013312
0.01328
0.013344
0.012288
0.013216
0.013312
0.013312
0.013312
0.013312
0.013984
0.013312
0.013216
0.01328
0.013312
0.013344
0.013312
0.013248
0.014208
0.013312
0.013984
0.013312
0.013952
0.013312
0.013376
0.013312
0.01328
0.013312
0.014048
0.014304
0.013312
0.013344
0.013312
0.014048
0.013344
0.013312
0.01296
0.013312
0.013344
0.013312
0.013984
0.013312
0.013312
0.01392
0.013312
0.013312
0.013312
0.013312
0.01328
0.014304
0.013344
0.014144
0.014208
0.013312
0.013344
0.013344
0.013152
0.013216
0.013952
0.013248
0.013024
0.013312
0.013312
0.013312
0.013312
0.01328
0.013312
0.01328
0.014016
0.013312
0.013312
0.013312
0.014176
0.01328
0.013312
0.020448
0.014336
0.014208
0.012288
0.013312
0.013312
0.012992
0.01328
0.014144
0.01328
0.014144
0.013536
0.01328
0.013312
0.014176
0.013312
0.014304
0.01328
0.014368
0.013216
0.013312
0.013248
0.0208
0.014336
0.013312
0.013312
0.01328
0.013312
0.013088
0.013184
0.013312
0.013312
0.013344
0.014336
0.01424
0.013312
0.014272
0.013184
0.013952
0.014176
0.013312
0.013344
0.013312
0.013312
0.013312
0.014112
0.013312
0.013952
0.013312
0.013312
0.012992
0.014272
0.013184
0.01328
0.013664
0.013312
0.014272
0.013344
0.013312
0.014304
0.013952
0.01328
0.013344
0.014016
0.01328
0.013344
0.013344
0.013184
0.013312
0.014144
0.013312
0.013312
0.01328
0.01328
0.01328
0.013312
0.014272
0.013312
0.021472
0.013952
0.013184
0.01328
0.013312
0.01392
0.014304
0.01344
0.014208
0.013312
0.01328
0.013344
0.013312
0.014016
0.014144
0.013344
0.014112
0.013984
0.013312
0.013344
0.013312
0.013312
0.014016
0.014048
0.01328
0.01328
0.014176
0.01328
0.019456
0.014112
0.013312
0.014336
0.01424
0.013312
0.01392
0.012288
0.013344
0.014016
0.01344
0.014336
0.013344
0.014208
0.013312
0.013312
0.013312
0.01328
0.013344
0.013312
0.014048
0.014336
0.01328
0.013344
0.014112
0.013312
0.013184
0.014304
0.013568
0.013312
0.013312
0.014304
0.014112
0.01328
0.013952
0.014208
0.013344
0.013312
0.013344
0.013312
0.012288
0.013248
0.013984
0.014144
0.013344
0.013248
0.014048
0.014176
0.013312
0.013312
0.013312
0.013312
0.01328
0.013312
0.013344
0.013984
0.014336
0.013184
0.014048
0.013344
0.013216
0.014112
0.014144
0.013312
0.013312
0.013344
0.01392
0.013952
0.012256
0.013344
0.013312
0.01328
0.013312
0.013344
0.013312
0.013504
0.013312
0.013312
0.013312
0.01328
0.01232
0.013312
0.014144
0.013344
0.013312
0.014144
0.014144
0.013344
0.021856
0.014048
0.013344
0.013984
0.013216
0.01328
0.013312
0.013216
0.013312
0.013312
0.01424
0.013312
0.013184
0.013312
0.014016
0.01328
0.011264
0.012288
0.013952
0.014016
0.013312
0.013312
0.013568
0.014336
0.013312
0.013312
0.013312
0.013312
0.013312
0.014336
0.014112
0.013984
0.014112
0.013472
0.014208
0.013344
0.013312
0.013984
0.014336
0.013344
0.01328
0.01312
0.013312
0.013344
0.013312
0.014144
0.013312
0.01392
0.013312
0.013184
0.013344
0.014176
0.013152
0.014304
0.013952
0.013312
0.013952
0.013312
0.013344
0.013312
0.013312
0.014048
0.013312
0.013344
0.013664
0.014144
0.013344
0.013312
0.013344
0.013312
0.013312
0.014176
0.013312
0.013344
0.013312
0.013312
0.013312
0.013312
0.014208
0.013312
0.013312
0.013312
0.01328
0.012288
0.013312
0.013312
0.01328
0.013344
0.013312
0.013312
0.01392
0.013312
0.014304
0.02048
0.01328
0.014208
0.013344
0.013312
0.013312
0.014208
0.013312
0.01328
0.013312
0.01328
0.013312
0.013312
0.014272
0.01328
0.014208
0.013312
0.013312
0.014304
0.013952
0.01328
0.012288
0.014112
0.013312
0.014176
0.01424
0.014304
0.013312
0.01328
0.013344
0.013952
0.01328
0.013312
0.01328
0.013312
0.013312
0.013312
0.01328
0.013184
0.013408
0.014336
0.013312
0.013984
0.014144
0.012288
0.01424
0.014176
0.013312
0.01328
0.013312
0.013344
0.013248
0.013312
0.013344
0.013984
0.013312
0.012928
0.013984
0.012992
0.013952
0.013952
0.014336
0.013344
0.013056
0.013312
0.01328
0.01328
0.013312
0.01328
0.013344
0.01328
0.014112
0.014336
0.01328
0.013312
0.014112
0.01328
0.014144
0.013312
0.012992
0.013312
0.013312
0.01424
0.013312
0.01328
0.01408
0.01328
0.013344
0.013312
0.01328
0.013952
0.014304
0.013984
0.012256
0.013984
0.01328
0.013344
0.013952
0.012256
0.013344
0.013312
0.014048
0.014016
0.013312
0.013024
0.013248
0.013312
0.013312
0.01408
0.01328
0.014208
0.014016
0.013312
0.013312
0.014208
0.012288
0.013312
0.01312
0.013312
0.014016
0.014176
0.013312
0.013312
0.013216
0.013248
0.012992
0.013312
0.01328
0.013056
0.014304
0.01328
0.014304
0.012288
0.013312
0.013312
0.013312
0.013152
0.013984
0.012288
0.014272
0.013312
0.013312
0.013088
0.014048
0.013344
0.013344
0.012928
0.012256
0.01424
0.013984
0.013344
0.013312
0.01392
0.013312
0.01248
0.013952
0.013312
0.013312
0.013312
0.013248
0.01408
0.01328
0.013312
0.01408
0.014176
0.013344
0.013344
0.01392
0.014048
0.01408
0.01328
0.014272
0.013312
0.014016
0.013312
0.014112
0.013344
0.013184
0.014048
0.014336
0.014208
0.014368
0.012288
0.013312
0.013312
0.013312
0.013344
0.013344
0.01328
0.013312
0.01328
0.013952
0.013312
0.013312
0.01312
0.013312
0.013312
0.013312
0.01424
0.013344
0.01328
0.013312
0.01328
0.013312
0.014016
0.013344
0.013312
0.014176
0.013952
0.013312
0.01328
0.01424
0.014144
0.01328
0.013344
0.013344
0.013312
0.012288
0.013312
0.012896
0.01408
0.013312
0.01328
0.013312
0.013312
0.014176
0.013344
0.013312
0.013312
0.01392
0.013312
0.014112
0.01328
0.013344
0.013312
0.013312
0.013024
0.013408
0.014176
0.013344
0.013312
0.012928
0.013312
0.013216
0.014272
0.014112
0.013344
0.01328
0.013312
0.013312
0.013312
0.013024
0.014272
0.011296
0.011968
0.013344
0.014112
0.013344
0.013344
0.013088
0.013344
0.01328
0.013216
0.013312
0.01328
0.014112
0.013312
0.01328
0.012288
0.013312
0.014304
0.014304
0.014048
0.014176
0.013152
0.013312
0.013312
0.013344
0.013312
0.013312
0.014048
0.01328
0.01328
0.01328
0.013344
0.013312
0.013312
0.013952
0.013312
0.013344
0.013248
0.01328
0.013312
0.012288
0.01328
0.013344
0.012288
0.013216
0.013312
0.013984
0.014304
0.013344
0.012992
0.013344
0.013312
0.013088
0.013312
0.013312
0.013184
0.013344
0.014016
0.013312
0.014176
0.013184
0.01328
0.013984
0.013312
0.01328
0.01328
0.013312
0.013984
0.013984
0.013312
0.013312
0.012288
0.013312
0.013344
0.01328
0.013312
0.013248
0.013312
0.01392
0.013312
0.013504
0.013312
0.012288
0.014208
0.014144
0.014304
0.013536
0.014016
0.013312
0.012288
0.013312
0.012992
0.013312
0.013312
0.013344
0.013344
0.013632
0.013952
0.014048
0.013312
0.013312
0.01408
0.01232
0.013312
0.013248
0.01392
0.013312
0.013312
0.013312
0.013312
0.013408
0.013344
0.014176
0.013344
0.014208
0.013952
0.014336
0.013312
0.012992
0.013248
0.013216
0.012288
0.014176
0.013344
0.012992
0.013248
0.01328
0.013344
0.014048
0.013312
0.013184
0.013344
0.013312
0.013344
0.012288
0.01232
0.01424
0.012288
0.01328
0.014048
0.013312
0.013312
0.013312
0.01328
0.013312
0.013312
0.013344
0.013984
0.013344
0.013312
0.013344
0.013312
0.013312
0.013344
0.014176
0.013312
0.013344
0.013312
0.013312
0.01328
0.014016
0.014336
0.012288
0.013952
0.013312
0.013312
0.014208
0.014208
0.013312
0.014176
0.01328
0.013312
0.013312
0.014176
0.013312
0.013184
0.01328
0.014304
0.013344
0.013312
0.013344
0.012288
0.01408
0.013312
0.014112
0.013312
0.013344
0.013344
0.013984
0.013344
0.013312
0.013984
0.013984
0.013312
0.013312
0.013312
0.01328
0.013344
0.013312
0.01408
0.013312
0.021472
0.01328
0.01328
0.013344
0.01328
0.013312
0.014304
0.014336
0.021504
0.013312
0.013088
0.014112
0.013344
0.012992
0.013312
0.013344
0.013152
0.014272
0.013312
0.014208
0.014048
0.01232
0.014112
0.013024
0.012192
0.013312
0.01328
0.013312
0.012288
0.013344
0.013312
0.012224
0.013312
0.014112
0.01408
0.019104
0.013248
0.013312
0.012256
0.013344
0.013312
0.011904
0.011264
0.013984
0.014304
0.013312
0.012288
0.013312
0.013312
0.013248
0.012288
0.014144
0.014144
0.013952
0.014336
0.013312
0.013312
0.012288
0.01328
0.013312
0.013312
0.013344
0.013344
0.013312
0.013312
0.013024
0.01328
0.014112
0.013344
0.013312
0.013312
0.01328
0.011296
0.012288
0.012992
0.013312
0.013344
0.01392
0.011264
0.013312
0.013248
0.014048
0.014272
0.013984
0.014208
0.013312
0.013344
0.01328
0.014208
0.013312
0.013344
0.01424
0.013344
0.013312
0.012288
0.013984
0.013312
0.013312
0.013312
0.013344
0.013344
0.013312
0.014208
0.01328
0.01312
0.013312
0.013312
0.01328
0.014112
0.014016
0.013312
0.013312
0.014176
0.013312
0.01408
0.013344
0.01328
0.013312
0.014304
0.013312
0.013184
0.01232
0.01328
0.013312
0.013312
0.012288
0.013216
0.013312
0.012288
0.013056
0.013312
0.013312
0.012256
0.013344
0.01408
0.013344
0.013024
0.01328
0.012256
0.01328
0.013984
0.01216
0.013536
0.014048
0.014016
0.013312
0.013312
0.013312
0.014176
0.013312
0.013312
0.013152
0.01328
0.01392
0.01232
0.012992
0.014048
0.013312
0.01216
0.013152
0.012096
0.013344
0.01392
0.013152
0.014272
0.013344
0.013312
0.013984
0.014048
0.014336
0.013984
0.01232
0.013312
0.013344
0.012128
0.013312
0.012288
0.013312
0.013952
0.013312
0.012288
0.013312
0.013312
0.014336
0.013312
0.013472
0.014272
0.014176
0.01408
0.013312
0.013312
0.013312
0.013312
0.01328
0.013312
0.013952
0.013216
0.014272
0.011968
0.012992
0.011264
0.013312
0.014304
0.013344
0.013312
0.013312
0.01328
0.013312
0.013312
0.013312
0.01328
0.013984
0.01328
0.014272
0.013312
0.012288
0.013984
0.012288
0.014336
0.014336
0.013312
0.014016
0.01328
0.013312
0.013024
0.013312
0.013312
0.014304
0.013344
0.012288
0.013312
0.012288
0.014048
0.013312
0.013312
0.013312
0.013152
0.01328
0.013312
0.013312
0.013312
0.01408
0.01328
0.011296
0.01232
0.013312
0.013312
0.014048
0.014272
0.014368
0.013312
0.013312
0.014016
0.013312
0.01328
0.013312
0.014336
0.013312
0.013312
0.013312
0.014336
0.01424
0.013216
0.013312
0.013344
0.012288
0.013088
0.012896
0.013184
0.01328
0.013312
0.01424
0.013344
0.013248
0.013312
0.013312
0.013312
0.013024
0.014208
0.013344
0.012704
0.013312
0.013152
0.013312
0.013312
0.01328
0.014144
0.013184
0.013984
0.01328
0.013344
0.013312
0.013312
0.01328
0.013312
0.012256
0.014208
0.013088
0.013952
0.013312
0.013312
0.013472
0.013312
0.013312
0.011264
0.011296
0.012096
0.012128
0.013312
0.013312
0.01328
0.020736
0.01328
0.012288
0.01328
0.012256
0.013536
0.014176
0.013984
0.014304
0.013344
0.011264
0.014336
0.01408
0.013312
0.013312
0.01328
0.013312
0.013248
0.013312
0.014336
0.014016
0.013312
0.014272
0.012
0.013312
0.014304
0.013312
0.013344
0.013248
0.012288
0.014176
0.013152
0.013344
0.01424
0.013984
0.014176
0.013312
0.01328
0.013312
0.013344
0.01328
0.013312
0.013216
0.013312
0.013984
0.014048
0.012288
0.013312
0.013312
0.014048
0.017408
0.013312
0.012256
0.013152
0.014112
0.013312
0.013312
0.013312
0.01312
0.013312
0.011296
0.012256
0.01328
0.01328
0.012256
0.013344
0.011936
0.01328
0.012288
0.013184
0.01328
0.01328
0.013344
0.013312
0.014144
0.012096
0.013248
0.012928
0.013088
0.013312
0.014144
0.013344
0.013312
0.013216
0.014144
0.013312
0.012032
0.014144
0.013312
0.013344
0.014176
0.014368
0.013312
0.013312
0.012288
0.01328
0.013344
0.014112
0.013312
0.01408
0.014112
0.01328
0.013312
0.012032
0.01328
0.01328
0.012128
0.019136
0.013632
0.011648
0.01408
0.013344
0.012256
0.013952
0.014208
0.013312
0.01232
0.01392
0.014336
0.01328
0.013312
0.013088
0.013408
0.012288
0.013312
0.014144
0.014272
0.01232
0.014048
0.012928
0.013312
0.012288
0.011264
0.013312
0.013312
0.01328
0.012288
0.013312
0.012256
0.013312
0.013344
0.013344
0.01392
0.01328
0.014112
0.020512
0.013248
0.013152
0.013312
0.01424
0.013312
0.013344
0.013312
0.012096
0.013312
0.013952
0.01424
0.01328
0.012288
0.014016
0.013984
0.013216
0.013312
0.013952
0.013216
0.01232
0.013344
0.01328
0.013312
0.013312
0.013312
0.013312
0.013248
0.014336
0.013984
0.013984
0.013152
0.01328
0.013312
0.014016
0.012992
0.01344
0.014272
0.011232
0.011232
0.01328
0.013312
0.013312
0.01328
0.014048
0.013312
0.01328
0.013312
0.014016
0.013312
0.013952
0.019456
0.013984
0.014336
0.013344
0.01408
0.013312
0.013248
0.01328
0.012288
0.013312
0.013312
0.014144
0.01424
0.013344
0.01328
0.013344
0.012288
0.013152
0.013312
0.011264
0.013312
0.014048
0.01328
0.01424
0.014272
0.014112
0.014272
0.014048
0.014208
0.014048
0.01408
0.01328
0.011936
0.013312
0.013312
0.01424
0.013344
0.013344
0.013312
0.013312
0.013088
0.01328
0.012288
0.013312
0.013312
0.01328
0.013344
0.013344
0.012672
0.012288
0.011264
0.012224
0.014016
0.013312
0.013312
0.013024
0.013344
0.013344
0.013344
0.013152
0.012256
0.01216
0.013056
0.014144
0.013312
0.012256
0.011936
0.013312
0.013312
0.013248
0.012288
0.014336
0.012288
0.014304
0.014336
0.013312
0.01328
0.014176
0.013312
0.011968
0.013184
0.014048
0.014208
0.012256
0.013376
0.014208
0.013312
0.013312
0.013312
0.01328
0.013344
0.012288
0.014208
0.013152
0.01328
0.014336
0.013312
0.014272
0.013312
0.013216
0.014208
0.013312
0.013312
0.013952
0.012288
0.014144
0.013344
0.013312
0.013312
0.012064
0.013312
0.011936
0.013312
0.013152
0.014208
0.013312
0.012256
0.013184
0.013344
0.013312
0.011264
0.013088
0.013312
0.011264
0.01328
0.01216
0.013312
0.01328
0.013984
0.013344
0.013312
0.014176
0.013312
0.014176
0.013312
0.013312
0.013312
0.013312
0.014336
0.013312
0.01232
0.013312
0.014016
0.013344
0.01328
0.013344
0.014144
0.013984
0.013312
0.013184
0.013984
0.013312
0.013312
0.01424
0.014176
0.013312
0.013344
0.01328
0.01328
0.013312
0.013344
0.013312
0.014176
0.012288
0.012288
0.013344
0.01312
0.012256
0.013312
0.012992
0.012192
0.011264
0.013312
0.013952
0.013312
0.013248
0.013312
0.014176
0.014176
0.014048
0.012288
0.013216
0.013504
0.013344
0.013312
0.01328
0.01328
0.01328
0.012288
0.012224
0.013344
0.013312
0.013344
0.01424
0.013344
0.013312
0.013312
0.013312
0.012256
0.01328
0.012128
0.013344
0.013952
0.013312
0.012288
0.013312
0.014016
0.012288
0.013344
0.013344
0.013312
0.013312
0.013312
0.013312
0.013312
0.014304
0.013344
0.014016
0.013312
0.014016
0.013344
0.013984
0.014336
0.013344
0.013024
0.013312
0.014144
0.01296
0.013312
0.013312
0.013312
0.014144
0.01328
0.013312
0.013312
0.013152
0.014016
0.014272
0.013344
0.013344
0.014208
0.013312
0.012288
0.01392
0.013344
0.012288
0.013312
0.01312
0.013312
0.013312
0.013312
0.01312
0.013312
0.013312
0.013312
0.013344
0.014048
0.013312
0.012
0.013312
0.014208
0.013088
0.013312
0.013312
0.013312
0.01328
0.014144
0.013312
0.014304
0.01232
0.013312
0.01232
0.013312
0.013312
0.013344
0.013312
0.013312
0.013312
0.013152
0.024448
0.012256
0.013344
0.013152
0.012192
0.013312
0.013632
0.013312
0.013088
0.013312
0.020448
0.013984
0.01232
0.013056
0.013216
0.011936
0.013312
0.014368
0.013344
0.014304
0.013344
0.013312
0.013312
0.013312
0.013312
0.013184
0.014048
0.014336
0.011904
0.01408
0.014144
0.013312
0.013312
0.013472
0.013312
0.013312
0.011232
0.012256
0.011296
0.012256
0.013312
0.012288
0.013312
0.013312
0.01328
0.01328
0.013312
0.019456
0.01328
0.013312
0.013312
0.013312
0.013312
0.014144
0.013952
0.01232
0.013312
0.011392
0.013312
0.013344
0.013088
0.013312
0.014368
0.013024
0.013216
0.014176
0.013312
0.013344
0.014336
0.013312
0.01328
0.01296
0.01184
0.013952
0.018432
0.013312
0.012288
0.013344
0.013312
0.01328
0.013984
0.013344
0.014112
0.013312
0.013312
0.013312
0.013312
0.013952
0.012256
0.013216
0.013312
0.012896
0.013056
0.013312
0.013984
0.01328
0.01232
0.013312
0.013344
0.013248
0.013312
0.013216
0.013216
0.013312
0.013344
0.013088
0.013984
0.013312
0.014304
0.013216
0.011968
0.013312
0.012288
0.012928
0.012224
0.01328
0.013312
0.012256
0.01328
0.014016
0.013952
0.014112
0.012288
0.014208
0.012288
0.013344
0.014112
0.011264
0.012288
0.014208
0.014048
0.014144
0.013216
0.013024
0.013312
0.013312
0.013312
0.01328
0.013312
0.013312
0.012256
0.013312
0.013728
0.012288
0.01408
0.01328
0.014048
0.012128
0.012288
0.011264
0.013088
0.013184
0.013312
0.013152
0.013952
0.013312
0.012288
0.013184
0.013952
0.01328
0.014112
0.013312
0.011232
0.013088
0.013312
0.012288
0.013312
0.011232
0.012928
0.013056
0.014304
0.014272
0.013984
0.011264
0.01328
0.013312
0.013312
0.014048
0.01328
0.013312
0.013312
0.013312
0.012256
0.013312
0.014272
0.013312
0.012288
0.014304
0.021248
0.01232
0.014176
0.01328
0.013248
0.013984
0.013344
0.013312
0.012288
0.01328
0.01392
0.013312
0.014048
0.013952
0.014176
0.013344
0.014048
0.013344
0.013312
0.014304
0.01328
0.013952
0.01328
0.012064
0.013312
0.012288
