0.034816
0.028704
0.018432
0.025536
0.023552
0.024576
0.024576
0.033536
0.024544
0.024576
0.024576
0.025216
0.024416
0.024576
0.032768
0.024512
0.024576
0.024576
0.024608
0.023584
0.024576
0.02528
0.024448
0.024576
0.024608
0.024544
0.024608
0.024576
0.024608
0.02528
0.032768
0.025568
0.024608
0.025248
0.023552
0.02432
0.024576
0.024608
0.030656
0.024448
0.034528
0.024576
0.024544
0.024576
0.024576
0.02528
0.024576
0.024576
0.032736
0.032768
0.0256
0.030336
0.0256
0.030688
0.025216
0.025536
0.025408
0.02544
0.0256
0.024576
0.024768
0.024576
0.017376
0.024576
0.024576
0.034624
0.025216
0.018432
0.02224
0.019072
0.018432
0.018464
0.0184
0.0184
0.018304
0.018432
0.018304
0.0192
0.018432
0.018464
0.018432
0.018432
0.018272
0.018432
0.018016
0.018432
0.018432
0.018464
0.01936
0.019456
0.018592
0.018592
0.018432
0.01936
0.018464
0.018432
0.018464
0.018432
0.018432
0.018464
0.019072
0.018464
0.019104
0.018432
0.018464
0.018304
0.0192
0.019232
0.019168
0.0184
0.018432
0.018304
0.0184
0.01824
0.018464
0.0184
0.018432
0.018432
0.0184
0.019232
0.018656
0.018432
0.0192
0.018464
0.018432
0.019136
0.019072
0.018432
0.018432
0.018176
0.018432
0.019136
0.019456
0.018432
0.018432
0.018432
0.018432
0.019072
0.0192
0.019392
0.018464
0.018432
0.018432
0.019456
0.0184
0.0184
0.019264
0.019296
0.018432
0.018432
0.018432
0.018432
0.01936
0.018432
0.018432
0.018432
0.018432
0.018432
0.018432
0.019424
0.01824
0.02624
0.018432
0.019296
0.0192
0.018432
0.0184
0.018432
0.018432
0.0184
0.018432
0.018432
0.018432
0.018432
0.018464
0.018432
0.019456
0.019136
0.019136
0.019264
0.018432
0.018432
0.018464
0.0184
0.018208
0.018464
0.018432
0.017408
0.018432
0.018432
0.018432
0.0184
0.018432
0.018304
0.018432
0.019072
0.021504
0.018432
0.0184
0.018432
0.018464
0.018144
0.018432
0.01904
0.018432
0.0184
0.018432
0.018464
0.018208
0.0184
0.018432
0.018432
0.0192
0.018432
0.018464
0.019296
0.018432
0.018464
0.018432
0.018464
0.018432
0.019456
0.018464
0.018432
0.01904
0.019456
0.018464
0.019392
0.018368
0.019456
0.018336
0.019104
0.018432
0.019456
0.018432
0.018432
0.0184
0.01936
0.018432
0.019104
0.018432
0.019232
0.018272
0.018464
0.0184
0.018432
0.0192
0.019072
0.018432
0.019424
0.019424
0.018432
0.018432
0.018432
0.015712
0.018816
0.018112
0.018432
0.01872
0.014112
0.014176
0.014016
0.014304
0.014368
0.014336
0.014336
0.014368
0.01424
0.015168
0.014208
0.013312
0.013312
0.014336
0.014144
0.014208
0.013312
0.01408
0.01424
0.014272
0.013344
0.014208
0.014112
0.014336
0.014336
0.014368
0.013952
0.014304
0.01424
0.014336
0.014336
0.014112
0.014336
0.014272
0.014368
0.014336
0.013984
0.013312
0.014336
0.014336
0.014336
0.014304
0.014304
0.014272
0.014368
0.014048
0.014336
0.014304
0.013344
0.014272
0.014304
0.013952
0.01424
0.013344
0.01408
0.014336
0.013312
0.013312
0.01328
0.013984
0.014336
0.013312
0.013312
0.013344
0.014368
0.014336
0.014336
0.014368
0.014048
0.014336
0.013312
0.013312
0.0136
0.014144
0.014272
0.014176
0.014304
0.01328
0.014336
0.014016
0.014016
0.014304
0.014304
0.013312
0.014336
0.014016
0.013984
0.014176
0.013312
0.01424
0.0136
0.014336
0.014336
0.014336
0.013664
0.013344
0.013344
0.014304
0.013696
0.013312
0.014272
0.014368
0.014304
0.013344
0.013344
0.013312
0.014304
0.014368
0.013344
0.014304
0.014144
0.014048
0.014016
0.014336
0.014336
0.014272
0.014272
0.013344
0.014304
0.01424
0.014336
0.014336
0.014336
0.014304
0.014336
0.014208
0.014272
0.014368
0.014208
0.014016
0.013312
0.014304
0.013344
0.014336
0.014336
0.014272
0.013312
0.014304
0.014336
0.014304
0.014176
0.013344
0.014368
0.014336
0.014336
0.013344
0.01408
0.014336
0.014272
0.013312
0.014336
0.01408
0.014944
0.014112
0.01408
0.013952
0.014336
0.014336
0.014016
0.014336
0.014304
0.014144
0.014304
0.014368
0.014368
0.014304
0.01328
0.014336
0.013344
0.01408
0.014336
0.013344
0.013312
0.013952
0.014368
0.014336
0.013312
0.014272
0.014336
0.013312
0.014176
0.014336
0.014336
0.014336
0.014016
0.014336
0.014336
0.013984
0.014336
0.014272
0.014336
0.014176
0.013952
0.014048
0.014368
0.014208
0.013344
0.014336
0.014304
0.014336
0.014016
0.014336
0.014336
0.013312
0.013312
0.014304
0.013312
0.01408
0.013984
0.014336
0.014336
0.014208
0.014336
0.014336
0.013984
0.014304
0.01424
0.014336
0.014016
0.014304
0.01408
0.01328
0.014272
0.014048
0.014176
0.013344
0.014368
0.014368
0.014208
0.014304
0.014368
0.014112
0.014336
0.014336
0.014336
0.01328
0.014336
0.014048
0.013568
0.013312
0.014176
0.014336
0.013312
0.014336
0.014112
0.014016
0.014272
0.013312
0.013312
0.014048
0.014336
0.013312
0.014336
0.01424
0.014336
0.014336
0.013344
0.0144
0.013312
0.014336
0.014016
0.013984
0.014304
0.014144
0.014144
0.014336
0.013312
0.014144
0.013312
0.013952
0.013344
0.014304
0.014208
0.014336
0.013952
0.013312
0.013344
0.014336
0.013312
0.014336
0.013312
0.014336
0.013952
0.013344
0.01408
0.015296
0.014336
0.01408
0.01328
0.022528
0.014336
0.014368
0.014336
0.013312
0.01424
0.013312
0.013952
0.013312
0.01408
0.014336
0.01328
0.013632
0.014176
0.014176
0.013312
0.014336
0.013312
0.014144
0.014336
0.014304
0.014112
0.014336
0.014336
0.01408
0.013312
0.013312
0.014016
0.013984
0.014336
0.014368
0.013344
0.014272
0.014304
0.014304
0.014336
0.01424
0.013312
0.01424
0.013312
0.013312
0.014176
0.013312
0.013312
0.013984
0.014336
0.014336
0.014336
0.013312
0.014304
0.013312
0.014208
0.014336
0.014336
0.013312
0.013344
0.013312
0.014304
0.013312
0.014048
0.013312
0.013312
0.013984
0.0136
0.013312
0.014176
0.013408
0.014048
0.014336
0.014336
0.014304
0.014016
0.014336
0.013312
0.014368
0.01328
0.014304
0.013344
0.014016
0.013312
0.013696
0.013952
0.014336
0.014048
0.013344
0.014336
0.01408
0.014336
0.013312
0.014336
0.014336
0.014304
0.013312
0.014176
0.014336
0.013312
0.014336
0.013312
0.014336
0.014368
0.014336
0.014304
0.014304
0.013344
0.014336
0.013312
0.014368
0.014016
0.014336
0.013952
0.013312
0.013312
0.013952
0.014272
0.014336
0.013312
0.014144
0.014336
0.013312
0.014272
0.014368
0.014336
0.014272
0.014304
0.013312
0.014336
0.013344
0.013344
0.014304
0.014336
0.013664
0.014368
0.014304
0.013312
0.013312
0.013312
0.014048
0.014368
0.014208
0.0136
0.014336
0.014016
0.014368
0.013312
0.014304
0.014336
0.014144
0.013312
0.014176
0.013984
0.013312
0.013344
0.013312
0.013312
0.013312
0.013344
0.014048
0.014336
0.014336
0.01408
0.014368
0.014336
0.014336
0.013984
0.014336
0.01408
0.014368
0.014336
0.014368
0.013344
0.014304
0.014304
0.014048
0.01328
0.013312
0.013984
0.013312
0.014272
0.013312
0.013312
0.014016
0.014368
0.013312
0.013344
0.014016
0.014336
0.013312
0.013344
0.014304
0.01328
0.014336
0.014176
0.01424
0.014304
0.014304
0.014304
0.014304
0.014112
0.01328
0.014336
0.014176
0.01424
0.014112
0.014176
0.018752
0.014336
0.013344
0.013312
0.014336
0.014304
0.014336
0.014208
0.01408
0.013312
0.014368
0.014112
0.013312
0.014336
0.014336
0.013952
0.014336
0.014208
0.013312
0.013952
0.01408
0.013312
0.014304
0.014304
0.01328
0.014208
0.01328
0.014336
0.014336
0.014336
0.013344
0.014048
0.014144
0.014304
0.014304
0.014368
0.014368
0.013312
0.014176
0.014912
0.013312
0.014176
0.01328
0.014048
0.014048
0.014336
0.014336
0.014336
0.014144
0.014336
0.014144
0.013312
0.014336
0.014144
0.013312
0.013952
0.013312
0.013312
0.013344
0.013952
0.01424
0.014048
0.014048
0.014112
0.014144
0.014304
0.01328
0.014336
0.014112
0.01424
0.01424
0.014304
0.014336
0.013984
0.014336
0.013312
0.013344
0.013312
0.01424
0.013344
0.014144
0.014304
0.014272
0.013984
0.014304
0.014208
0.014304
0.013312
0.014112
0.014144
0.014176
0.013344
0.013312
0.013312
0.014272
0.013312
0.014336
0.01408
0.014176
0.013312
0.019456
0.013312
0.014336
0.014112
0.013312
0.014368
0.014304
0.013312
0.014336
0.013312
0.014208
0.014336
0.013984
0.014336
0.013312
0.013312
0.013312
0.014304
0.013312
0.013312
0.014176
0.013312
0.014144
0.014272
0.014304
0.014112
0.013952
0.014336
0.014336
0.014304
0.01328
0.013312
0.013344
0.013312
0.014272
0.01328
0.014272
0.013344
0.014368
0.01328
0.01328
0.01328
0.014336
0.014304
0.013312
0.014304
0.013312
0.013312
0.014336
0.013312
0.013312
0.013952
0.013312
0.01328
0.013312
0.013312
0.014304
0.014112
0.013344
0.013312
0.014336
0.014144
0.014336
0.014112
0.021504
0.014048
0.014176
0.01504
0.013312
0.013344
0.013312
0.014048
0.01328
0.013952
0.014336
0.013312
0.013344
0.013344
0.013312
0.014304
0.013312
0.014304
0.013312
0.01328
0.014112
0.014336
0.013312
0.013344
0.013312
0.014176
0.014336
0.014016
0.01328
0.01408
0.014208
0.014336
0.013952
0.01424
0.014304
0.014336
0.01424
0.014368
0.014016
0.01408
0.014176
0.014048
0.013312
0.014144
0.013952
0.014112
0.013312
0.013312
0.014336
0.014336
0.014176
0.01408
0.014336
0.01424
0.014208
0.014304
0.013312
0.014304
0.015168
0.014176
0.013952
0.013952
0.01328
0.013312
0.014112
0.013312
0.013344
0.013344
0.014336
0.014304
0.01328
0.013312
0.014144
0.01424
0.014144
0.014144
0.013312
0.01424
0.01328
0.014336
0.014112
0.014304
0.013312
0.014208
0.013344
0.01392
0.014336
0.013984
0.013312
0.021504
0.014304
0.013312
0.014176
0.014368
0.014336
0.014336
0.014336
0.014304
0.013312
0.014336
0.014272
0.014336
0.014304
0.014368
0.013312
0.014336
0.013312
0.01328
0.013344
0.013312
0.014112
0.013312
0.014144
0.013344
0.014368
0.013472
0.013344
0.014336
0.014272
0.014176
0.01424
0.014336
0.013312
0.013344
0.014176
0.014304
0.013312
0.013312
0.014272
0.013344
0.014336
0.01408
0.01424
0.014304
0.014368
0.01424
0.014336
0.014144
0.014048
0.014336
0.013984
0.014336
0.014336
0.014144
0.014016
0.013312
0.014336
0.014336
0.014112
0.013312
0.013312
0.0152
0.014368
0.014336
0.014016
0.014304
0.014112
0.013312
0.013344
0.013312
0.013344
0.014368
0.014208
0.014272
0.013312
0.013344
0.014336
0.01408
0.013312
0.014336
0.014176
0.014176
0.014336
0.013312
0.01392
0.013696
0.013312
0.01424
0.01392
0.013344
0.014144
0.014368
0.01328
0.013312
0.014336
0.013312
0.013312
0.013312
0.014336
0.013312
0.014272
0.014336
0.014208
0.014272
0.013344
0.01328
0.013344
0.014144
0.014016
0.01424
0.014208
0.014016
0.014336
0.014304
0.013344
0.014208
0.013344
0.014016
0.01328
0.014336
0.013312
0.013312
0.01328
0.014336
0.013344
0.014048
0.01408
0.01424
0.01424
0.014016
0.013344
0.014304
0.014304
0.014336
0.014336
0.013984
0.014016
0.01328
0.014336
0.01424
0.014336
0.014336
0.014368
0.014336
0.014208
0.014304
0.013632
0.014336
0.014144
0.013472
0.014048
0.014368
0.014336
0.014144
0.013344
0.013312
0.014112
0.013312
0.014304
0.014336
0.014208
0.014144
0.014144
0.013312
0.014304
0.014176
0.014336
0.013344
0.01392
0.013312
0.014176
0.013312
0.014016
0.014208
0.01424
0.013312
0.013312
0.014304
0.014176
0.01328
0.014112
0.01328
0.014304
0.014304
0.013984
0.013312
0.01408
0.014176
0.014304
0.013312
0.014176
0.014368
0.014112
0.013312
0.014336
0.01328
0.014336
0.013696
0.013312
0.014208
0.01328
0.013344
0.014336
0.01408
0.013312
0.013984
0.014336
0.013312
0.014272
0.013312
0.014336
0.014176
0.013312
0.01328
0.014336
0.013952
0.01424
0.014208
0.013312
0.01424
0.014336
0.013344
0.013312
0.014336
0.014336
0.013984
0.013312
0.014112
0.013984
0.013312
0.0136
0.013312
0.014336
0.013312
0.014368
0.013312
0.013312
0.01328
0.01328
0.013312
0.013312
0.013312
0.014336
0.014272
0.01424
0.013952
0.013312
0.022208
0.014208
0.013344
0.01424
0.014176
0.014048
0.01328
0.0136
0.014272
0.013312
0.015008
0.014304
0.013312
0.013312
0.013312
0.014176
0.013312
0.014336
0.013312
0.014016
0.01328
0.014368
0.014144
0.013312
0.013312
0.01328
0.013312
0.013952
0.013312
0.013216
0.01328
0.014144
0.013312
0.014304
0.013312
0.022496
0.013344
0.014304
0.014368
0.014304
0.01328
0.014336
0.014336
0.013344
0.013312
0.014112
0.013312
0.013984
0.014016
0.013344
0.01312
0.013312
0.014144
0.01408
0.013312
0.014336
0.01424
0.01328
0.013312
0.014048
0.014336
0.014336
0.013312
0.013312
0.013344
0.014272
0.013312
0.014272
0.014304
0.01328
0.01328
0.014176
0.01328
0.01328
0.013312
0.01328
0.014016
0.013664
0.013312
0.01424
0.013312
0.014144
0.014144
0.013344
0.014304
0.013312
0.014368
0.013312
0.014336
0.014048
0.013952
0.013312
0.014368
0.014304
0.014304
0.013344
0.013312
0.01328
0.013312
0.014208
0.014016
0.014048
0.014368
0.014304
0.014272
0.013312
0.014208
0.014304
0.013984
0.013984
0.014208
0.013312
0.013312
0.013312
0.01408
0.013312
0.01328
0.014304
0.013312
0.01424
0.013344
0.013312
0.013344
0.013312
0.0136
0.013312
0.013312
0.013312
0.014336
0.014048
0.014304
0.01424
0.013952
0.014336
0.013312
0.013312
0.014112
0.013312
0.013312
0.013312
0.013344
0.014304
0.013344
0.014016
0.013984
0.013312
0.014336
0.014208
0.01328
0.014272
0.014176
0.013984
0.01328
0.01408
0.013344
0.01536
0.013984
0.014144
0.01328
0.014304
0.013312
0.014176
0.01328
0.014144
0.014336
0.013312
0.013312
0.014144
0.01408
0.013952
0.014016
0.013312
0.014272
0.014048
0.014304
0.01328
0.01408
0.013312
0.01328
0.013312
0.014016
0.014336
0.01408
0.013344
0.014272
0.014272
0.014336
0.014272
0.013312
0.01408
0.01328
0.014176
0.013312
0.013984
0.014144
0.014144
0.014336
0.013312
0.013312
0.014048
0.014048
0.01328
0.013312
0.013312
0.013984
0.014304
0.013312
0.013312
0.01328
0.014304
0.014336
0.013312
0.013312
0.014016
0.01328
0.014112
0.014048
0.01328
0.01424
0.014272
0.013344
0.014336
0.013312
0.014208
0.013952
0.01328
0.014048
0.013952
0.013312
0.014048
0.013952
0.013312
0.013344
0.01408
0.014208
0.013312
0.013312
0.01328
0.013952
0.013952
0.013344
0.014336
0.01328
0.013312
0.013312
0.013312
0.01424
0.01328
0.01328
0.013312
0.014208
0.01328
0.014336
0.013312
0.01328
0.01424
0.014144
0.013312
0.014336
0.01328
0.013312
0.013248
0.014272
0.013312
0.013344
0.014272
0.013344
0.013312
0.013312
0.014336
0.013312
0.014016
0.014304
0.013312
0.014336
0.014144
0.01328
0.013312
0.013344
0.013344
0.013344
0.01408
0.013312
0.013312
0.01328
0.013344
0.013312
0.014112
0.01408
0.01328
0.013344
0.014304
0.01408
0.014336
0.013312
0.014112
0.014048
0.013984
0.013984
0.014336
0.013312
0.01424
0.013312
0.014336
0.013312
0.013312
0.013312
0.013952
0.013312
0.013952
0.014144
0.013312
0.01328
0.014336
0.013344
0.014304
0.014272
0.013344
0.013344
0.01328
0.013312
0.013312
0.013952
0.013312
0.014304
0.013312
0.013312
0.013312
0.014208
0.013952
0.014272
0.014304
0.013216
0.013984
0.014336
0.01328
0.014112
0.01328
0.013312
0.013312
0.013312
0.01408
0.014016
0.013312
0.013344
0.014112
0.01328
0.013952
0.014208
0.014112
0.01392
0.014208
0.013312
0.014208
0.01424
0.013312
0.014176
0.014208
0.014048
0.013312
0.013312
0.013952
0.013312
0.014048
0.014336
0.013312
0.013312
0.013344
0.013312
0.014144
0.014336
0.013344
0.014336
0.014336
0.013344
0.014336
0.014336
0.014272
0.014272
0.013312
0.013312
0.013312
0.013312
0.014144
0.013344
0.013952
0.013312
0.013472
0.014272
0.014304
0.013312
0.01408
0.013312
0.013312
0.01328
0.013344
0.014336
0.013312
0.013312
0.014336
0.014272
0.014304
0.013344
0.014336
0.013312
0.013344
0.014336
0.01328
0.013952
0.014336
0.014336
0.013312
0.013952
0.014336
0.014272
0.0224
0.014304
0.013312
0.013312
0.014016
0.014336
0.013312
0.014112
0.013312
0.014336
0.014304
0.01408
0.013952
0.014048
0.013952
0.01424
0.013312
0.01424
0.013312
0.01408
0.013312
0.013952
0.014208
0.01328
0.013184
0.013312
0.014048
0.013312
0.013344
0.013344
0.013312
0.013312
0.014304
0.014112
0.01392
0.013312
0.01328
0.01328
0.01328
0.013312
0.014336
0.014304
0.013312
0.013312
0.014336
0.013344
0.013312
0.013312
0.014048
0.013344
0.014176
0.014304
0.01328
0.013504
0.013312
0.014016
0.014144
0.014176
0.014144
0.014272
0.014048
0.013312
0.014048
0.014336
0.013344
0.013952
0.014208
0.013312
0.01392
0.01424
0.014144
0.01392
0.014336
0.014272
0.014336
0.014112
0.014048
0.014016
0.013344
0.014208
0.013312
0.01328
0.013248
0.013568
0.014336
0.014144
0.014336
0.013312
0.014112
0.014336
0.014368
0.014208
0.013312
0.01424
0.013312
0.014336
0.014304
0.013312
0.01424
0.013312
0.013312
0.014272
0.013344
0.01328
0.019456
0.013312
0.014336
0.014016
0.013312
0.013344
0.01408
0.013312
0.013952
0.013312
0.014112
0.014336
0.01328
0.014144
0.013312
0.013344
0.014336
0.013312
0.014048
0.013312
0.014112
0.014304
0.014304
0.014112
0.01328
0.013216
0.013984
0.013952
0.01328
0.014144
0.013312
0.013344
0.01328
0.01328
0.013312
0.013312
0.014336
0.013312
0.01328
0.014336
0.013952
0.01328
0.01424
0.013344
0.014272
0.01328
0.01328
0.013952
0.013344
0.01328
0.01408
0.013312
0.013984
0.013536
0.01424
0.013568
0.014336
0.022528
0.013344
0.01408
0.013344
0.013312
0.01328
0.013312
0.013312
0.013312
0.013312
0.01424
0.014368
0.014272
0.014112
0.013312
0.014272
0.013344
0.013344
0.014336
0.014112
0.013312
0.014272
0.01392
0.013952
0.013312
0.014048
0.01408
0.013312
0.013312
0.014304
0.013312
0.01408
0.013312
0.013312
0.01408
0.014048
0.013312
0.01424
0.013312
0.014176
0.013312
0.013312
0.013984
0.013632
0.014176
0.013312
0.013312
0.014016
0.014176
0.013344
0.01328
0.01408
0.014336
0.013312
0.013312
0.014272
0.014368
0.013408
0.014304
0.013952
0.01328
0.013984
0.01424
0.0136
0.013952
0.014272
0.014336
0.014272
0.014304
0.014144
0.013312
0.014016
0.013984
0.013984
0.014208
0.014272
0.014368
0.014304
0.013312
0.013312
0.013312
0.014368
0.014048
0.013952
0.013344
0.014336
0.013344
0.014272
0.013344
0.013984
0.013312
0.014048
0.01328
0.013248
0.013312
0.014336
0.013952
0.013312
0.016384
0.013312
0.014016
0.013312
0.013312
0.014112
0.014336
0.014112
0.014304
0.013696
0.016416
0.014304
0.013312
0.013312
0.014176
0.01328
0.014208
0.013312
0.013312
0.014336
0.014208
0.01328
0.014208
0.01408
0.01328
0.013984
0.014368
0.014336
0.014336
0.013952
0.013312
0.013312
0.013344
0.013184
0.013344
0.013312
0.01408
0.014048
0.013312
0.014336
0.013312
0.013344
0.013312
0.013344
0.014272
0.013312
0.013312
0.014016
0.014336
0.014336
0.014048
0.01328
0.013344
0.013344
0.01328
0.013312
0.014016
0.012992
0.013312
0.01392
0.013312
0.013344
0.014304
0.013472
0.01328
0.013312
0.014336
0.013344
0.014336
0.013312
0.01328
0.01328
0.013344
0.01392
0.014304
0.01408
0.013344
0.014336
0.014208
0.013312
0.014144
0.01344
0.013984
0.014112
0.014208
0.013504
0.014368
0.013312
0.013312
0.013312
0.01328
0.014016
0.014304
0.01408
0.014304
0.01408
0.013024
0.013344
0.013344
0.013312
0.01408
0.013312
0.012288
0.013312
0.013312
0.013248
0.013344
0.014336
0.013312
0.013344
0.013952
0.01328
0.014112
0.01408
0.014208
0.013312
0.013312
0.01328
0.013952
0.013312
0.012032
0.01328
0.013952
0.014272
0.01424
0.014208
0.014048
0.014336
0.014336
0.014368
0.013312
0.014208
0.013312
0.013312
0.013344
0.013344
0.013312
0.014304
0.013344
0.014016
0.013312
0.014336
0.013312
0.013312
0.014272
0.014112
0.01408
0.01424
0.01328
0.01328
0.013312
0.01328
0.014144
0.013312
0.014272
0.013312
0.014368
0.014336
0.013344
0.01408
0.014176
0.013312
0.013312
0.014208
0.014208
0.013984
0.013312
0.014336
0.014336
0.013312
0.013312
0.014304
0.013312
0.013248
0.013344
0.014112
0.013312
0.013664
0.014336
0.013952
0.014176
0.014272
0.013952
0.014336
0.013312
0.013344
0.014368
0.013344
0.014144
0.01328
0.014336
0.013312
0.013312
0.014336
0.013312
0.013184
0.013344
0.01328
0.014176
0.014336
0.01328
0.014336
0.013312
0.014048
0.013984
0.013312
0.013952
0.013312
0.014272
0.014112
0.013312
0.013312
0.01328
0.01328
0.011904
0.013696
0.01424
0.013952
0.01408
0.013312
0.013312
0.014176
0.01328
0.017408
0.013312
0.013344
0.014304
0.014336
0.014336
0.013312
0.014112
0.014112
0.013984
0.014272
0.014336
0.014304
0.014176
0.013312
0.013312
0.01328
0.013312
0.013664
0.013312
0.014112
0.013312
0.013312
0.013312
0.014016
0.01424
0.013344
0.013312
0.012288
0.013216
0.014048
0.013312
0.013952
0.013312
0.013312
0.014176
0.013344
0.013344
0.013312
0.013312
0.014336
0.014016
0.013312
0.014304
0.013312
0.013312
0.013984
0.013984
0.014016
0.013312
0.013344
0.013312
0.014368
0.014176
0.013312
0.013312
0.013312
0.01424
0.014144
0.022528
0.014176
0.013312
0.013312
0.013312
0.013312
0.013312
0.014304
0.014304
0.013312
0.013984
0.013312
0.013344
0.014336
0.014336
0.014304
0.013312
0.013312
0.014336
0.014272
0.013472
0.013472
0.013312
0.013312
0.013312
0.014144
0.013344
0.014112
0.014368
0.014304
0.014112
0.013344
0.013568
0.013344
0.014112
0.013312
0.013344
0.014176
0.014336
0.013312
0.013248
0.014208
0.013408
0.013344
0.01408
0.013344
0.017408
0.013312
0.013312
0.01328
0.013344
0.013344
0.014336
0.013312
0.013344
0.014336
0.018432
0.014336
0.013312
0.013344
0.013344
0.014336
0.013344
0.01328
0.013344
0.013312
0.01408
0.014336
0.014336
0.014048
0.014304
0.013952
0.014336
0.013984
0.014336
0.013952
0.014016
0.013344
0.014272
0.013312
0.013312
0.014208
0.01328
0.013312
0.013344
0.013344
0.013312
0.013312
0.013312
0.014272
0.013312
0.014336
0.013984
0.013312
0.014016
0.014272
0.014144
0.014304
0.014304
0.01328
0.013344
0.01424
0.014112
0.014112
0.014336
0.013344
0.013312
0.014336
0.01408
0.013312
0.014016
0.013504
0.013312
0.014112
0.01328
0.013312
0.013312
0.013312
0.014304
0.013312
0.013312
0.014304
0.014016
0.014336
0.014016
0.013344
0.014144
0.013312
0.01328
0.013312
0.013312
0.013344
0.014272
0.014048
0.01424
0.013312
0.013344
0.014048
0.013312
0.013312
0.013344
0.014176
0.01328
0.014304
0.013312
0.014208
0.013984
0.013312
0.013312
0.013984
0.013312
0.013312
0.013344
0.014368
0.013344
0.013312
0.014016
0.01328
0.01328
0.014336
0.013312
0.01328
0.014112
0.014336
0.014336
0.013312
0.013312
0.014368
0.014272
0.01328
0.014336
0.014144
0.013984
0.013312
0.013312
0.013312
0.01424
0.01296
0.01328
0.013472
0.01328
0.013312
0.013312
0.013344
0.01424
0.013312
0.013312
0.013312
0.014016
0.013312
0.01424
0.013312
0.013312
0.013312
0.01328
0.01408
0.013344
0.014304
0.014368
0.01424
0.013344
0.013312
0.014016
0.014048
0.013312
0.01424
0.013344
0.013984
0.013344
0.013984
0.013312
0.014144
0.014304
0.014048
0.013312
0.014144
0.013504
0.013312
0.013312
0.01328
0.01328
0.014016
0.022464
0.014336
0.013984
0.014304
0.01408
0.014016
0.01328
0.01424
0.014176
0.013312
0.013984
0.013312
0.013312
0.013344
0.014112
0.013344
0.014336
0.01424
0.01328
0.013312
0.014336
0.01408
0.01328
0.013312
0.014112
0.014144
0.013312
0.013984
0.01328
0.014144
0.013312
0.014208
0.013952
0.01328
0.01328
0.01328
0.013504
0.013984
0.01408
0.013312
0.013312
0.013312
0.01328
0.01328
0.01328
0.01424
0.013312
0.013312
0.013344
0.01328
0.014304
0.013312
0.013984
0.01328
0.013312
0.01424
0.01328
0.01408
0.013216
0.013344
0.014304
0.014304
0.014048
0.013312
0.013312
0.013312
0.014336
0.013312
0.012256
0.01328
0.014176
0.01328
0.013344
0.013344
0.013312
0.014016
0.014144
0.013312
0.013312
0.013344
0.014336
0.013312
0.013568
0.014048
0.013312
0.01408
0.01328
0.013344
0.01424
0.013312
0.01328
0.014208
0.013248
0.013344
0.014176
0.013312
0.013312
0.014272
0.012288
0.013312
0.013344
0.013312
0.015072
0.014016
0.013984
0.013984
0.013312
0.01424
0.01328
0.013312
0.014336
0.01424
0.014112
0.012928
0.014144
0.014208
0.014336
0.014336
0.013312
0.013312
0.014016
0.014304
0.013312
0.01328
0.013344
0.013312
0.013312
0.013344
0.01328
0.014176
0.013312
0.014048
0.013344
0.014304
0.012256
0.013312
0.014304
0.013312
0.014336
0.014016
0.013312
0.013312
0.014336
0.013344
0.014048
0.014048
0.013312
0.01328
0.014016
0.014112
0.013312
0.014336
0.013312
0.013344
0.013312
0.013312
0.01408
0.014208
0.013344
0.013312
0.013312
0.013312
0.019488
0.013312
0.014304
0.013216
0.01328
0.014048
0.013312
0.013952
0.013312
0.011936
0.01392
0.013952
0.01328
0.013344
0.01424
0.01328
0.013312
0.01328
0.013312
0.014336
0.013312
0.013312
0.014336
0.01328
0.014176
0.01328
0.013312
0.012288
0.014144
0.013312
0.013344
0.01408
0.013696
0.013312
0.013312
0.013312
0.013984
0.013312
0.013312
0.014208
0.014304
0.014016
0.014336
0.013344
0.014272
0.014112
0.013344
0.013312
0.011296
0.01328
0.013312
0.013312
0.013344
0.014336
0.013312
0.014176
0.01328
0.013344
0.013312
0.01408
0.01408
0.014208
0.014208
0.013312
0.014048
0.01408
0.014016
0.014336
0.014304
0.014112
0.012544
0.013312
0.0136
0.013312
0.013312
0.014304
0.013344
0.013984
0.01424
0.013312
0.014048
0.013984
0.014336
0.014176
0.014368
0.013312
0.01328
0.014272
0.014336
0.01328
0.01328
0.013312
0.01328
0.013312
0.01328
0.014336
0.014112
0.014272
0.013312
0.014144
0.01328
0.013312
0.014368
0.013312
0.014176
0.013312
0.014336
0.013312
0.013952
0.013312
0.013312
0.014144
0.014144
0.013344
0.014272
0.013344
0.013952
0.01424
0.014176
0.013312
0.014176
0.014336
0.01328
0.014112
0.013312
0.013312
0.014016
0.013312
0.01424
0.01424
0.013312
0.013056
0.01424
0.014208
0.01408
0.014304
0.01408
0.013952
0.013312
0.013312
0.01328
0.01328
0.013984
0.014336
0.013344
0.013312
0.013312
0.013312
0.013312
0.023584
0.014272
0.013312
0.01408
0.013888
0.01328
0.013312
0.014336
0.014336
0.013312
0.013344
0.01424
0.014336
0.012992
0.013312
0.013312
0.014272
0.013312
0.013312
0.014336
0.012288
0.014144
0.013344
0.013312
0.013312
0.013952
0.013312
0.013312
0.01328
0.013344
0.013312
0.014112
0.014048
0.0136
0.01408
0.014304
0.013952
0.014336
0.014272
0.013312
0.013312
0.014176
0.013312
0.013344
0.019488
0.013312
0.013312
0.01408
0.013312
0.014016
0.013344
0.013312
0.014304
0.014208
0.014208
0.01328
0.01328
0.01424
0.014272
0.01328
0.014144
0.01328
0.013184
0.014272
0.013344
0.013312
0.014048
0.013312
0.013312
0.014048
0.014336
0.014112
0.013312
0.013312
0.014048
0.013312
0.01424
0.014272
0.013472
0.013312
0.013312
0.012288
0.013312
0.013312
0.013344
0.01424
0.013344
0.013344
0.013984
0.02256
0.013312
0.01328
0.014208
0.014336
0.014336
0.012256
0.013312
0.01328
0.014176
0.014368
0.013312
0.013984
0.014016
0.013312
0.013344
0.014176
0.013312
0.013952
0.013952
0.013312
0.01424
0.013312
0.014176
0.013312
0.013312
0.01408
0.013312
0.013952
0.014336
0.013312
0.01424
0.013312
0.013312
0.013312
0.01392
0.013344
0.013312
0.014368
0.014304
0.014048
0.013344
0.013312
0.01424
0.013472
0.013312
0.013312
0.013184
0.01392
0.01424
0.012288
0.014176
0.014272
0.013312
0.013312
0.014144
0.013312
0.014368
0.013312
0.013312
0.013312
0.014144
0.013312
0.014208
0.013344
0.014336
0.01392
0.014336
0.013248
0.01328
0.013344
0.014272
0.014304
0.013312
0.014208
0.013344
0.014208
0.014176
0.013312
0.014112
0.014272
0.013312
0.013344
0.013984
0.014112
0.014112
0.013312
0.014272
0.013312
0.013312
0.013312
0.01328
0.013312
0.013344
0.014112
0.013312
0.014112
0.014176
0.014272
0.014336
0.013952
0.014304
0.013696
0.013312
0.013216
0.013344
0.013312
0.013312
0.014048
0.014304
0.013312
0.01328
0.013312
0.01328
0.013312
0.014144
0.013376
0.013312
0.01328
0.013312
0.01328
0.012512
0.013312
0.013344
0.013312
0.01296
0.013984
0.013984
0.013312
0.01328
0.013312
0.013312
0.013152
0.013312
0.013344
0.019424
0.01328
0.013312
0.012288
0.013312
0.012256
0.013312
0.013344
0.01328
0.013312
0.013312
0.013312
0.014016
0.01296
0.012288
0.013248
0.013248
0.01328
0.014144
0.013952
0.013344
0.013312
0.013312
0.01312
0.01408
0.013344
0.013312
0.019328
0.01328
0.013184
0.01296
0.013312
0.012288
0.013312
0.013312
0.014016
0.013248
0.013152
0.013312
0.013088
0.013312
0.013248
0.013312
0.012928
0.013344
0.012256
0.01328
0.013184
0.013312
0.01328
0.01328
0.013216
0.01328
0.014112
0.013312
0.013312
0.013312
0.013312
0.01328
0.013312
0.013312
0.013312
0.014016
0.013312
0.014208
0.013312
0.013344
0.013088
0.013216
0.013312
0.01328
0.013312
0.012064
0.013312
0.013216
0.013312
0.012288
0.013312
0.012288
0.012928
0.014048
0.013312
0.01328
0.013344
0.012288
0.013312
0.013312
0.012256
0.01328
0.013312
0.013344
0.013248
0.013184
0.012896
0.01408
0.01312
0.013216
0.013088
0.013344
0.013344
0.013984
0.013312
0.024544
0.013216
0.013312
0.01392
0.012288
0.013056
0.01312
0.012256
0.013344
0.013184
0.012224
0.013312
0.01328
0.012288
0.013312
0.013312
0.013184
0.012256
0.013952
0.01312
0.013312
0.012288
0.01328
0.013344
0.013312
0.012256
0.013344
0.014112
0.013248
0.013984
0.01328
0.013216
0.013344
0.013024
0.01328
0.013312
0.013312
0.013312
0.013312
0.014272
0.01296
0.013312
0.013312
0.01296
0.013312
0.013312
0.012288
0.013312
0.013344
0.014016
0.01296
0.013248
0.01328
0.013088
0.013248
0.013312
0.012288
0.013312
0.01232
0.013184
0.013344
0.013312
0.01328
0.01328
0.01328
0.013312
0.013344
0.013088
0.013344
0.013152
0.013312
0.013312
0.01296
0.013184
0.013408
0.01232
0.01328
0.013088
0.01328
0.014016
0.014144
0.012256
0.013312
0.01328
0.013312
0.013312
0.013312
0.012288
0.013248
0.01408
0.013312
0.013216
0.012288
0.013344
0.013344
0.01328
0.013312
0.013312
0.013344
0.013312
0.01328
0.013952
0.014048
0.013344
0.013056
0.013152
0.014176
0.013344
0.013312
0.013312
0.013312
0.013056
0.013312
0.013312
0.01328
0.012288
0.012992
0.01424
0.013344
0.01328
0.013312
0.013248
0.01328
0.01296
0.013216
0.013312
0.013312
0.013312
0.01296
0.013312
0.012928
0.013056
0.012992
0.013952
0.013344
0.013312
0.013344
0.013056
0.01392
0.01232
0.013312
0.013216
0.01328
0.01296
0.012288
0.013984
0.013312
0.012288
0.012288
0.01312
0.012288
0.013312
0.013312
0.013312
0.013248
0.013312
0.01312
0.013312
0.01248
0.013056
0.013984
0.013312
0.013248
0.013312
0.013216
0.013312
0.013312
0.013312
0.01216
0.013088
0.014112
0.012032
0.013088
0.01408
0.013312
0.01328
0.019136
0.013312
0.013312
0.01328
0.013344
0.013312
0.01328
0.014048
0.013344
0.01328
0.012256
0.013216
0.013312
0.012256
0.01328
0.013312
0.012256
0.013184
0.013152
0.014112
0.013312
0.013312
0.012288
0.013344
0.013312
0.013312
0.013312
0.013248
0.01424
0.013312
0.013312
0.013088
0.01328
0.013344
0.01328
0.013024
0.012288
0.01232
0.012288
0.013312
0.013312
0.013312
0.013184
0.014048
0.013312
0.014048
0.013312
0.01408
0.01328
0.01328
0.013312
0.014112
0.013312
0.01328
0.01328
0.013312
0.013344
0.01328
0.014176
0.01328
0.011296
0.013024
0.01328
0.013312
0.013312
0.01328
0.013312
0.013248
0.013312
0.013024
0.013088
0.013248
0.013312
0.013312
0.013216
0.013312
0.013312
0.012288
0.01328
0.014048
0.013312
0.013056
0.013312
0.01328
0.013216
0.013312
0.013312
0.013312
0.013312
0.013312
0.012224
0.01328
0.013312
0.013312
0.014272
0.012256
0.01328
0.012288
0.01424
0.013344
0.013312
0.013312
0.013152
0.013312
0.013024
0.013984
0.01312
0.01328
0.01328
0.013344
0.013312
0.013312
0.011264
0.013312
0.01328
0.013312
0.013312
0.013312
0.013344
0.01232
0.013216
0.01328
0.0136
0.012288
0.01312
0.01296
0.013312
0.013312
0.01328
0.01328
0.013152
0.014048
0.013248
0.013312
0.01328
0.01328
0.013312
0.013248
0.01232
0.013312
0.013344
0.013312
0.012288
0.013024
0.014048
0.013312
0.013312
0.013312
0.013344
0.013312
0.01296
0.013312
0.013344
0.013344
0.013312
0.01328
0.012256
0.012288
0.013312
0.013184
0.013312
0.01232
0.013312
0.013312
0.01328
0.012992
0.013312
0.013312
0.013344
0.013248
0.01328
0.01328
0.013312
0.012256
0.013312
0.013312
0.013312
0.013984
0.013312
0.013536
0.013312
0.013312
0.01312
0.013312
0.012288
0.014112
0.01328
0.013088
0.012288
0.013152
0.01328
0.013312
0.014016
0.012
0.013312
0.01296
0.011264
0.012256
0.013312
0.01232
0.013312
0.01328
0.013152
0.012288
0.01296
0.013312
0.013952
0.013312
0.01328
0.013312
0.013344
0.01328
0.012288
0.013344
0.013312
0.013536
0.013472
0.021536
0.013312
0.013248
0.011936
0.011264
0.013312
0.013184
0.013312
0.01328
0.013312
0.01408
0.014272
0.013312
0.020256
0.013312
0.013472
0.013056
0.01408
0.013312
0.012928
0.013184
0.013184
0.012896
0.013312
0.013312
0.013312
0.012928
0.013344
0.013056
0.013312
0.012448
0.013312
0.013984
0.013184
0.013312
0.013312
0.01296
0.013952
0.013312
0.013312
0.01328
0.013152
0.013312
0.013184
0.012032
0.013312
0.013312
0.01328
0.013088
0.012288
0.013312
0.01328
0.013152
0.013312
0.013216
0.012288
0.013184
0.013024
0.014016
0.013152
0.013344
0.013344
0.013216
0.013344
0.013344
0.01328
0.013344
0.012672
0.013984
0.012288
0.011968
0.013312
0.013312
0.013184
0.013248
0.013216
0.013344
0.013344
0.013952
0.013344
0.013344
0.01328
0.013152
0.014144
0.01328
0.013312
0.013312
0.01232
0.013952
0.01328
0.013152
0.013312
0.014016
0.013376
0.012256
0.013952
0.013312
0.01328
0.01328
0.01328
0.012256
0.012224
0.013312
0.013344
0.013312
0.013312
0.013312
0.013344
0.01232
0.01296
0.012288
0.013312
0.012288
0.013952
0.012288
0.013312
0.01312
0.01328
0.012928
0.013312
0.014144
0.013344
0.012416
0.01312
0.012
0.013312
0.013312
0.013312
0.012288
0.013312
0.01312
0.013088
0.012288
0.013312
0.013312
0.013952
0.012896
0.013312
0.012288
0.013312
0.014112
0.013312
0.013024
0.012288
0.01312
0.013312
0.01296
0.013312
0.013088
0.011296
0.013248
0.013312
0.013088
0.013312
0.013152
0.013344
0.013312
0.013312
0.013344
0.012
0.013344
0.014208
0.013312
0.012256
0.01328
0.013376
0.013216
0.013152
0.013312
0.013312
0.013312
0.01424
0.011264
0.013152
0.013312
0.013312
0.013952
0.013312
0.018432
0.01328
0.013312
0.013312
0.013312
0.013312
0.012256
0.013312
0.013312
0.013248
0.013056
0.013056
0.013312
0.013312
0.013312
0.013344
0.013312
0.012288
0.013312
0.013312
0.012288
0.013312
0.013312
0.013088
0.013248
0.013312
0.01296
0.012288
0.012288
0.012288
0.013312
0.013312
0.013312
0.013344
0.011904
0.013312
0.013312
0.013312
0.01232
0.013344
0.01232
0.01328
0.013312
0.013984
0.013024
0.01328
0.013088
0.013088
0.013248
0.011264
0.013184
0.013024
0.013952
0.013312
0.01328
0.013056
0.012
0.0136
0.013184
0.01328
0.013216
0.01312
0.013312
0.01424
0.013056
0.01312
0.014016
0.013344
0.013312
0.012288
0.014208
0.013216
0.01328
0.013344
0.013312
0.020224
0.013312
0.01328
0.013312
0.013248
0.013312
0.013312
0.012288
0.013312
0.012256
0.013312
0.013312
0.013216
0.01728
0.013312
0.01328
0.014176
0.011264
0.013312
0.012288
0.013952
0.01216
0.013312
0.013312
0.013344
0.013312
0.013312
0.013312
0.012256
0.012288
0.013312
0.013312
0.013216
0.013312
0.013984
0.013536
0.013056
0.012288
0.013312
0.013184
0.013312
0.01424
0.013056
0.013312
0.012096
0.013184
0.013088
0.012992
0.013312
0.011936
0.013312
0.013312
0.013312
0.012608
0.013152
0.013024
0.012288
0.01312
0.013312
0.012928
0.013312
0.012256
0.013312
0.012288
0.012256
0.013152
0.013088
0.013312
0.013312
0.01392
0.013312
0.013312
0.013312
0.01328
0.013312
0.01328
0.01328
0.013088
0.013088
0.013312
0.012064
0.01232
0.013344
0.013152
0.013312
0.012288
0.013024
0.013312
0.01408
0.012992
0.013312
0.012288
0.013056
0.013312
0.01328
0.01232
0.012992
0.013312
0.013312
0.013312
0.013344
0.013152
0.01232
0.013344
0.013312
0.01328
0.012192
0.012288
0.012288
0.01328
0.01232
0.013312
0.013248
0.013344
0.013312
0.01232
0.01312
0.012288
0.012256
0.013312
0.01312
0.013056
0.013312
0.012224
0.013344
0.012928
0.013024
0.013312
0.014144
0.01328
0.01328
0.014016
0.013056
0.013056
0.013312
0.012256
0.01328
0.013312
0.013312
0.013952
0.01232
0.012992
0.013248
0.013344
0.012256
0.013984
0.013312
0.013248
0.013312
0.013312
0.013408
0.012256
0.013312
0.013312
0.013216
0.013312
0.013312
0.013312
0.013312
0.012288
0.013984
0.01216
0.012992
0.013056
0.013312
0.013216
0.013312
0.013952
0.01216
0.01232
0.013312
0.012224
0.013312
0.014048
0.013312
0.018432
0.01328
0.01328
0.013312
0.014048
0.013312
0.013312
0.012256
0.014016
0.012256
0.013216
0.013312
0.012864
0.013312
0.013312
0.013344
0.014144
0.01328
0.013024
0.013344
0.01328
0.013152
0.01328
0.013088
0.013312
0.01312
0.013152
0.013312
0.013312
0.013152
0.013312
0.01408
0.01232
0.01328
0.011904
0.013312
0.013344
0.01328
0.01328
0.012288
0.011904
0.013312
0.01216
0.013312
0.013184
0.013088
0.013312
0.01328
0.012992
0.013312
0.01296
0.014336
0.013184
0.013312
0.013024
0.012928
0.012928
0.013056
0.013248
0.013312
0.014304
0.020256
0.012288
0.013088
0.014208
0.013312
0.013312
0.01232
0.01312
0.013504
0.013312
0.013184
0.013312
0.013312
0.013312
0.01328
0.013312
0.012256
0.013312
0.013312
0.013312
0.01328
0.012928
0.013216
0.013152
0.01232
0.012256
0.012992
0.013344
0.013312
0.012288
0.013088
0.013088
0.011904
0.01328
0.013344
0.013248
0.01312
0.012288
0.013312
0.013312
0.01312
0.01408
0.013312
0.013024
0.013952
0.012288
0.013312
0.013312
0.01312
0.012288
0.013344
0.013312
0.013504
0.013312
0.013312
0.012288
0.013312
0.013344
0.012928
0.013248
0.013312
0.013088
0.01392
0.013312
0.013344
0.013152
0.011264
0.01312
0.012288
0.012224
0.01312
0.013184
0.01232
0.012064
0.013344
0.012288
0.011264
0.013312
0.013248
0.013312
0.012256
0.011968
0.013216
0.011296
0.012288
0.013312
0.012
0.011232
0.013312
0.01328
0.013152
0.012288
0.013312
0.012288
0.013312
0.012288
0.013984
0.012032
0.012288
0.013312
0.014304
0.013344
0.01168
0.01216
0.013312
0.013312
0.01328
0.013984
0.012256
0.011264
0.013152
0.01328
0.013056
0.013216
0.013344
0.013152
0.013312
0.012288
0.011264
0.012256
0.013312
0.01168
0.013248
0.011296
0.013344
0.013312
0.013344
0.013056
0.012992
0.013312
0.011264
0.01328
0.013312
0.013312
0.012576
0.013248
0.013216
0.01328
0.013312
0.011232
0.014048
0.01328
0.012256
0.013312
0.013312
0.012288
0.01328
0.01328
0.013952
0.013248
0.013312
0.013312
0.013952
0.012992
0.013152
0.012256
0.013312
0.013312
0.01328
0.013312
0.012288
0.013344
0.013312
0.01232
0.013088
0.012512
0.011968
0.013984
0.01424
0.014144
0.013056
0.012896
0.012288
0.012096
0.011264
0.013312
0.013312
0.011264
0.013984
0.01232
0.013056
0.012224
0.012288
0.01136
0.013344
0.013312
0.011264
0.013312
0.01328
0.01328
0.012256
0.013312
0.012256
0.013088
0.01232
0.013344
0.01328
0.01328
0.013312
0.012288
0.012256
0.013312
0.014048
0.012288
0.012064
0.011232
0.013312
0.013088
0.013248
0.013216
0.014016
0.013312
0.012288
0.013184
0.019456
0.013152
0.012192
0.01328
0.01328
0.012288
0.013184
0.011264
0.013312
0.013312
0.013344
0.020448
0.013312
0.012288
0.01424
0.01296
0.013312
0.013312
0.013312
0.013312
0.013312
0.01296
0.012288
0.012288
0.013312
0.01232
0.013184
0.013184
0.01328
0.011072
0.011296
0.012032
0.013312
0.013952
0.013248
0.013312
0.013312
0.013312
0.01328
0.01232
0.01328
0.01312
0.011296
0.013248
0.013024
0.012288
0.012288
0.013312
0.01232
0.014048
0.013152
0.01328
0.013344
0.013312
0.013312
0.012288
0.01328
0.013312
0.013344
0.01328
0.012256
0.013184
0.011904
0.013312
0.01328
0.013344
0.013984
0.013312
0.012288
0.01312
0.013312
0.013184
0.013216
0.012288
0.012
0.012288
0.012992
0.012256
0.01328
0.013312
0.013312
0.012256
0.013312
0.013312
0.01312
0.013312
0.013216
0.014016
0.013248
0.013312
0.013184
0.013056
0.013312
0.01328
0.012928
0.01328
0.012
0.01328
0.01232
0.013152
0.013312
0.013312
0.01328
0.013312
0.013344
0.013312
0.01232
0.01328
0.013248
0.013344
0.012288
0.013248
0.01232
0.012256
0.013312
0.013312
0.012288
0.012288
0.013312
0.01328
0.013248
0.013248
0.013312
0.014016
0.01328
0.013312
0.011264
0.013184
0.013312
0.013312
0.013152
0.01328
0.013344
0.013312
0.01232
0.011264
0.011264
0.011264
0.011232
0.013312
0.012288
0.012384
0.012928
0.013376
0.012288
0.013024
0.011264
0.013312
0.013312
0.013152
0.013152
0.013056
0.011296
0.01328
0.014016
0.01328
0.013344
0.012
0.012992
0.012288
0.013312
0.013152
0.013344
0.013312
0.013344
0.012096
0.013056
0.013312
0.01312
0.01408
0.012288
0.012128
0.013344
0.01232
0.01328
0.014112
0.013312
0.013312
0.013504
0.01296
0.014112
0.012928
0.013344
0.012288
0.012032
0.013312
0.011232
0.013344
0.012288
0.013056
0.013984
0.013312
0.012288
0.013312
0.01232
0.013312
0.013088
0.013024
0.013312
0.013312
0.012
0.014016
0.013056
0.011232
0.013344
0.013344
0.011264
0.019168
0.011968
0.01328
0.011264
0.012128
0.01312
0.013056
0.013984
0.013024
0.013376
0.012128
0.013248
0.011296
0.012288
0.01328
0.012256
0.01232
0.013216
0.01328
0.012928
0.011136
0.011104
0.01232
0.013312
0.013312
0.01328
0.01328
0.012288
0.01328
0.012192
0.01232
0.013344
0.01216
0.019456
0.01328
0.013312
0.013952
0.014048
0.01232
0.01328
0.01328
0.012288
0.013312
0.013312
0.011264
0.013952
0.01408
0.01216
0.016416
0.013312
0.013312
0.012192
0.013344
0.01232
0.013248
0.011232
0.013184
0.012256
0.01232
0.01408
0.013312
0.013952
0.01232
0.014048
0.011264
0.012256
0.012128
0.011296
0.013312
0.013216
0.012928
0.011232
0.013184
0.012992
0.013344
0.013504
0.013312
0.012288
0.01296
0.012512
0.013088
0.012288
0.012928
0.012864
0.012256
0.013312
0.013312
0.013312
0.011232
0.012064
0.011904
0.014016
0.013312
0.011296
0.014208
0.013312
0.012192
0.012288
0.012064
0.012992
0.012256
0.013152
0.013312
0.01328
0.013344
0.013184
0.01392
0.013088
0.013312
0.01328
0.013312
0.013088
0.01328
0.012288
0.013152
0.01328
0.013312
0.013312
0.011904
0.011264
0.013312
0.01328
0.01328
0.013344
0.013312
0.013312
0.01232
0.013312
0.013312
0.013312
0.01296
0.01296
0.012288
0.014176
0.014336
0.013088
0.013312
0.013056
0.012992
0.01232
0.013312
0.01328
0.013312
0.014144
0.012288
0.013344
0.013056
0.013312
0.012256
0.013312
0.011264
0.013312
0.013312
0.014048
0.013312
0.013312
0.01328
0.013312
0.013952
0.01328
0.012928
0.013344
0.014112
0.012288
0.013312
0.013312
0.013024
0.014016
0.013216
0.013344
0.013312
0.012
0.01328
0.012288
0.013184
0.013152
0.013344
0.01328
0.013408
0.013056
0.012288
0.012288
0.012032
0.01344
0.013088
0.012288
0.013312
0.01328
0.012288
0.013312
0.012288
0.011264
0.011264
0.012288
0.013312
0.013312
0.011264
0.012192
0.013312
0.013216
0.013216
0.013248
0.013152
0.012992
0.013984
0.013408
0.013312
0.01328
0.013184
0.013312
0.013088
0.012288
0.01328
0.013344
0.012128
0.01232
0.013312
0.012288
0.01328
0.024256
0.013312
0.013312
0.012288
0.014112
0.013312
0.013088
0.013312
0.01232
0.013312
0.013216
0.01216
0.013312
0.019296
0.01296
0.013312
0.012512
0.013344
0.01328
0.01312
0.013312
0.011072
0.012288
0.011264
0.012256
0.01232
0.013248
0.013344
0.012288
0.012288
0.014016
0.013344
0.011264
0.013984
0.01328
0.011264
0.011264
0.012288
0.01328
0.01312
0.013184
0.013312
0.013312
0.01328
0.013344
0.013216
0.013312
0.01328
0.014016
0.013312
0.014048
0.01328
0.012096
0.013312
0.013312
0.013152
0.012192
0.013152
0.012992
0.021184
0.013312
0.012064
0.013312
0.013056
0.013312
0.013248
0.013312
0.012896
0.012992
0.01328
0.01312
0.012992
0.013056
0.013248
0.01232
0.012288
0.011232
0.01328
0.011968
0.01296
0.01328
0.012896
0.012192
0.011264
0.013312
0.014048
0.013344
0.01328
0.01328
0.012992
0.014304
0.013248
0.013344
0.01328
0.01328
0.013312
0.01392
0.013312
0.013312
0.013312
0.012288
0.012256
0.012288
0.013312
0.013312
0.013312
0.01232
0.013312
0.012928
0.013312
0.011232
0.012128
0.011904
0.013312
0.013312
0.013216
0.012288
0.01328
0.01328
0.01216
0.013312
0.013024
0.013312
0.01328
0.013312
0.01264
0.01328
0.013312
0.013312
0.013024
0.013344
0.013312
0.013312
0.012288
0.01232
0.01312
0.013024
0.01296
0.0136
0.012288
0.01328
0.013312
0.013248
0.013344
0.013312
0.01312
0.013056
0.013152
0.013184
0.013248
0.013312
0.01408
0.014144
0.012288
0.01232
0.013312
0.013312
0.012256
0.014144
0.01328
0.01328
0.011264
0.01328
0.013088
0.013312
0.012256
0.013312
0.013312
0.013312
0.01296
0.011296
0.014112
0.01328
0.011616
0.01328
0.01328
0.013312
0.012256
0.012256
0.01424
0.013312
0.011104
0.012256
0.012192
0.013152
0.01296
0.013344
0.013312
0.013024
0.013312
0.013312
0.012288
0.013312
0.013312
0.012928
0.012992
0.013312
0.01216
0.013088
0.01232
0.013344
0.01328
0.013984
0.01232
0.012256
0.01328
0.011264
0.013216
0.01232
0.013216
0.013248
0.012256
0.014016
0.013184
0.013344
0.013344
0.013056
0.01328
0.013216
0.011296
0.01312
0.01328
0.01408
0.013312
0.013312
0.01232
0.013952
0.011264
0.011264
0.012064
0.011104
0.013312
0.012288
0.01328
0.012288
0.01312
0.013152
0.012288
0.012992
0.013312
0.013312
0.01328
0.012256
0.013312
0.013984
0.013312
0.012224
0.013952
0.011232
0.013056
0.013312
0.013088
0.01408
0.013344
0.013312
0.011904
0.013312
0.013056
0.013312
0.01328
0.012992
0.013312
0.01232
0.0112
0.012992
0.01312
0.013952
0.012192
0.013024
0.01232
0.012288
0.013984
0.013312
0.012288
0.014112
0.013312
0.013312
0.012096
0.013312
0.011936
0.01328
0.012992
0.01312
0.01328
0.012384
0.01328
0.013344
0.013024
0.013312
0.013312
0.012928
0.01344
0.012928
0.013312
0.013312
0.013312
0.013248
0.013056
0.013344
0.013312
0.013024
0.01216
0.013312
0.012256
0.012224
0.012256
0.013056
0.01424
0.011296
0.013184
0.013312
0.012928
0.01328
0.01232
0.013984
0.012992
0.013024
0.013312
0.011264
0.012288
0.013312
0.012288
0.013312
0.013504
0.013312
0.012928
0.012288
0.013248
0.013024
0.013312
0.012256
0.012256
0.013056
0.01232
0.01232
0.013344
0.013344
0.013344
0.012288
0.01232
0.011264
0.01232
0.011264
0.012992
0.013344
0.01392
0.013024
0.012288
0.01328
0.012288
0.011872
0.013312
0.013344
0.011968
0.012992
0.013312
0.012288
0.013984
0.012256
0.01296
0.012288
0.014048
0.013312
0.013184
0.011904
0.01232
0.013408
0.01296
0.014112
0.01312
0.013312
0.013952
0.013312
0.012096
0.013312
0.013312
0.013152
0.011296
0.01328
0.013184
0.011264
0.013984
0.013312
0.013312
0.01424
0.013312
0.013152
0.012224
0.013184
0.013312
0.011232
0.01408
0.013312
0.013344
0.013216
0.013312
0.01328
0.013312
0.013312
0.013312
0.014336
0.012256
0.011136
0.01328
0.013312
