2.2927
2.25789
2.2648
2.22922
2.2272
2.22819
2.23011
2.23229
2.22784
2.22717
2.23626
2.22998
2.23536
2.22915
2.22896
2.22614
2.23504
2.23024
2.22922
2.25482
2.22886
2.23222
2.22819
2.23011
2.22822
2.23635
2.24419
2.22925
2.22819
2.23005
2.23002
2.23229
2.23002
2.23027
2.23722
2.23946
2.22896
2.22819
2.23827
2.22784
2.22893
2.23328
2.22995
2.22922
2.23027
2.23507
2.22902
2.22893
2.23638
2.22883
2.22899
2.22822
2.22899
2.22784
2.23402
2.23027
2.22822
2.23827
2.22918
2.26096
2.23101
2.25587
2.23818
2.22922
2.22922
2.23638
2.23024
0.572608
0.57136
0.57136
0.573408
0.57344
0.581632
0.573408
0.577248
0.572416
0.572384
0.573408
0.572384
0.571296
0.57312
0.572384
0.572384
0.572256
0.573408
0.572384
0.573408
0.57344
0.57344
0.572192
0.572
0.577504
0.574304
0.572416
0.572384
0.572224
0.583616
0.572384
0.580256
0.572384
0.57344
0.572384
0.572416
0.572384
0.57232
0.572064
0.57136
0.573408
0.572064
0.57232
0.572192
0.572384
0.573408
0.5784
0.571392
0.572416
0.573152
0.573184
0.572384
0.573024
0.573408
0.572384
0.573248
0.572192
0.57136
0.572256
0.589792
0.572384
0.572384
0.572
0.572384
0.556
0.556
0.557024
0.5568
0.555872
0.555328
0.555008
0.55584
0.555968
0.557024
0.556
0.556
0.556032
0.558048
0.554976
0.555872
0.557056
0.555968
0.554976
0.557024
0.562816
0.556
0.556864
0.556032
0.5632
0.556992
0.556768
0.55504
0.555904
0.556
0.556
0.555008
0.556
0.554976
0.55808
0.556
0.556
0.554976
0.556
0.563168
0.564224
0.556
0.564224
0.55568
0.555744
0.556736
0.556
0.555872
0.556
0.556
0.557024
0.55696
0.556032
0.555776
0.562176
0.556
0.556192
0.557024
0.555648
0.556832
0.556032
0.55664
0.556032
0.556
0.556
0.556032
0.557024
0.556768
0.556
0.556896
0.556
0.554976
0.555008
0.55584
0.556
0.556864
0.555264
0.555776
0.556
0.55664
0.554976
0.555968
0.55568
0.556
0.556
0.554848
0.554976
0.556896
0.555872
0.554976
0.556896
0.555712
0.565216
0.556032
0.556032
0.556
0.556704
0.55664
0.555008
0.556
0.560096
0.554976
0.557024
0.556
0.556
0.556992
0.554976
0.555776
0.557024
0.555744
0.554976
0.556032
0.554976
0.556032
0.556032
0.556
0.556704
0.556
0.556
0.556032
0.556704
0.554976
0.555872
0.556
0.555712
0.555936
0.556
0.572032
0.139232
0.13616
0.141088
0.145216
0.14416
0.144352
0.145376
0.130048
0.145248
0.135136
0.144384
0.145408
0.143968
0.14336
0.145408
0.144384
0.130016
0.129792
0.130048
0.144352
0.142304
0.128992
0.129856
0.130048
0.129824
0.135136
0.135136
0.145376
0.144352
0.144352
0.135296
0.144
0.144544
0.144256
0.14336
0.135136
0.144352
0.145056
0.130784
0.144384
0.135136
0.144352
0.144352
0.145152
0.144352
0.144352
0.145376
0.130016
0.144352
0.145408
0.145376
0.145376
0.145376
0.145408
0.144352
0.145184
0.135168
0.145376
0.147136
0.144352
0.129696
0.144352
0.144192
0.130048
0.129792
0.144352
0.130016
0.14528
0.144096
0.144352
0.145376
0.14432
0.129792
0.130048
0.132064
0.130048
0.130048
0.130784
0.130016
0.129792
0.130016
0.12976
0.129952
0.130016
0.130656
0.144064
0.130656
0.129024
0.130016
0.13072
0.130784
0.130016
0.130016
0.130016
0.130016
0.130016
0.130688
0.130016
0.129664
0.14336
0.130016
0.130304
0.129984
0.129984
0.130816
0.1304
0.130016
0.129952
0.13008
0.137184
0.137184
0.144096
0.128992
0.130016
0.129824
0.130016
0.130016
0.128992
0.130048
0.130016
0.129792
0.129664
0.143328
0.129024
0.130016
0.129888
0.129984
0.12976
0.130752
0.130016
0.129792
0.13088
0.128992
0.143328
0.130656
0.129024
0.130016
0.130048
0.135776
0.13104
0.130048
0.12992
0.130016
0.130016
0.130848
0.130944
0.144384
0.130016
0.130016
0.129632
0.12976
0.13072
0.129792
0.129024
0.130048
0.129792
0.142304
0.129024
0.143328
0.13104
0.130816
0.130016
0.128992
0.130016
0.130016
0.130016
0.130016
0.130016
0.13088
0.130016
0.13008
0.144064
0.130016
0.129024
0.129696
0.130016
0.130048
0.130048
0.130048
0.130048
0.130016
0.130016
0.135136
0.145408
0.14336
0.129952
0.128992
0.130688
0.130016
0.130016
0.130912
0.130016
0.130048
0.130016
0.130016
0.129696
0.129984
0.14496
0.129888
0.130016
0.130048
0.129952
0.130016
0.13104
0.130048
0.130016
0.129632
0.130784
0.13104
0.12992
0.145376
0.143328
0.128992
0.130048
0.129824
0.130048
0.129824
0.130048
0.130016
0.130048
0.130016
0.130048
0.130048
0.143328
0.130016
0.130016
0.13104
0.130016
0.132
0.128992
0.130016
0.136192
0.130048
0.130016
0.129056
0.144352
0.130016
0.128992
0.130016
0.130848
0.130688
0.130016
0.130016
0.130016
0.130016
0.130048
0.130048
0.143328
0.130016
0.130048
0.12976
0.130048
0.130016
0.130304
0.130048
0.130048
0.130016
0.899072
0.13616
0.144256
0.130048
0.130016
0.130016
0.129664
0.130016
0.130016
0.144352
0.130048
0.12992
0.130816
0.130752
0.14432
0.129856
0.13008
0.130016
0.130016
0.129952
0.130176
0.130048
0.130656
0.128992
0.129952
0.130016
0.138208
0.144384
0.130048
0.128992
0.130016
0.130016
0.130688
0.13104
0.129856
0.130656
0.130016
0.129024
0.130048
0.130048
0.143136
0.130176
0.13104
0.130016
0.130016
0.130048
0.130016
0.129952
0.13088
0.130016
0.130016
0.129856
0.129696
0.144352
0.130048
0.130016
0.130016
0.130016
0.130016
0.130016
0.130048
0.13008
0.129824
0.129888
0.130016
0.130048
0.144384
0.12992
0.130016
0.130048
0.130016
0.130048
0.1304
0.128992
0.130048
0.129824
0.129792
0.129632
0.129696
0.1464
0.130048
0.129856
0.130016
0.12992
0.130016
0.129856
0.129632
0.130016
0.129888
0.130016
0.13088
0.14336
0.130016
0.130016
0.129792
0.129824
0.129984
0.130016
0.130016
0.130016
0.128992
0.130016
0.130016
0.128992
0.143328
0.130016
0.129824
0.13072
0.12976
0.130016
0.130016
0.130912
0.129696
0.130016
0.130688
0.129824
0.130016
0.144384
0.129728
0.130016
0.130016
0.128992
0.130016
0.130016
0.130016
0.129184
0.128992
0.123872
0.123904
0.137184
0.123872
0.123872
0.12288
0.12288
0.123776
0.123904
0.122944
0.12352
0.124512
0.123712
0.123648
0.12384
0.137888
0.12352
0.12288
0.1368
0.123872
0.123872
0.122848
0.123776
0.124512
0.12368
0.123936
0.136192
0.123616
0.123872
0.12288
0.123488
0.122496
0.122848
0.123584
0.123872
0.123616
0.12288
0.148448
0.122848
0.123648
0.12288
0.123744
0.123872
0.123776
0.12352
0.123904
0.123872
0.123712
0.123872
0.122752
0.15152
0.122848
0.122848
0.123872
0.123552
0.123872
0.12592
0.122848
0.123872
0.123872
0.12368
0.123648
0.122848
0.12352
0.137184
0.123904
0.12288
0.123776
0.12288
0.123872
0.123648
0.12288
0.125888
0.123904
0.122816
0.12384
0.123872
0.136864
0.12368
0.12368
0.124064
0.123872
0.123648
0.124512
0.124608
0.123872
0.123872
0.12352
0.13104
0.123872
0.123712
0.137184
0.1248
0.123648
0.123872
0.12384
0.12288
0.12288
0.124704
0.123552
0.123712
0.123872
0.123808
0.137152
0.12288
0.12352
0.12288
0.123904
0.122848
0.12384
0.124608
0.123584
0.122848
0.123872
0.138176
0.137184
0.12288
0.122848
0.123008
0.123808
0.12288
0.12592
0.123872
0.123904
0.123616
0.123904
0.123744
0.123904
0.137216
0.122848
0.123872
0.123904
0.123872
0.123904
0.123904
0.122848
0.123904
0.123872
0.12384
0.123648
0.123872
0.13712
0.122848
0.123744
0.123808
0.122848
0.12368
0.123904
0.12384
0.123616
0.12288
0.123584
0.12288
0.123872
0.137984
0.123584
0.122848
0.12384
0.123296
0.122848
0.125888
0.124704
0.123744
0.123872
0.123872
0.123584
0.123872
0.137216
0.12384
0.123872
0.130816
0.122848
0.123712
0.123808
0.123776
0.123872
0.130016
0.123808
0.123872
0.130816
0.13696
0.123488
0.123872
0.12288
0.123712
0.123808
0.122912
0.123872
0.122848
0.123872
0.123872
0.12384
0.137216
0.123744
0.123872
0.123872
0.123904
0.123904
0.122848
0.122848
0.123872
0.123872
0.123968
0.123776
0.137184
0.123872
0.123904
0.123616
0.123904
0.123904
0.122848
0.12384
0.123648
0.12384
0.123872
0.123872
0.12288
0.123904
0.136192
0.12352
0.123776
0.12384
0.123552
0.123872
0.123712
0.12384
0.12288
0.12352
0.122848
0.123904
0.124512
0.137984
0.12288
0.123232
0.123872
0.123712
0.12368
0.123648
0.123872
0.123904
0.123872
0.123552
0.122848
0.12464
0.13744
0.123872
0.123712
0.123168
0.123936
0.123872
0.123872
0.124608
0.123872
0.12288
0.123872
0.123712
0.149376
0.123808
0.122848
0.122848
0.123552
0.12288
0.123712
0.122848
0.130048
0.123552
0.122848
0.122848
0.123808
0.135936
0.122624
0.123072
0.122912
0.12288
0.12384
0.123552
0.122848
0.122848
0.123872
0.122848
0.12352
0.12384
0.137184
0.123872
0.123648
0.123872
0.123584
0.12288
0.12288
0.123712
0.123872
0.12288
0.123136
0.123872
0.137824
0.123712
0.12288
0.123872
0.123872
0.122848
0.123872
0.122848
0.122848
0.12368
0.123872
0.12288
0.122848
0.12288
0.137184
0.129696
0.122688
0.123648
0.122848
0.130144
0.122848
0.123552
0.12288
0.123776
0.123488
0.123744
0.135936
0.123872
0.123648
0.122848
0.123872
0.123872
0.122848
0.12288
0.123776
0.122912
0.123872
0.123872
0.123712
0.122848
0.136192
0.123872
0.122848
0.123872
0.124512
0.122848
0.123904
0.12288
0.122848
0.122848
0.123872
0.123808
0.13792
0.122848
0.122848
0.123872
0.123584
0.122848
0.122848
0.123872
0.123808
0.123872
0.12288
0.122784
0.123872
0.137184
0.123744
0.124576
0.122848
0.123872
0.123904
0.123616
0.123648
0.123264
0.123584
0.122848
0.12368
0.12368
0.13616
0.123744
0.123264
0.12288
0.123872
0.123584
0.122848
0.123456
0.123904
0.123008
0.123744
0.123712
0.122848
0.136
0.123872
0.123872
0.123584
0.123648
0.122848
0.122848
0.122848
0.12288
0.123872
0.123264
0.12288
0.122848
0.121824
0.137056
0.122848
0.122848
0.122848
0.122848
0.123488
0.122848
0.12272
0.12384
0.124672
0.123872
0.122848
0.128992
0.138208
0.12352
0.123648
0.128992
0.123552
0.123776
0.122848
0.123872
0.12368
0.123904
0.12288
0.122848
0.137216
0.123488
0.123488
0.12288
0.135136
0.123648
0.12288
0.123488
0.122848
0.123872
0.12288
0.123488
0.148448
0.122848
0.12352
0.123584
0.123872
0.123616
0.123616
0.124736
0.123872
0.123584
0.123872
0.12288
0.122848
0.136832
0.122848
0.124512
0.123872
0.12288
0.122848
0.123872
0.12288
0.123808
0.123648
0.123776
0.122848
0.122848
0.137888
0.123552
0.12352
0.12288
0.12368
0.123872
0.12368
0.122848
0.12288
0.122848
0.123776
0.122848
0.137216
0.12368
0.122848
0.121824
0.122848
0.124128
0.122848
0.122848
0.123808
0.122848
0.123872
0.12384
0.137216
0.123872
0.123904
0.122848
0.123872
0.123872
0.123552
0.12288
0.123776
0.123552
0.12384
0.123904
0.122816
0.123616
0.137216
0.134112
0.124896
0.124704
0.122848
0.122848
0.123872
0.123872
0.122848
0.122848
0.122848
0.125312
0.050176
0.064256
0.05088
0.050144
0.050144
0.050144
0.051008
0.05184
0.050144
0.050272
0.050144
0.050144
0.050176
0.050176
0.050144
0.049984
0.050336
0.051168
0.050336
0.050848
0.050176
0.050176
0.050144
0.050176
0.05088
0.051008
0.050144
0.064352
0.062432
0.050144
0.050144
0.050784
0.050144
0.050208
0.049888
0.064352
0.050784
0.05024
0.050048
0.049792
0.050144
0.050976
0.050176
0.064384
0.050336
0.050208
0.050048
0.050176
0.050912
0.050176
0.050784
0.064096
0.050144
0.051168
0.050144
0.04992
0.052192
0.050016
0.049984
0.063456
0.05008
0.06144
0.050176
0.050144
0.052192
0.050144
0.050144
0.063456
0.050144
0.050848
0.050144
0.04992
0.051904
0.050144
0.050144
0.063296
0.050016
0.050144
0.05008
0.049952
0.050144
0.049152
0.050144
0.063424
0.04992
0.050176
0.049888
0.050144
0.051168
0.050144
0.063616
0.050016
0.05088
0.050144
0.05104
0.0504
0.050144
0.063456
0.049952
0.050112
0.050144
0.050912
0.050144
0.050144
0.050144
0.063488
0.050144
0.050144
0.050144
0.050176
0.050144
0.050944
0.049856
0.063104
0.049984
0.050848
0.050144
0.050144
0.050144
0.050144
0.05008
0.062464
0.050112
0.050144
0.049824
0.050976
0.050144
0.050496
0.051072
0.064128
0.050144
0.050144
0.050176
0.049472
0.050944
0.050048
0.050144
0.063744
0.050144
0.049792
0.049824
0.050144
0.050144
0.050144
0.050144
0.06464
0.050144
0.050784
0.050048
0.050144
0.04912
0.050144
0.050144
0.05008
0.063456
0.050144
0.050784
0.050144
0.050144
0.049856
0.062432
0.063456
0.050176
0.050144
0.050176
0.050144
0.050048
0.050176
0.06448
0.051008
0.050144
0.050176
0.050176
0.050208
0.050144
0.050144
0.063456
0.063488
0.050144
0.050144
0.050176
0.04992
0.050304
0.049152
0.050176
0.063296
0.050784
0.050144
0.050176
0.050144
0.050176
0.050144
0.051168
0.063456
0.05024
0.050176
0.050144
0.050144
0.049984
0.050176
0.050144
0.063456
0.050144
0.063456
0.04912
0.05024
0.050112
0.063776
0.064096
0.050176
0.050432
0.050144
0.049888
0.050144
0.050176
0.050176
0.062432
0.050784
0.049888
0.050848
0.050944
0.050176
0.050144
0.063488
0.050144
0.05008
0.050176
0.04976
0.050784
0.049152
0.0632
0.050144
0.050144
0.050144
0.050176
0.050144
0.050432
0.050784
0.063328
0.050144
0.049824
0.050176
0.04992
0.050144
0.050144
0.063456
0.049984
0.050144
0.050144
0.049952
0.050176
0.050144
0.050176
0.0632
0.050176
0.050144
0.050144
0.050144
0.049728
0.05008
0.049888
0.062432
0.050144
0.050144
0.050144
0.050144
0.050144
0.050144
0.050144
0.063456
0.050144
0.049824
0.050176
0.049952
0.050144
0.050176
0.049152
0.063488
0.049824
0.04912
0.050144
0.050176
0.049888
0.050784
0.049952
0.063392
0.049984
0.049728
0.04912
0.050112
0.050304
0.05008
0.050144
0.064224
0.063456
0.050144
0.050176
0.05008
0.050976
0.050144
0.050016
0.050144
0.063488
0.050144
0.050176
0.050144
0.049152
0.050144
0.049152
0.050144
0.063456
0.056288
0.04912
0.050144
0.050144
0.050912
0.050144
0.050208
0.064128
0.049152
0.050144
0.050144
0.050176
0.049952
0.049984
0.050176
0.063488
0.049984
0.050176
0.050176
0.049792
0.050176
0.050144
0.050176
0.064096
0.05712
0.050176
0.04992
0.050144
0.050176
0.049952
0.050944
0.04912
0.063456
0.050016
0.049792
0.050016
0.05008
0.049952
0.050144
0.051168
0.063456
0.050048
0.050176
0.057952
0.050144
0.049824
0.050304
0.050208
0.063456
0.050144
0.050272
0.050144
0.050144
0.050144
0.050144
0.050144
0.050144
0.063392
0.050144
0.050144
0.050176
0.050176
0.05008
0.050144
0.049824
0.063456
0.050112
0.050144
0.04992
0.050176
0.050144
0.051168
0.050144
0.063488
0.063488
0.050784
0.050144
0.050144
0.050144
0.049952
0.050144
0.050752
0.064288
0.050208
0.050016
0.050144
0.05008
0.050144
0.050144
0.050144
0.063456
0.064256
0.049856
0.050144
0.050144
0.055488
0.050144
0.050112
0.050368
0.063232
0.050144
0.050144
0.049984
0.050496
0.050144
0.050144
0.063488
0.063456
0.050144
0.05008
0.049984
0.050144
0.04976
0.050144
0.050144
0.063488
0.050144
0.050016
0.050176
0.050144
0.050144
0.04912
0.050912
0.063488
0.050144
0.050144
0.050144
0.050368
0.050176
0.049984
0.050144
0.050144
0.063456
0.05008
0.05024
0.057344
0.05104
0.051136
0.050048
0.063456
0.063488
0.050144
0.04912
0.05104
0.050144
0.050464
0.050144
0.050176
0.064096
0.050176
0.060832
0.050144
0.050176
0.050144
0.050048
0.049792
0.063456
0.051008
0.050144
0.049824
0.050176
0.049152
0.050144
0.050144
0.064192
0.064128
0.050176
0.05008
0.049888
0.050144
0.050144
0.057344
0.051136
0.063456
0.04976
0.050048
0.04992
0.050144
0.050144
0.05088
0.050144
0.063488
0.062144
0.050144
0.050144
0.050176
0.05088
0.050144
0.050144
0.064384
0.050016
0.050848
0.050816
0.050816
0.050176
0.05008
0.049856
0.050048
0.063136
0.050048
0.050208
0.050176
0.050144
0.050144
0.050784
0.050144
0.064448
0.050176
0.050016
0.050016
0.050144
0.04912
0.050144
0.057344
0.050144
0.063456
0.050176
0.050144
0.051008
0.05024
0.050144
0.05088
0.0504
0.0632
0.050144
0.050144
0.050144
0.04912
0.050144
0.050144
0.04912
0.063456
0.050144
0.050848
0.050144
0.049952
0.057312
0.050272
0.04912
0.063456
0.050912
0.050144
0.050144
0.050048
0.04912
0.050144
0.050144
0.065344
0.050144
0.05088
0.05008
0.050144
0.050784
0.049952
0.063456
0.050144
0.050144
0.05088
0.050176
0.049856
0.050144
0.050144
0.063488
0.050176
0.050144
0.049792
0.050848
0.05104
0.050144
0.049152
0.063456
0.050144
0.04912
0.05008
0.052032
0.049792
0.049984
0.050144
0.06448
0.050144
0.049952
0.050848
0.050912
0.04992
0.050176
0.050048
0.063456
0.063424
0.05008
0.050944
0.050848
0.050144
0.04912
0.050176
0.049792
0.063488
0.050144
0.050144
0.050176
0.050144
0.04992
0.050144
0.050912
0.063424
0.04992
0.0512
0.050144
0.050144
0.05104
0.05008
0.064192
0.050176
0.050144
0.050112
0.049856
0.050048
0.050944
0.050176
0.063456
0.050176
0.050048
0.050144
0.04912
0.05008
0.050144
0.050016
0.06448
0.057184
0.050144
0.050816
0.050144
0.050144
0.050176
0.049152
0.050976
0.06352
0.050176
0.050144
0.050176
0.050144
0.05088
0.051008
0.063136
0.062432
0.051008
0.050144
0.050816
0.050144
0.049952
0.050144
0.050048
0.063296
0.050112
0.051168
0.050176
0.04976
0.050144
0.050144
0.051104
0.063456
0.04992
0.050368
0.05008
0.049408
0.04912
0.050144
0.050144
0.06352
0.050144
0.04992
0.050112
0.050816
0.050976
0.049888
0.050144
0.063296
0.050176
0.050304
0.050944
0.050176
0.050912
0.050176
0.04912
0.064224
0.049888
0.050176
0.050144
0.04912
0.050144
0.050144
0.050144
0.063328
0.050848
0.050176
0.04912
0.050848
0.05104
0.050144
0.04976
0.062464
0.050144
0.050144
0.050336
0.050144
0.050272
0.050144
0.049792
0.063456
0.04992
0.051008
0.050528
0.050144
0.050176
0.05088
0.051168
0.063456
0.05104
0.05024
0.050176
0.050144
0.050816
0.050144
0.050144
0.0632
0.050208
0.05088
0.050144
0.049824
0.04992
0.050016
0.063072
0.06352
0.050144
0.050048
0.050176
0.050176
0.04992
0.050144
0.050144
0.063488
0.050944
0.050176
0.050144
0.049152
0.050944
0.050976
0.049952
0.062432
0.063456
0.050176
0.050144
0.050176
0.049888
0.05088
0.063456
0.063456
0.050176
0.047136
0.047936
0.048
0.047776
0.047744
0.060352
0.05936
0.047936
0.047072
0.047072
0.047072
0.047072
0.047808
0.060384
0.047136
0.048096
0.04704
0.046048
0.047072
0.047072
0.047072
0.047072
0.06032
0.047776
0.04608
0.047296
0.047008
0.047776
0.047904
0.046944
0.060384
0.047072
0.046976
0.047104
0.048096
0.046944
0.047072
0.047072
0.060416
0.060416
0.047712
0.047072
0.047968
0.047104
0.047712
0.047104
0.047104
0.060416
0.04704
0.047008
0.047008
0.047136
0.047072
0.046688
0.061248
0.047776
0.047072
0.047104
0.047072
0.047072
0.047072
0.047104
0.060416
0.046848
0.047072
0.047104
0.046784
0.05936
0.047104
0.055232
0.058336
0.060288
0.047072
0.054176
0.04784
0.047104
0.047136
0.047808
0.048032
0.060384
0.046848
0.070624
0.047136
0.047072
0.04704
0.047104
0.047776
0.06144
0.047072
0.047072
0.04672
0.047072
0.047008
0.047104
0.047072
0.060384
0.047072
0.047072
0.04704
0.047072
0.047072
0.047904
0.047072
0.060352
0.04784
0.047072
0.047744
0.047072
0.046976
0.047104
0.04704
0.047072
0.060608
0.047104
0.047072
0.047072
0.047104
0.047776
0.047072
0.047072
0.061184
0.060384
0.047904
0.047072
0.047072
0.047104
0.047104
0.048
0.048032
0.060384
0.047904
0.047904
0.047136
0.047072
0.047776
0.047072
0.047072
0.061152
0.047072
0.047744
0.047072
0.046944
0.047008
0.047136
0.046944
0.048096
0.06128
0.04688
0.047808
0.047072
0.046752
0.047104
0.046816
0.047072
0.061408
0.061248
0.053216
0.047968
0.047104
0.047136
0.048096
0.048096
0.048096
0.060384
0.047744
0.047072
0.047072
0.047072
0.047072
0.047136
0.048096
0.05936
0.060384
0.047104
0.046048
0.047104
0.047104
0.046816
0.047072
0.060416
0.047104
0.047072
0.047104
0.047072
0.046784
0.047808
0.05936
0.047104
0.047072
0.047104
0.047072
0.047072
0.046848
0.046912
0.060384
0.047072
0.047072
0.047072
0.047776
0.047072
0.047072
0.062272
0.060416
0.047904
0.04672
0.046944
0.047072
0.047872
0.047104
0.060384
0.047072
0.046944
0.047072
0.047072
0.047072
0.047072
0.047072
0.060384
0.060384
0.047968
0.047104
0.063456
0.047072
0.047072
0.05424
0.047072
0.060384
0.047072
0.046944
0.046848
0.04704
0.047104
0.048096
0.048064
0.060288
0.061312
0.048064
0.047104
0.047072
0.048096
0.047072
0.047072
0.047072
0.060384
0.047104
0.060992
0.047072
0.047072
0.048096
0.047072
0.047936
0.060384
0.060384
0.047072
0.047104
0.047072
0.047104
0.04784
0.047744
0.060384
0.047936
0.047104
0.047072
0.047104
0.047072
0.048064
0.047072
0.060416
0.060384
0.047072
0.047072
0.047072
0.047712
0.047072
0.04672
0.047072
0.060384
0.047072
0.047072
0.047072
0.047072
0.047072
0.046688
0.060384
0.047712
0.047104
0.047072
0.047808
0.047072
0.047104
0.047072
0.047072
0.060416
0.046752
0.053568
0.067424
0.046976
0.047104
0.047104
0.047072
0.061024
0.048096
0.054912
0.047072
0.047104
0.046912
0.046112
0.047072
0.047104
0.060384
0.047072
0.05424
0.04704
0.047072
0.047104
0.047072
0.047104
0.060416
0.04688
0.047072
0.047712
0.047104
0.047072
0.047072
0.061472
0.060384
0.046944
0.047104
0.047744
0.047104
0.047072
0.047104
0.047072
0.060384
0.048
0.046944
0.047104
0.047072
0.047104
0.047072
0.06128
0.047104
0.046752
0.047104
0.047072
0.047072
0.047072
0.047104
0.047072
0.060384
0.046944
0.04704
0.047104
0.047072
0.047008
0.047072
0.047072
0.060384
0.047072
0.047104
0.048064
0.047104
0.04688
0.046848
0.047072
0.047072
0.060448
0.047104
0.047072
0.047872
0.047136
0.047008
0.047104
0.04784
0.047072
0.060384
0.047008
0.048096
0.047104
0.047104
0.04704
0.048096
0.060384
0.047072
0.046944
0.047072
0.046848
0.047072
0.048096
0.060384
0.047072
0.047104
0.047072
0.047104
0.04672
0.047072
0.047104
0.047072
0.05936
0.04688
0.047872
0.047072
0.047104
0.047072
0.047104
0.047744
0.060736
0.047104
0.04704
0.047104
0.046752
0.047072
0.047104
0.047072
0.060352
0.047744
0.046784
0.047008
0.047104
0.047104
0.047072
0.047808
0.047072
0.06144
0.04784
0.047072
0.047072
0.047968
0.047072
0.047072
0.046752
0.06032
0.060384
0.047072
0.046848
0.047712
0.047072
0.046976
0.046976
0.060448
0.061024
0.047072
0.04768
0.04688
0.047008
0.047136
0.047072
0.047072
0.061248
0.046816
0.047072
0.047072
0.046976
0.047072
0.048064
0.047104
0.060416
0.060416
0.047072
0.047072
0.046848
0.04688
0.047072
0.046816
0.060416
0.047712
0.046784
0.047072
0.046912
0.053984
0.047072
0.046848
0.047072
0.061088
0.04672
0.047072
0.053216
0.047072
0.048096
0.04608
0.047712
0.047072
0.06064
0.046816
0.047104
0.047072
0.046848
0.046976
0.047104
0.04704
0.060384
0.047808
0.04688
0.047872
0.047072
0.048096
0.047072
0.046976
0.061152
0.061408
0.047072
0.047072
0.046944
0.047104
0.047072
0.047072
0.046944
0.060384
0.047072
0.047104
0.046976
0.048096
0.047072
0.047072
0.047072
0.060416
0.047072
0.047872
0.046048
0.04688
0.047072
0.047072
0.068576
0.060416
0.046752
0.046816
0.047712
0.04672
0.047968
0.047072
0.06032
0.047072
0.046976
0.047072
0.046816
0.047072
0.04672
0.047104
0.048128
0.060384
0.05392
0.04688
0.047328
0.047936
0.046656
0.048096
0.046688
0.060384
0.047072
0.047072
0.047104
0.04688
0.047744
0.04688
0.047072
0.060224
0.047072
0.04704
0.047072
0.047872
0.046912
0.047904
0.047744
0.047712
0.061408
0.047072
0.047104
0.047072
0.047072
0.046752
0.047936
0.046816
0.047904
0.060384
0.047072
0.047072
0.047744
0.047072
0.047776
0.047104
0.046752
0.047072
0.06016
0.047904
0.048032
0.048096
0.047072
0.047072
0.04784
0.047072
0.047072
0.060384
0.047808
0.047712
0.047936
0.04672
0.053216
0.047072
0.04688
0.060384
0.047776
0.046688
0.047936
0.047072
0.047936
0.046976
0.048
0.047136
0.060384
0.047072
0.04704
0.047072
0.047072
0.04704
0.046944
0.047072
0.047104
0.060384
0.061408
0.04704
0.047072
0.047104
0.047136
0.04784
0.047104
0.046848
0.06032
0.047072
0.047072
0.047104
0.046752
0.046048
0.047072
0.047104
0.046944
0.061408
0.047104
0.047104
0.047072
0.046048
0.047104
0.047072
0.047072
0.047072
0.060384
0.047072
0.047072
0.047072
0.047072
0.046848
0.047072
0.047872
0.06032
0.047104
0.04704
0.047104
0.047072
0.047712
0.046048
0.047072
0.047072
0.061056
0.047072
0.047936
0.046976
0.058336
0.050144
0.046848
0.060128
0.060384
0.047072
0.046848
0.047072
0.047072
0.046944
0.047072
0.047072
0.060384
0.061024
0.046944
0.047072
0.047104
0.047072
0.047072
0.048064
0.046848
0.060416
0.047072
0.047104
0.047072
0.047072
0.047008
0.04704
0.047072
0.048
0.060384
0.047072
0.047104
0.047104
0.053248
0.047072
0.047072
0.050112
0.047072
0.060384
0.047072
0.047104
0.046816
0.047072
0.047072
0.049152
0.04688
0.061312
0.047072
0.046976
0.047072
0.047072
0.047072
0.047712
0.047072
0.047072
0.061024
0.047104
0.04784
0.047872
0.047072
0.047072
0.047744
0.047072
0.061088
0.047072
0.047072
0.047072
0.04704
0.047072
0.047808
0.047104
0.047104
0.060384
0.047072
0.047072
0.047776
0.047072
0.047072
0.047072
0.047072
0.058336
0.062432
0.061408
0.047104
0.05424
0.047712
0.046752
0.048096
0.047872
0.060384
0.047712
0.047712
0.047104
0.047104
0.047072
0.046976
0.048128
0.060384
0.047072
0.047104
0.047072
0.049888
0.04784
0.047008
0.047072
0.060416
0.061248
0.047104
0.047008
0.048
0.053248
0.048096
0.046048
0.061344
0.048032
0.047104
0.046944
0.047104
0.047072
0.047072
0.047104
0.053216
0.061408
0.047072
0.047072
0.04688
0.047072
0.047872
0.047104
0.061024
0.047072
0.047744
0.047072
0.047104
0.047104
0.047072
0.047072
0.047072
0.061088
0.047072
0.047072
0.046912
0.046688
0.047936
0.047104
0.046912
0.048
0.060384
0.047072
0.046816
0.047072
0.047104
0.047104
0.047072
0.047072
0.047072
0.060352
0.047104
0.047104
0.047936
0.047072
0.048096
0.047072
0.047104
0.060384
0.047776
0.046048
0.060416
0.047072
0.05936
0.060384
0.047104
0.06112
0.047072
0.046944
0.060192
0.04608
0.060384
0.046976
0.047072
0.060416
0.047072
0.047872
0.060384
0.047104
0.060416
0.048128
0.047104
0.060384
0.047072
0.051456
0.060384
0.047072
0.061408
0.047776
0.048064
0.060384
0.047808
0.060384
0.04672
0.047072
0.060416
0.04784
0.047104
0.061088
0.046944
0.060224
0.048032
0.046688
0.060416
0.047072
0.061056
0.061056
0.047072
0.061408
0.047104
0.047072
0.061248
0.047104
0.0512
0.060384
0.047776
0.061088
0.047072
0.047072
0.060384
0.047104
0.060384
0.047808
0.047072
0.061088
0.047104
0.047072
0.060416
0.047072
0.060384
0.047072
0.047808
0.061408
0.047104
0.047744
0.060384
0.047808
0.061408
0.047136
0.048
0.060352
0.047072
0.047072
0.060384
0.047776
0.061248
0.047072
0.047008
0.060416
0.047104
0.0512
0.060384
0.047072
0.061184
0.046944
0.047072
0.060384
0.054144
0.047072
0.060416
0.047008
0.061376
0.047072
0.047072
0.061312
0.047072
0.060416
0.047072
0.04608
0.060416
0.047104
0.047776
0.061056
0.047072
0.061376
0.047072
0.047072
0.060416
0.047072
0.04784
0.061088
0.047104
0.061408
0.047072
0.047104
0.060384
0.047104
0.060416
0.047104
0.046976
0.060416
0.047136
0.060672
0.047072
0.047072
0.060192
0.047776
0.047072
0.060384
0.046816
0.060416
0.048064
0.046816
0.060384
0.047072
0.047072
0.061216
0.047072
0.061248
0.047072
0.048
0.060384
0.048
0.047072
0.060384
0.047072
0.060384
0.047104
0.04784
0.060416
0.046976
0.060384
0.060352
0.046816
0.061088
0.047072
0.047072
0.060416
0.047072
0.061024
0.047104
0.047744
0.060096
0.048032
0.060384
0.047072
0.046816
0.060384
0.047072
0.060416
0.060416
0.047104
0.061408
0.047072
0.061376
0.060384
0.047008
0.06048
0.04704
0.048128
0.060832
0.046912
0.049792
0.036832
0.03648
0.04912
0.03584
0.035808
0.04912
0.036416
0.054272
0.035808
0.049152
0.03648
0.036896
0.050848
0.036736
0.036736
0.05008
0.036832
0.036864
0.050176
0.036608
0.035872
0.050048
0.035808
0.03648
0.060448
0.035872
0.036896
0.050016
0.04912
0.036864
0.036832
0.049856
0.03664
0.036832
0.049152
0.0368
0.03664
0.0504
0.03584
0.03584
0.049792
0.036832
0.036864
0.038912
0.04976
0.036704
0.036832
0.050176
0.03584
0.036512
0.04928
0.036704
0.035808
0.048928
0.036832
0.03584
0.050176
0.036512
0.036832
0.049888
0.050144
0.036832
0.036736
0.04992
0.036672
0.036832
0.050176
0.03584
0.036608
0.049152
0.035872
0.036864
0.049152
0.0368
0.035808
0.050112
0.035808
0.036896
0.04912
0.036672
0.037536
0.039904
0.049152
0.036672
0.126976
0.05008
0.036736
0.03584
0.050176
0.036864
0.036736
0.049184
0.0368
0.036608
0.049152
0.036864
0.036448
0.050144
0.036896
0.036832
0.050144
0.050048
0.03584
0.049184
0.036704
0.044032
0.037504
0.049984
0.036832
0.036864
0.049088
0.035808
0.036864
0.065536
0.035808
0.035808
0.048096
0.035872
0.036832
0.049184
0.050176
0.036832
0.036832
0.049984
0.0368
0.036832
0.049184
0.036864
0.036864
0.050112
0.036544
0.036448
0.04912
0.049792
0.036608
0.036832
0.049056
0.036768
0.036832
0.050176
0.03584
0.03648
0.049152
0.036672
0.036544
0.04912
0.036864
0.036896
0.049184
0.036832
0.036576
0.050208
0.04912
0.036512
0.036864
0.04912
0.036832
0.036864
0.049152
0.03584
0.036896
0.049824
0.03584
0.035808
0.04912
0.035808
0.036672
0.049152
0.035808
0.03584
0.04912
0.050112
0.036896
0.04992
0.050176
0.036832
0.036832
0.049152
0.035968
0.127968
0.04912
0.035872
0.036576
0.049184
0.036832
0.036768
0.050144
0.036832
0.036608
0.049152
0.03584
0.03584
0.050176
0.036832
0.036864
0.051008
0.036864
0.035872
0.050208
0.036864
0.036864
0.049888
0.044
0.036864
0.050208
0.036864
0.03584
0.050144
0.036864
0.036864
0.050144
0.036736
0.036832
0.04912
0.036608
0.036832
0.04912
0.036768
0.036736
0.049152
0.03584
0.036768
0.049152
0.038912
0.036672
0.04976
0.035808
0.035872
0.049152
0.035872
0.03584
0.050016
0.036544
0.035744
0.039904
0.04992
0.035808
0.04912
0.050144
0.03584
0.036864
0.050176
0.03584
0.04912
0.050176
0.03584
0.03584
0.04912
0.035872
0.03584
0.050144
0.03584
0.036832
0.049088
0.03584
0.036832
0.049152
0.036576
0.042976
0.049856
0.03584
0.03584
0.04976
0.036704
0.036832
0.049824
0.035808
0.036864
0.050176
0.036672
0.036416
0.049152
0.037472
0.03648
0.04912
0.036864
0.036864
0.049152
0.036864
0.0368
0.049152
0.0368
0.036768
0.050016
0.036864
0.03584
0.050176
0.036672
0.036896
0.049824
0.036672
0.036672
0.050144
0.036544
0.03584
0.050208
0.036832
0.036096
0.04912
0.03584
0.036768
0.049536
0.036832
0.036544
0.050176
0.036832
0.036832
0.049056
0.036768
0.036736
0.04912
0.035808
0.035808
0.05008
0.036768
0.036832
0.050016
0.036576
0.036704
0.04976
0.036864
0.03584
0.050208
0.036544
0.035872
0.067584
0.036864
0.03664
0.057312
0.03584
0.036448
0.050048
0.036864
0.036544
0.050144
0.036576
0.036736
0.05632
0.03648
0.03664
0.038912
0.050176
0.036864
0.039904
0.050176
0.036832
0.049152
0.036768
0.036672
0.039904
0.050144
0.03584
0.04976
0.036448
0.035808
0.050176
0.03584
0.03584
0.050176
0.03584
0.036736
0.050144
0.036608
0.03584
0.049088
0.036864
0.036896
0.049184
0.036608
0.036576
0.04912
0.036832
0.036544
0.050144
0.03584
0.036896
0.049152
0.03648
0.036832
0.049152
0.050176
0.035808
0.035712
0.049856
0.035872
0.035872
0.049152
0.035808
0.03648
0.050176
0.03584
0.036864
0.050144
0.036864
0.035872
0.049152
0.03696
0.035808
0.048864
0.036832
0.036768
0.04912
0.04912
0.036832
0.036704
0.049152
0.036832
0.036512
0.04912
0.03584
0.035808
0.050016
0.03584
0.035808
0.129056
0.050112
0.035904
0.03584
0.050016
0.036896
0.036864
0.04912
0.036576
0.037504
0.039936
0.049824
0.035872
0.130048
0.049152
0.036832
0.13008
0.050176
0.036576
0.035872
0.050048
0.036864
0.036768
0.049952
0.035872
0.036832
0.049152
0.035872
0.036832
0.049024
0.036864
0.036704
0.03584
0.049152
0.036832
0.03584
0.049152
0.036864
0.036768
0.04992
0.036832
0.036448
0.049152
0.036608
0.036864
0.050016
0.036832
0.036832
0.049856
0.035808
0.035808
0.050784
0.03584
0.03584
0.04896
0.036608
0.036768
0.049152
0.036768
0.036832
0.050016
0.03584
0.035872
0.049152
0.042016
0.03584
0.050112
0.036544
0.036704
0.049088
0.049184
0.036544
0.050176
0.049152
0.035808
0.035808
0.050944
0.036864
0.03584
0.049152
0.037216
0.03584
0.050144
0.041984
0.036768
0.050208
0.036864
0.035872
0.04976
0.03584
0.036608
0.050176
0.035872
0.036512
0.049152
0.036832
0.035936
0.047968
0.033792
0.03376
0.047104
0.034816
0.033824
0.047232
0.033792
0.033824
0.047104
0.04816
0.033792
0.033792
0.047008
0.034816
0.033792
0.048
0.033824
0.03456
0.054272
0.033792
0.034464
0.047936
0.033792
0.034688
0.048096
0.033824
0.03408
0.047104
0.0344
0.03376
0.047008
0.047104
0.034528
0.033792
0.047104
0.034432
0.034528
0.047136
0.033792
0.033824
0.047072
0.03376
0.033696
0.048
0.034496
0.034432
0.047008
0.03376
0.034656
0.047072
0.033792
0.03584
0.047104
0.033824
0.03456
0.047872
0.03456
0.034816
0.046752
0.03472
0.033824
0.048128
0.03456
0.033792
0.047072
0.033792
0.034816
0.047104
0.03376
0.03472
0.047072
0.03376
0.034784
0.046784
0.034752
0.033792
0.047776
0.033792
0.03376
0.047968
0.033824
0.03456
0.047072
0.034816
0.034784
0.037888
0.047104
0.034656
0.047104
0.033792
0.034816
0.047072
0.048128
0.03376
0.033792
0.04704
0.034816
0.035744
0.047104
0.033792
0.034432
0.047008
0.034784
0.034816
0.047072
0.033728
0.034816
0.047104
0.033792
0.033792
0.126976
0.047136
0.03456
0.047808
0.047744
0.033792
0.03456
0.048096
0.034432
0.034752
0.04736
0.034656
0.033824
0.047104
0.033792
0.034656
0.048032
0.034464
0.034624
0.046816
0.034688
0.034752
0.047072
0.047104
0.033664
0.034816
0.047136
0.033504
0.034784
0.047136
0.033792
0.034848
0.04704
0.034912
0.034688
0.048032
0.033792
0.034816
0.047904
0.03472
0.034432
0.046816
0.034048
0.033824
0.047072
0.03408
0.034816
0.046848
0.034496
0.034848
0.037888
0.047136
0.033792
0.047936
0.03456
0.03584
0.13008
0.047136
0.043776
0.057344
0.036832
0.035776
0.049152
0.034816
0.034688
0.047104
0.034752
0.034432
0.048128
0.034816
0.034688
0.047104
0.033792
0.034592
0.048128
0.034496
0.034816
0.055328
0.034816
0.034592
0.047104
0.033792
0.034688
0.048128
0.034816
0.034464
0.047104
0.033792
0.034784
0.047136
0.03376
0.03472
0.048032
0.04096
0.033824
0.047744
0.033792
0.034816
0.048
0.034816
0.034592
0.048064
0.034816
0.034816
0.046944
0.034784
0.034816
0.047104
0.0344
0.033792
0.047104
0.047104
0.034752
0.034784
0.047136
0.034528
0.048832
0.04704
0.034624
0.048928
0.048128
0.033792
0.047744
0.047136
0.033792
0.034784
0.047104
0.033792
0.034784
0.047456
0.033824
0.034816
0.047104
0.040928
0.03376
0.048128
0.033792
0.034784
0.047104
0.03376
0.033792
0.047296
0.033792
0.034816
0.047136
0.034528
0.033792
0.048096
0.033792
0.033792
0.048064
0.033824
0.033824
0.04784
0.033792
0.034528
0.047104
0.033792
0.034464
0.04784
0.03376
0.033824
0.048128
0.033792
0.033792
0.047808
0.034624
0.034784
0.04784
0.03376
0.033792
0.047776
0.033792
0.034816
0.048128
0.040928
0.034784
0.048128
0.033792
0.034656
0.047808
0.034592
0.033792
0.046944
0.033792
0.033792
0.047104
0.047872
0.040672
0.125952
0.047136
0.034816
0.033824
0.047136
0.033792
0.034784
0.048128
0.05712
0.034816
0.048064
0.034688
0.03456
0.047072
0.033824
0.034688
0.047808
0.0344
0.034816
0.047072
0.03456
0.033824
0.047072
0.034784
0.035872
0.048128
0.034816
0.03456
0.047104
0.033792
0.03472
0.048128
0.034752
0.03376
0.04704
0.03376
0.03408
0.047104
0.033792
0.034816
0.047424
0.034784
0.034816
0.047936
0.034464
0.034816
0.047072
0.034656
0.034496
0.04816
0.034464
0.034784
0.046976
0.034496
0.0344
0.047104
0.033824
0.034624
0.047872
0.03472
0.034816
0.04784
0.034816
0.03376
0.048064
0.034816
0.034816
0.05424
0.033792
0.033792
0.047808
0.034752
0.033792
0.047904
0.034624
0.034592
0.048128
0.034624
0.034848
0.047104
0.034816
0.033824
0.047136
0.033792
0.03472
0.047104
0.03456
0.033792
0.047104
0.033792
0.034784
0.047808
0.033792
0.033792
0.047072
0.034816
0.03376
0.047104
0.03376
0.034848
0.047104
0.034432
0.03456
0.048128
0.034432
0.033792
0.047104
0.034816
0.03376
0.047776
0.033824
0.047872
0.034464
0.034752
0.047136
0.03456
0.033792
0.053632
0.034496
0.034784
0.048128
0.033792
0.033792
0.037856
0.047104
0.033824
0.047072
0.047104
0.034528
0.047104
0.034112
0.03376
0.048928
0.033728
0.03376
0.047136
0.033792
0.033792
0.048128
0.034784
0.033792
0.047072
0.034816
0.033792
0.047104
0.047136
0.033792
0.047968
0.046976
0.0344
0.037888
0.047808
0.034432
0.047904
0.047104
0.033792
0.03792
0.046944
0.034688
0.048096
0.034624
0.03376
0.047104
0.03408
0.034816
0.047104
0.033792
0.034784
0.047104
0.03376
0.035456
0.047808
0.034784
0.034784
0.046848
0.03456
0.035488
0.047072
0.034496
0.052192
0.047104
0.034752
0.034816
0.047072
0.034784
0.034816
0.048128
0.033792
0.034816
0.047136
0.03376
0.034816
0.048096
0.034432
0.034528
0.047136
0.034784
0.034784
0.048128
0.034592
0.034848
0.047744
0.033824
0.033792
0.03456
0.047104
0.03376
0.034784
0.047264
0.034656
0.034816
0.047072
0.034816
0.034784
0.046112
0.033792
0.033792
0.04816
0.033792
0.034592
0.047008
0.033792
0.03456
0.047776
0.034464
0.036832
0.047104
0.034528
0.034816
0.047136
0.034816
0.034528
0.048128
0.034592
0.034784
0.04688
0.034816
0.033792
0.047104
0.034752
0.033824
0.047104
0.03472
0.034816
0.048096
0.034816
0.034816
0.037888
0.047104
0.033792
0.03376
0.048128
0.03472
0.047392
0.047008
0.033792
0.03376
0.047104
0.034816
0.03376
0.047136
0.033824
0.034752
0.047264
0.034784
0.033792
0.047104
0.033792
0.03376
0.047104
0.034816
0.034816
0.047104
0.034688
0.034752
0.047072
0.034784
0.033792
0.047072
0.033792
0.074752
0.047104
0.034592
0.034784
0.047392
0.034848
0.04176
0.047104
0.034816
0.033792
0.047968
0.034784
0.033792
0.048064
0.034816
0.034496
0.048128
0.034784
0.034464
0.047936
0.033792
0.034784
0.04784
0.034816
0.034112
0.04784
0.034464
0.034816
0.04688
0.033792
0.034784
0.047744
0.033824
0.034496
0.046816
0.034784
0.033792
0.046912
0.033792
0.035808
0.047136
0.034592
0.034816
0.048928
0.034784
0.034784
0.048
0.034496
0.034816
0.048128
0.03472
0.033824
0.037856
0.047104
0.033728
0.04704
0.047104
0.034464
0.033664
0.047104
0.034784
0.033792
0.048128
0.034464
0.03456
0.047072
0.033824
0.03376
0.048128
0.033792
0.034816
0.047136
0.034816
0.03376
0.047744
0.03472
0.034624
0.047136
0.034624
0.033792
0.047104
0.034592
0.034688
0.047104
0.034592
0.033664
0.047104
0.034848
0.034496
0.048
0.033824
0.033696
0.048032
0.034688
0.03376
0.047104
0.034688
0.03344
0.048096
0.037824
0.034784
0.047776
0.033792
0.040992
0.047744
0.033792
0.03376
0.04704
0.034784
0.034784
0.047872
0.033792
0.033792
0.047136
0.033824
0.033792
0.048128
0.034816
0.03376
0.036864
0.048128
0.034784
0.047072
0.047712
0.034528
0.04608
0.048
0.033792
0.034112
0.048032
0.033792
0.033792
0.046784
0.033824
0.033824
0.047104
0.03472
0.034752
0.047104
0.034496
0.064608
0.047104
0.034816
0.034816
0.047104
0.033824
0.035712
0.047104
0.034816
0.033792
0.047104
0.033792
0.034816
0.047104
0.033792
0.034816
0.046976
0.034432
0.03392
0.047104
0.034688
0.034784
0.047136
0.036864
0.033824
0.047104
0.034592
0.034816
0.048128
0.03472
0.034496
0.047104
0.034752
0.034848
0.047936
0.033792
0.03376
0.048128
0.047872
0.034848
0.047072
0.048128
0.03472
0.03376
0.047104
0.033792
0.034816
0.048128
0.034624
0.034816
0.04784
0.034144
0.034848
0.047136
0.033792
0.03408
0.048096
0.033792
0.034656
0.04816
0.03376
0.034464
0.047072
0.034592
0.033824
0.048128
0.034816
0.03376
0.04784
0.03376
0.034432
0.047104
0.033824
0.033792
0.047744
0.03472
0.034432
0.048128
0.034112
0.03472
0.052992
0.034592
0.033792
0.048992
0.034912
0.03472
0.037888
0.047104
0.034816
0.047072
0.047104
0.034816
0.047104
0.034656
0.03456
0.048128
0.03376
0.034784
0.048128
0.033792
0.034848
0.047968
0.034624
0.03472
0.04704
0.034624
0.040672
0.046912
0.033792
0.034528
0.048128
0.033792
0.033824
0.047072
0.034784
0.034464
0.047104
0.03376
0.0344
0.047104
0.033792
0.03376
0.047328
0.033504
0.034816
0.048128
0.036672
0.033792
0.047104
0.033824
0.034528
0.047104
0.034592
0.034496
0.047872
0.034784
0.034752
0.047072
0.033792
0.033792
0.047904
0.03456
0.034816
0.047872
0.033792
0.034816
0.037856
0.047104
0.035008
0.046976
0.047104
0.034816
0.034464
0.0472
0.041856
0.047776
0.047136
0.03456
0.03376
0.047104
0.033824
0.033792
0.048128
0.034816
0.033792
0.047104
0.034816
0.034816
0.047072
0.033792
0.034816
0.048
0.033792
0.033792
0.047072
0.034784
0.034496
0.047104
0.034624
0.034432
0.047104
0.034816
0.03376
0.047776
0.034784
0.033792
0.047104
0.034816
0.034816
0.047104
0.033792
0.03376
0.047104
0.033824
0.03392
0.047136
0.033824
0.033792
0.048064
0.034688
0.03472
0.047232
0.033824
0.034752
0.047872
0.03376
0.033824
0.04704
0.034816
0.033728
0.046976
0.034624
0.034784
0.047136
0.034464
0.033792
0.047104
0.03376
0.034816
0.047136
0.034432
0.034112
0.047104
0.034496
0.03456
0.04784
0.034816
0.03472
0.047968
0.034464
0.03376
0.047136
0.03456
0.03376
0.047104
0.033792
0.034784
0.047072
0.03456
0.033792
0.047104
0.033792
0.034816
0.04704
0.034784
0.03472
0.047104
0.03376
0.034784
0.047104
0.03456
0.034752
0.047104
0.034624
0.034816
0.047104
0.034656
0.033792
0.047136
0.033792
0.033792
0.047808
0.033792
0.033792
0.047104
0.033792
0.05408
0.047104
0.034592
0.047872
0.047936
0.033792
0.034784
0.047104
0.034784
0.033792
0.047104
0.03472
0.03472
0.04688
0.033792
0.033792
0.048032
0.033792
0.034784
0.04608
0.033792
0.034784
0.047104
0.033792
0.034784
0.047136
0.033888
0.034816
0.046944
0.034816
0.034624
0.048096
0.034432
0.034784
0.047104
0.034464
0.033792
0.047744
0.031776
0.032416
0.045984
0.031712
0.031744
0.053216
0.031776
0.032
0.04608
0.031744
0.032768
0.04608
0.031744
0.031776
0.04576
0.031456
0.031712
0.045824
0.031776
0.031744
0.046912
0.031712
0.032576
0.046176
0.046048
0.03248
0.03264
0.046048
0.031776
0.032352
0.045952
0.031744
0.032064
0.046816
0.031744
0.031744
0.046272
0.031328
0.032448
0.045056
0.031744
0.03152
0.046048
0.031744
0.032768
0.04608
0.032672
0.031744
0.046016
0.031712
0.031808
0.046112
0.032384
0.03072
0.04576
0.032384
0.032672
0.04608
0.031744
0.031776
0.053216
0.031744
0.032768
0.046112
0.032448
0.031616
0.04608
0.031776
0.031744
0.04672
0.031744
0.031616
0.047072
0.031648
0.031744
0.04608
0.032768
0.031712
0.046048
0.031744
0.031456
0.04608
0.031776
0.031776
0.04704
0.031744
0.031712
0.04608
0.031424
0.031744
0.046112
0.031744
0.031744
0.04608
0.032512
0.032608
0.04608
0.032672
0.038944
0.045792
0.031744
0.030688
0.046048
0.031936
0.031744
0.045024
0.031712
0.031712
0.045088
0.031648
0.03264
0.036896
0.045888
0.031744
0.045984
0.03072
0.032736
0.046912
0.031776
0.03248
0.045792
0.032704
0.031712
0.046048
0.032576
0.032384
0.036832
0.04608
0.031744
0.036896
0.045696
0.039776
0.046016
0.046816
0.031744
0.031712
0.04608
0.032544
0.031712
0.045792
0.032384
0.031776
0.046784
0.031744
0.031392
0.046912
0.031712
0.031712
0.04608
0.031744
0.031584
0.04608
0.03168
0.031712
0.047104
0.031424
0.03072
0.037248
0.04576
0.03072
0.04592
0.031776
0.03376
0.045952
0.031712
0.032512
0.04688
0.039712
0.031488
0.046016
0.046816
0.031744
0.032448
0.04608
0.031744
0.120928
0.04592
0.032384
0.121888
0.046048
0.031776
0.04624
0.046048
0.031744
0.04608
0.046112
0.032576
0.031744
0.046048
0.031744
0.032672
0.046112
0.03152
0.031776
0.04608
0.032512
0.031744
0.045952
0.031712
0.031744
0.04608
0.031744
0.032544
0.046016
0.031744
0.031712
0.04608
0.030688
0.031712
0.045056
0.031744
0.031712
0.036832
0.04608
0.031744
0.04608
0.045024
0.031744
0.032128
0.046048
0.032512
0.031744
0.046816
0.031744
0.031744
0.04608
0.031744
0.032448
0.046048
0.031744
0.031744
0.046112
0.031744
0.031712
0.04608
0.03072
0.031744
0.04672
0.031968
0.031712
0.04608
0.049184
0.031744
0.046112
0.046784
0.031744
0.036864
0.045984
0.031744
0.124928
0.04608
0.031648
0.031616
0.046048
0.031744
0.03168
0.046048
0.031872
0.031776
0.046752
0.031776
0.03072
0.04608
0.0328
0.031744
0.046048
0.045792
0.031744
0.124544
0.04608
0.031648
0.032576
0.04608
0.031424
0.031776
0.04608
0.031776
0.031584
0.046016
0.031744
0.032768
0.046048
0.031744
0.03248
0.04608
0.032448
0.032768
0.045056
0.031584
0.031744
0.046752
0.031648
0.031744
0.046048
0.031744
0.031776
0.046848
0.031616
0.032544
0.04608
0.046112
0.031744
0.031744
0.04592
0.032544
0.032704
0.046048
0.031744
0.031744
0.046304
0.032672
0.03248
0.0512
0.032736
0.031552
0.04608
0.032768
0.032544
0.04608
0.031776
0.037536
0.047104
0.031392
0.031776
0.04608
0.031776
0.031744
0.046048
0.031712
0.031744
0.046912
0.032448
0.031744
0.04608
0.030752
0.036096
0.046048
0.031776
0.031744
0.046048
0.031744
0.031552
0.047104
0.031776
0.031744
0.03584
0.04608
0.032672
0.045056
0.046976
0.03184
0.032448
0.04608
0.03168
0.031744
0.045984
0.032576
0.031744
0.046112
0.031744
0.031776
0.046112
0.031744
0.031584
0.04704
0.031776
0.031488
0.04592
0.03264
0.031712
0.046048
0.031744
0.032416
0.04608
0.032544
0.03072
0.045952
0.047104
0.031744
0.031744
0.04608
0.031744
0.031552
0.045056
0.031744
0.032704
0.04608
0.031552
0.031744
0.04608
0.031712
0.031712
0.04608
0.031392
0.031744
0.04608
0.031744
0.032768
0.046112
0.030688
0.032416
0.045376
0.031744
0.031712
0.064512
0.031616
0.031744
0.036864
0.047104
0.031616
0.047104
0.03168
0.032416
0.036864
0.04608
0.03152
0.04592
0.046976
0.031712
0.047136
0.045888
0.031776
0.04576
0.04672
0.031712
0.032768
0.04608
0.030688
0.031744
0.04672
0.032448
0.031744
0.04576
0.044672
0.031744
0.046848
0.032352
0.032384
0.046912
0.031776
0.032448
0.045792
0.031744
0.031712
0.046048
0.031936
0.031744
0.036832
0.04608
0.031328
0.046048
0.04608
0.031648
0.031776
0.045824
0.039968
0.032768
0.046976
0.032512
0.031552
0.045952
0.031488
0.031712
0.046048
0.031744
0.039936
0.046048
0.031744
0.032512
0.04672
0.031744
0.031584
0.130016
0.04608
0.031744
0.124512
0.04608
0.031392
0.04608
0.04608
0.031744
0.031744
0.04608
0.03248
0.032768
0.045984
0.031712
0.031744
0.04592
0.031744
0.031584
0.04608
0.031744
0.031616
0.046048
0.03136
0.031712
0.036896
0.04704
0.037888
0.036864
0.04608
0.037856
0.047072
0.045888
0.032384
0.031712
0.046048
0.031744
0.031744
0.04608
0.032416
