Ih	Iw	Ic	Kh	Kw	ru	GPU	CPU
299	299	3	3	3	1.0	20.190212421052586	20.37690268421057
149	149	32	3	3	0.7714911490473402	9.83072557894734	10.461939947368917
147	147	32	3	3	0.574503963785415	9.758090368421415	10.205682473684275
73	73	64	1	1	0.9606105742165509	8.627700736842352	7.913763842105263
73	73	80	3	3	0.6138604803903172	7.495713421052579	7.830769736842538
35	35	192	1	1	0.9235671768707483	6.757955052631478	7.225095947368824
35	35	192	1	1	0.9235671768707483	6.920893894736935	7.377124789473411
35	35	48	5	5	0.6225208196362042	6.9093677894741	7.286315473683957
35	35	192	1	1	0.9235671768707483	6.969594157894595	7.338146052632243
35	35	64	3	3	0.514677684441198	6.752937368421267	7.2143871578946515
35	35	96	3	3	0.363168066715364	6.738387631578746	7.2430285789472375
35	35	192	1	1	0.9679124149659863	6.831510052631647	7.4800952105260725
35	35	256	1	1	0.5305197704081632	6.7417193157896955	7.196410894737233
35	35	256	1	1	0.5305197704081632	6.732638263158613	7.221262052631142
35	35	48	5	5	0.5589387464387464	6.98341084210528	7.49251505263185
35	35	256	1	1	0.5305197704081632	6.829452526315774	7.197131526316531
35	35	64	3	3	0.5245503104455808	6.911574473683963	7.209989157894632
35	35	96	3	3	0.3988845264183102	7.149219052631918	7.214774473684571
35	35	256	1	1	0.7472161989795918	7.657662000000106	7.223956473683825
35	35	288	1	1	0.49459467120181405	6.965937421053219	7.216909631578897
35	35	288	1	1	0.49459467120181405	7.943411578947378	7.224913842105558
35	35	48	5	5	0.42421378479070787	6.856570263158726	7.2245735263152255
35	35	288	1	1	0.49459467120181405	8.662546157894798	7.243247421052283
35	35	64	3	3	0.49657596785975167	7.1786995789475325	7.206752368420522
35	35	96	3	3	0.34368151935719504	7.266054736841603	7.300136210526369
35	35	288	1	1	0.7638236961451247	6.727973842105795	7.221084947367355
35	35	288	3	3	0.4052437641723356	7.640213842106161	7.233075052631184
35	35	288	1	1	0.4052437641723356	6.784711842105128	7.335061736842057
35	35	64	3	3	0.3454049488677867	7.967864052632179	7.160299842104522
35	35	96	3	3	0.17715986394557823	8.004294894737173	7.324008947368031
17	17	768	1	1	0.47772941897347176	8.283975684209933	7.372438789474245
17	17	768	1	1	0.47772941897347176	7.975727736841894	7.140220473684018
17	17	128	1	7	0.23303628516624042	6.5802092105261965	7.037115368420718
17	17	128	7	1	0.3459878516624041	6.660220052631572	7.226500315788835
17	17	768	1	1	0.47772941897347176	6.647823736841848	7.163522842104741
17	17	128	7	1	0.30382832480818417	6.598903473683187	7.080338157893463
17	17	128	1	7	0.2970548273657289	6.527659473684815	7.1535763684204765
17	17	128	7	1	0.2798313618925831	6.9152117368426955	6.99053694736793
17	17	128	1	7	0.32456841432225064	8.112314263157907	7.244671368421656
17	17	768	1	1	0.8167351499423299	7.899475631577732	7.235059315790767
17	17	768	1	1	0.3091208910034602	6.615329105263126	7.192373263157044
17	17	768	1	1	0.3091208910034602	6.595222894736633	7.05386836842187
17	17	160	1	7	0.18136189258312022	7.705353315788886	7.069374315789608
17	17	160	7	1	0.25255754475703324	7.870201210525127	7.039747842104903
17	17	768	1	1	0.3091208910034602	7.926738473684443	7.061250052631345
17	17	160	7	1	0.21446611253196932	6.609395157894189	7.0742348947373115
17	17	160	1	7	0.2597346547314578	6.873530789473205	7.229031000001011
17	17	160	7	1	0.22346547314578005	6.714006789473022	7.124107421051319
17	17	160	1	7	0.2960997442455243	6.62365931578946	7.060207526315684
17	17	768	1	1	0.6226886894463668	7.694051894737778	7.064075000000146
17	17	768	1	1	0.30009641724336794	6.843311421052153	7.12745857894809
17	17	768	1	1	0.30009641724336794	6.592350894736473	7.059277105264228
17	17	160	1	7	0.19250319693094628	6.526306368420209	7.0147257894731005
17	17	160	7	1	0.21825447570332482	7.30931989473872	6.984327789472906
17	17	768	1	1	0.30009641724336794	7.801452368423007	7.196062684208845
17	17	160	7	1	0.18945012787723786	6.845238684209077	7.526936947368618
17	17	160	1	7	0.22111572890025574	6.666570631580271	7.136915052631827
17	17	160	7	1	0.18724424552429667	6.599042526315801	7.090068368421199
17	17	160	1	7	0.2580882352941177	6.672742947370724	7.042053000000393
17	17	768	1	1	0.6068879757785467	7.694516052633335	7.06406310526045
17	17	768	1	1	0.2474679209919262	6.602838421052955	7.066808631576967
17	17	768	1	1	0.2474679209919262	6.845580421052719	7.166009631579809
17	17	192	1	7	0.12481351236146633	6.606315210526167	7.048892526314962
17	17	192	7	1	0.22904678175618073	7.759561526315014	7.0678075789480115
17	17	768	1	1	0.2474679209919262	7.905163052631051	7.050562157895743
17	17	192	7	1	0.15862105711849958	6.505706368421808	7.010838157893916
17	17	192	1	7	0.20847985933503838	7.899752947371266	7.272712263157569
17	17	192	7	1	0.17343350383631714	6.593299263161013	7.056141999999149
17	17	192	1	7	0.19858269394714406	6.5247377368416135	7.219971526314782
17	17	768	1	1	0.5948268094002307	7.088130684211155	7.269867210524694
17	17	768	1	1	0.12602274365628605	8.188658000002803	7.132256999998719
17	17	192	3	3	0.16962226066897348	6.537139894736524	6.988342157894959
17	17	768	1	1	0.12602274365628605	6.610168368419223	7.0943922105253945
17	17	192	1	7	0.22221334185848252	6.61731563158023	7.078842368420923
17	17	192	7	1	0.26110933503836314	6.604936000001478	7.075766684209839
17	17	192	3	3	0.24050245098039216	6.633075526317019	7.077006684210717
8	8	1280	1	1	0.35396728515625	6.547140000001742	6.993744684211235
8	8	1280	1	1	0.35396728515625	6.844550052630744	7.179448210526343
8	8	384	1	3	0.21302083333333333	6.633074105264457	7.097212105261825
8	8	384	3	1	0.21302083333333333	6.571985999999553	7.028167421053336
8	8	1280	1	1	0.35396728515625	6.5367713157910075	7.014250947368564
8	8	448	3	3	0.16484375	7.805587736841421	6.928514578946551
8	8	384	1	3	0.21901041666666668	7.836612684212547	6.945970473683803
8	8	384	3	1	0.21901041666666668	6.49074626315906	6.957498210527403
8	8	1280	1	1	0.69127197265625	6.551939052632119	7.004003052630848
8	8	2048	1	1	0.1142578125	6.940170105263938	7.226591473683261
8	8	2048	1	1	0.1142578125	7.686829210526687	7.013141684207892
8	8	384	1	3	0.06630859375	6.482740210525674	6.96090068420948
8	8	384	3	1	0.06630859375	6.468859526313808	6.931504157897076
8	8	2048	1	1	0.1142578125	7.423812631577227	6.97551547368167
8	8	448	3	3	0.11379464285714286	6.5587706842088185	7.026293105262856
8	8	384	1	3	0.209375	7.850351421053036	6.927044473685166
8	8	384	3	1	0.209375	7.634834210525816	7.019062105263473
8	8	2048	1	1	0.34130096435546875	8.119608894736828	7.188343157894762
299	299	3	3	3	1.0000	19.9694	20.4794
149	149	32	3	3	0.7689	9.8866	10.3175
147	147	32	3	3	0.5621	9.7148	10.2614
73	73	64	1	1	0.9545	7.3721	7.8530
73	73	80	3	3	0.6034	7.6364	8.0384
35	35	192	1	1	0.9289	6.7489	7.2309
35	35	192	1	1	0.9289	6.7266	7.1861
35	35	48	5	5	0.6008	6.7487	7.1517
35	35	192	1	1	0.9289	6.7845	7.2593
35	35	64	3	3	0.4996	6.7573	7.2304
35	35	96	3	3	0.3542	6.7542	7.2568
35	35	192	1	1	0.9726	6.7779	7.2434
35	35	256	1	1	0.5231	7.0408	7.3309
35	35	256	1	1	0.5231	6.7078	7.1485
35	35	48	5	5	0.5142	6.7618	7.2565
35	35	256	1	1	0.5231	6.6958	7.1548
35	35	64	3	3	0.5151	6.7212	7.1782
35	35	96	3	3	0.3839	6.7626	7.2379
35	35	256	1	1	0.7618	6.7913	7.2378
35	35	288	1	1	0.4784	7.1324	7.1898
35	35	288	1	1	0.4784	7.0292	7.3458
35	35	48	5	5	0.4082	6.7632	7.2207
35	35	288	1	1	0.4784	6.8032	7.2069
35	35	64	3	3	0.4808	6.7982	7.2294
35	35	96	3	3	0.3423	7.0589	7.6079
35	35	288	1	1	0.7668	6.7034	7.1693
35	35	288	3	3	0.3998	6.9047	8.6846
35	35	288	1	1	0.3998	6.7221	7.1998
35	35	64	3	3	0.3264	6.7183	7.1994
35	35	96	3	3	0.1850	6.7051	7.1841
17	17	768	1	1	0.4917	6.6875	7.0745
17	17	768	1	1	0.4917	6.5661	6.9897
17	17	128	1	7	0.2401	6.6854	7.0813
17	17	128	7	1	0.3214	6.7454	7.2856
17	17	768	1	1	0.4917	6.5417	6.9982
17	17	128	7	1	0.3047	6.6178	7.0683
17	17	128	1	7	0.3020	6.5854	7.1093
17	17	128	7	1	0.2922	6.6031	7.1053
17	17	128	1	7	0.3026	6.6284	7.0741
17	17	768	1	1	0.8500	6.6175	7.0879
17	17	768	1	1	0.2957	6.6199	7.0502
17	17	768	1	1	0.2957	6.9234	7.2186
17	17	160	1	7	0.1894	6.6200	7.0753
17	17	160	7	1	0.2475	6.5927	7.0805
17	17	768	1	1	0.2957	6.6127	7.0825
17	17	160	7	1	0.2162	6.5309	7.0581
17	17	160	1	7	0.2503	6.5867	7.0692
17	17	160	7	1	0.2135	6.6426	7.0672
17	17	160	1	7	0.2916	6.8453	7.3745
17	17	768	1	1	0.6268	9.6775	7.0744
17	17	768	1	1	0.3059	6.6024	7.0887
17	17	768	1	1	0.3059	6.6318	7.0828
17	17	160	1	7	0.1839	6.5692	7.0255
17	17	160	7	1	0.2108	6.7034	7.0898
17	17	768	1	1	0.3059	6.8450	7.3118
17	17	160	7	1	0.1872	6.5466	7.1592
17	17	160	1	7	0.2122	6.6103	7.0716
17	17	160	7	1	0.1786	6.5807	7.0647
17	17	160	1	7	0.2726	6.5988	7.0709
17	17	768	1	1	0.6352	6.5993	7.2602
17	17	768	1	1	0.2570	6.6253	7.0647
17	17	768	1	1	0.2570	6.6344	7.0499
17	17	192	1	7	0.1282	6.8843	7.3371
17	17	192	7	1	0.2291	6.5922	7.0713
17	17	768	1	1	0.2570	6.5334	7.0055
17	17	192	7	1	0.1621	6.6449	6.9847
17	17	192	1	7	0.2037	6.7365	7.1008
17	17	192	7	1	0.1876	6.7290	7.2606
17	17	192	1	7	0.2187	6.5829	7.0676
17	17	768	1	1	0.6053	6.6620	7.2078
17	17	768	1	1	0.1284	7.0457	7.2844
17	17	192	3	3	0.1586	6.7366	7.2449
17	17	768	1	1	0.1284	6.6167	7.0766
17	17	192	1	7	0.1973	6.6225	7.1068
17	17	192	7	1	0.2464	6.6373	7.3973
17	17	192	3	3	0.2531	6.6160	7.2452
8	8	1280	1	1	0.3325	6.4776	6.9409
8	8	1280	1	1	0.3325	6.5143	6.9358
8	8	384	1	3	0.1640	6.6575	7.0876
8	8	384	3	1	0.1640	6.4722	6.9266
8	8	1280	1	1	0.3325	6.5299	7.0170
8	8	448	3	3	0.1331	6.6640	6.9925
8	8	384	1	3	0.2003	10.2002	7.2129
8	8	384	3	1	0.2003	6.7840	6.9524
8	8	1280	1	1	0.6614	6.7646	6.9993
8	8	2048	1	1	0.0937	6.7680	7.0021
8	8	2048	1	1	0.0937	6.6725	6.9601
8	8	384	1	3	0.0488	6.5783	7.0297
8	8	384	3	1	0.0488	6.5394	7.0098
8	8	2048	1	1	0.0937	6.5588	7.0463
8	8	448	3	3	0.0866	6.8504	7.2226
8	8	384	1	3	0.1356	6.5455	7.1951
8	8	384	3	1	0.1356	6.8038	6.9833
8	8	2048	1	1	0.2767	6.5377	6.9423
299	299	3	3	3	1.0000	20.5932	21.3609
149	149	32	3	3	0.6866	9.9676	10.4505
147	147	32	3	3	0.5669	10.1220	11.1321
73	73	64	1	1	0.9571	7.5629	8.0765
73	73	80	3	3	0.5366	7.7329	8.3451
35	35	192	1	1	0.9328	6.8214	7.3363
35	35	192	1	1	0.9328	7.0168	7.6594
35	35	48	5	5	0.5975	6.8215	7.3245
35	35	192	1	1	0.9328	6.9158	7.4879
35	35	64	3	3	0.4490	6.9303	7.7527
35	35	96	3	3	0.3562	6.8379	7.3221
35	35	192	1	1	0.9762	6.9753	7.4245
35	35	256	1	1	0.5103	6.8276	7.2982
35	35	256	1	1	0.5103	6.8142	7.2735
35	35	48	5	5	0.5035	6.8829	7.4919
35	35	256	1	1	0.5103	7.1062	7.4682
35	35	64	3	3	0.5142	7.1694	7.2820
35	35	96	3	3	0.3799	7.0864	7.6631
35	35	256	1	1	0.7481	6.7997	7.3159
35	35	288	1	1	0.4540	7.2752	7.3434
35	35	288	1	1	0.4540	6.8201	7.3039
35	35	48	5	5	0.4209	6.8315	7.3170
35	35	288	1	1	0.4540	7.2849	7.3451
35	35	64	3	3	0.4987	6.8252	7.3091
35	35	96	3	3	0.3339	7.2999	7.8873
35	35	288	1	1	0.7557	6.7975	7.2763
35	35	288	3	3	0.3959	6.9405	7.4443
35	35	288	1	1	0.3959	6.8246	7.3041
35	35	64	3	3	0.3209	6.8382	7.3293
35	35	96	3	3	0.1795	6.8197	7.2728
17	17	768	1	1	0.4921	7.0688	7.4449
17	17	768	1	1	0.4921	6.6114	7.1437
17	17	128	1	7	0.2446	6.7039	7.1909
17	17	128	7	1	0.2984	6.6338	7.1180
17	17	768	1	1	0.4921	6.7151	7.2277
17	17	128	7	1	0.2855	6.5811	7.0384
17	17	128	1	7	0.2916	6.5892	7.0907
17	17	128	7	1	0.2712	6.5554	7.0126
17	17	128	1	7	0.3158	6.8880	7.2203
17	17	768	1	1	0.8450	6.5487	7.0332
17	17	768	1	1	0.2810	6.6749	7.0132
17	17	768	1	1	0.2810	6.6336	7.0939
17	17	160	1	7	0.1771	6.5916	7.1153
17	17	160	7	1	0.2507	6.6028	7.0935
17	17	768	1	1	0.2810	6.6358	7.0948
17	17	160	7	1	0.1975	6.5586	7.0159
17	17	160	1	7	0.2533	6.9500	7.2074
17	17	160	7	1	0.2374	6.5911	7.0734
17	17	160	1	7	0.2646	6.8765	7.4833
17	17	768	1	1	0.6040	6.5598	7.0610
17	17	768	1	1	0.2916	6.7415	7.1982
17	17	768	1	1	0.2916	6.6220	7.0386
17	17	160	1	7	0.1557	6.9468	7.3831
17	17	160	7	1	0.2028	6.6443	7.1284
17	17	768	1	1	0.2916	6.5954	7.0753
17	17	160	7	1	0.1543	6.6747	7.1045
17	17	160	1	7	0.1951	6.6653	7.1683
17	17	160	7	1	0.1804	6.5781	7.0248
17	17	160	1	7	0.2419	6.5779	7.0083
17	17	768	1	1	0.5976	6.6670	7.0988
17	17	768	1	1	0.2365	6.9511	7.2452
17	17	768	1	1	0.2365	6.6179	7.0842
17	17	192	1	7	0.1218	6.6606	7.1174
17	17	192	7	1	0.1958	6.5868	7.0195
17	17	768	1	1	0.2365	6.6315	7.0868
17	17	192	7	1	0.1602	6.6071	7.0696
17	17	192	1	7	0.1912	6.5331	6.9959
17	17	192	7	1	0.1767	6.6554	7.0240
17	17	192	1	7	0.1995	6.8337	7.1761
17	17	768	1	1	0.5700	6.6285	7.0589
17	17	768	1	1	0.1043	6.6114	7.0737
17	17	192	3	3	0.1682	6.8615	7.3719
17	17	768	1	1	0.1043	6.5645	7.0257
17	17	192	1	7	0.2172	6.8877	7.4012
17	17	192	7	1	0.2489	6.6128	7.0389
17	17	192	3	3	0.2439	6.6555	7.2854
8	8	1280	1	1	0.3035	6.6312	7.1227
8	8	1280	1	1	0.3035	6.6483	7.0229
8	8	384	1	3	0.1657	6.5895	7.0391
8	8	384	3	1	0.1657	6.4837	6.9742
8	8	1280	1	1	0.3035	6.5457	7.3906
8	8	448	3	3	0.1448	6.4671	6.9236
8	8	384	1	3	0.1967	6.5262	6.9911
8	8	384	3	1	0.1967	6.5242	6.9268
8	8	1280	1	1	0.6596	6.4847	6.9530
8	8	2048	1	1	0.1032	6.4824	6.9582
8	8	2048	1	1	0.1032	6.5961	7.1931
8	8	384	1	3	0.0534	6.5866	6.9317
8	8	384	3	1	0.0534	6.6731	7.2684
8	8	2048	1	1	0.1032	6.5883	7.0104
8	8	448	3	3	0.0954	7.0637	7.0221
8	8	384	1	3	0.1650	6.4914	6.9451
8	8	384	3	1	0.1650	6.6224	6.9404
8	8	2048	1	1	0.3258	6.5029	6.9395
