1.116863 	 1.487216 	 1.494983 	 0.747352 	 1.117488
5.675026 	 7.468889 	 2.959732 	 1.918142 	 5.677324
7.619833 	 9.685972 	 2.959732 	 2.552927 	 7.623978
0.520444 	 0.688760 	 1.000000 	 0.520444 	 0.520502
6.931618 	 8.664841 	 2.917808 	 2.396121 	 6.934479
0.541334 	 0.707547 	 1.000000 	 0.541334 	 0.541379
0.541334 	 0.707547 	 1.000000 	 0.541334 	 0.541379
16.140012 	 20.524133 	 4.487179 	 3.354908 	 16.171973
0.541334 	 0.707547 	 1.000000 	 0.541334 	 0.541379
7.814300 	 9.878756 	 2.837838 	 2.660874 	 7.823657
11.075069 	 13.499656 	 2.837838 	 3.771460 	 11.087599
0.516535 	 0.680593 	 1.000000 	 0.516535 	 0.516576
0.942370 	 1.164998 	 1.000000 	 0.942370 	 0.942472
0.942370 	 1.164998 	 1.000000 	 0.942370 	 0.942472
17.971978 	 22.497704 	 4.487179 	 3.731343 	 18.011616
0.942370 	 1.164998 	 1.000000 	 0.942370 	 0.942472
7.667398 	 9.701103 	 2.837838 	 2.606306 	 7.676407
10.084418 	 12.330060 	 2.837838 	 3.426928 	 10.094806
0.669099 	 0.863448 	 1.000000 	 0.669099 	 0.669150
1.010830 	 1.218266 	 1.000000 	 1.010830 	 1.010935
1.010830 	 1.218266 	 1.000000 	 1.010830 	 1.010935
23.663115 	 27.639892 	 4.487179 	 4.942273 	 23.731878
1.010830 	 1.218266 	 1.000000 	 1.010830 	 1.010935
8.098802 	 9.737114 	 2.837838 	 2.761190 	 8.108854
11.702010 	 13.169093 	 2.837838 	 3.996677 	 11.716000
0.654558 	 0.845992 	 1.000000 	 0.654558 	 0.654601
2.619390 	 3.012644 	 1.457143 	 1.810187 	 2.619720
1.233661 	 1.418873 	 1.000000 	 1.233661 	 1.233817
11.637035 	 13.151665 	 2.837838 	 3.969129 	 11.657800
5.987339 	 6.286405 	 1.457143 	 4.125297 	 5.992512
1.046529 	 1.244244 	 1.000000 	 1.046529 	 1.046618
1.046529 	 1.244244 	 1.000000 	 1.046529 	 1.046618
11.041446 	 12.272227 	 1.000000 	 1.779929 	 11.101089
7.473131 	 8.645588 	 5.173913 	 7.473131 	 7.477015
1.046529 	 1.244244 	 1.000000 	 1.046529 	 1.046618
8.509497 	 9.833068 	 5.173913 	 8.509497 	 8.514534
8.671936 	 9.942177 	 1.000000 	 1.393671 	 8.708684
9.238761 	 10.674142 	 5.173913 	 9.238761 	 9.244698
7.939658 	 9.456378 	 1.000000 	 1.273904 	 7.970451
0.612163 	 0.782287 	 1.000000 	 0.612163 	 0.612194
1.617278 	 1.850680 	 1.000000 	 1.617278 	 1.617490
1.617278 	 1.850680 	 1.000000 	 1.617278 	 1.617490
14.185292 	 15.804688 	 1.000000 	 2.285166 	 14.264058
10.237207 	 11.608507 	 5.173913 	 10.237207 	 10.243038
1.617278 	 1.850680 	 1.000000 	 1.617278 	 1.617490
12.054223 	 13.764246 	 5.173913 	 12.054223 	 12.062309
9.921530 	 11.379153 	 1.000000 	 1.596244 	 9.959998
11.569090 	 13.140630 	 5.173913 	 11.569090 	 11.576538
8.707161 	 10.217817 	 1.000000 	 1.394812 	 8.736774
0.802917 	 1.006015 	 1.000000 	 0.802917 	 0.802969
1.665906 	 1.903109 	 1.000000 	 1.665906 	 1.666131
1.665906 	 1.903109 	 1.000000 	 1.665906 	 1.666131
13.368578 	 14.730806 	 1.000000 	 2.178167 	 13.438512
11.845129 	 13.137430 	 5.173913 	 11.845129 	 11.852937
1.665906 	 1.903109 	 1.000000 	 1.665906 	 1.666131
13.644718 	 15.047185 	 5.173913 	 13.644718 	 13.655079
11.646517 	 12.765924 	 1.000000 	 1.857071 	 11.699559
13.805340 	 14.963018 	 5.173913 	 13.805340 	 13.815947
9.984576 	 11.160610 	 1.000000 	 1.591848 	 10.023535
0.823820 	 1.027227 	 1.000000 	 0.823820 	 0.823875
2.020133 	 2.247911 	 1.000000 	 2.020133 	 2.020464
2.020133 	 2.247911 	 1.000000 	 2.020133 	 2.020464
20.588148 	 21.503405 	 1.000000 	 3.504990 	 20.726574
11.288538 	 12.042040 	 5.173913 	 11.288538 	 11.294446
2.020133 	 2.247911 	 1.000000 	 2.020133 	 2.020464
16.296719 	 17.099538 	 5.173913 	 16.296719 	 16.309036
12.358916 	 13.247928 	 1.000000 	 2.014251 	 12.408664
14.905825 	 15.739363 	 5.173913 	 14.905825 	 14.916129
12.972280 	 14.274227 	 1.000000 	 2.109764 	 13.027100
0.840524 	 1.041740 	 1.000000 	 0.840524 	 0.840581
3.966262 	 4.172893 	 1.000000 	 3.966262 	 3.967538
5.869441 	 6.212336 	 1.411765 	 4.196562 	 5.875053
3.966262 	 4.172893 	 1.000000 	 3.966262 	 3.967538
11.597970 	 12.747489 	 1.000000 	 1.881277 	 11.641770
9.903014 	 11.196126 	 5.173913 	 9.903014 	 9.907560
4.140782 	 4.526152 	 1.411765 	 2.910699 	 4.143574
1.412341 	 1.616863 	 1.000000 	 1.412341 	 1.412560
1.412341 	 1.616863 	 1.000000 	 1.412341 	 1.412560
5.621655 	 6.079156 	 1.000000 	 2.043856 	 5.633252
5.629381 	 6.088192 	 2.400000 	 5.629381 	 5.633252
1.412341 	 1.616863 	 1.000000 	 1.412341 	 1.412560
17.439211 	 18.933744 	 2.400000 	 6.764569 	 17.471090
5.468219 	 5.992685 	 1.000000 	 2.017348 	 5.479191
5.475529 	 6.001465 	 2.400000 	 5.475529 	 5.479191
0.723247 	 0.916054 	 1.000000 	 0.723247 	 0.723304
4.374462 	 4.659178 	 1.000000 	 4.374462 	 4.375776
4.374462 	 4.659178 	 1.000000 	 4.374462 	 4.375776
17.978054 	 18.651151 	 1.000000 	 6.454346 	 18.097202
18.057311 	 18.736468 	 2.400000 	 18.057311 	 18.097202
4.374462 	 4.659178 	 1.000000 	 4.374462 	 4.375776
25.241906 	 26.768465 	 2.400000 	 9.894858 	 25.308749
5.719339 	 6.416152 	 1.000000 	 2.087725 	 5.731343
5.727336 	 6.426218 	 2.400000 	 5.727336 	 5.731343
1.464803 	 1.747301 	 1.000000 	 1.464803 	 1.464950
1.116863 	 1.487216 	 1.494983 	 0.747352 	 1.117488
5.694186 	 7.455137 	 2.959732 	 1.924931 	 5.696500
7.787514 	 9.834784 	 2.959732 	 2.609021 	 7.791843
0.523759 	 0.692248 	 1.000000 	 0.523759 	 0.523818
7.052240 	 8.816855 	 2.917808 	 2.437294 	 7.055201
0.538198 	 0.703509 	 1.000000 	 0.538198 	 0.538242
0.538198 	 0.703509 	 1.000000 	 0.538198 	 0.538242
16.722408 	 21.090993 	 4.487179 	 3.475539 	 16.756720
0.538198 	 0.703509 	 1.000000 	 0.538198 	 0.538242
8.049832 	 10.100056 	 2.837838 	 2.741280 	 8.059763
11.354761 	 13.614963 	 2.837838 	 3.867347 	 11.367933
0.514058 	 0.677162 	 1.000000 	 0.514058 	 0.514098
0.955719 	 1.173618 	 1.000000 	 0.955719 	 0.955824
0.955719 	 1.173618 	 1.000000 	 0.955719 	 0.955824
19.532288 	 23.988251 	 4.487179 	 4.059562 	 19.579116
0.955719 	 1.173618 	 1.000000 	 0.955719 	 0.955824
7.807728 	 9.798503 	 2.837838 	 2.656027 	 7.817070
10.476926 	 12.669228 	 2.837838 	 3.559873 	 10.488138
0.656284 	 0.844298 	 1.000000 	 0.656284 	 0.656333
1.045073 	 1.255690 	 1.000000 	 1.045073 	 1.045185
1.045073 	 1.255690 	 1.000000 	 1.045073 	 1.045185
24.588519 	 28.498866 	 4.487179 	 5.137130 	 24.662774
1.045073 	 1.255690 	 1.000000 	 1.045073 	 1.045185
8.364550 	 9.952887 	 2.837838 	 2.853699 	 8.375273
11.750078 	 13.105173 	 2.837838 	 4.015997 	 11.764183
0.652053 	 0.839113 	 1.000000 	 0.652053 	 0.652097
2.654778 	 3.041154 	 1.457143 	 1.839390 	 2.655116
1.250328 	 1.432301 	 1.000000 	 1.250328 	 1.250487
12.312417 	 13.736178 	 2.837838 	 4.201651 	 12.335664
5.734601 	 6.026355 	 1.457143 	 3.960914 	 5.739346
1.016860 	 1.202099 	 1.000000 	 1.016860 	 1.016944
1.016860 	 1.202099 	 1.000000 	 1.016860 	 1.016944
10.717881 	 11.757356 	 1.000000 	 1.721359 	 10.774070
8.043738 	 9.087668 	 5.173913 	 8.043738 	 8.048238
1.016860 	 1.202099 	 1.000000 	 1.016860 	 1.016944
8.484960 	 9.683408 	 5.173913 	 8.484960 	 8.489967
8.530241 	 9.889776 	 1.000000 	 1.368756 	 8.565796
8.849156 	 10.245875 	 5.173913 	 8.849156 	 8.854603
8.512295 	 10.029592 	 1.000000 	 1.364817 	 8.547699
0.588211 	 0.752862 	 1.000000 	 0.588211 	 0.588239
1.690676 	 1.894306 	 1.000000 	 1.690676 	 1.690908
1.690676 	 1.894306 	 1.000000 	 1.690676 	 1.690908
13.586300 	 14.798153 	 1.000000 	 2.185255 	 13.658537
10.448031 	 11.516402 	 5.173913 	 10.448031 	 10.454105
1.690676 	 1.894306 	 1.000000 	 1.690676 	 1.690908
11.955382 	 13.216823 	 5.173913 	 11.955382 	 11.963335
10.295820 	 11.669190 	 1.000000 	 1.654062 	 10.337251
12.110147 	 13.594288 	 5.173913 	 12.110147 	 12.118308
8.839851 	 10.242714 	 1.000000 	 1.418728 	 8.870375
0.797608 	 0.994435 	 1.000000 	 0.797608 	 0.797660
1.634379 	 1.839483 	 1.000000 	 1.634379 	 1.634596
1.634379 	 1.839483 	 1.000000 	 1.634379 	 1.634596
13.990318 	 15.147176 	 1.000000 	 2.264764 	 14.066927
12.263393 	 13.436281 	 5.173913 	 12.263393 	 12.271762
1.634379 	 1.839483 	 1.000000 	 1.634379 	 1.634596
13.806518 	 15.037398 	 5.173913 	 13.806518 	 13.817126
12.134663 	 13.416231 	 1.000000 	 1.940667 	 12.192256
14.471966 	 15.800830 	 5.173913 	 14.471966 	 14.483623
9.454928 	 10.719656 	 1.000000 	 1.509828 	 9.489856
0.787159 	 0.980340 	 1.000000 	 0.787159 	 0.787209
1.944900 	 2.158121 	 1.000000 	 1.944900 	 1.945207
1.944900 	 2.158121 	 1.000000 	 1.944900 	 1.945207
20.054523 	 21.091225 	 1.000000 	 3.368392 	 20.185843
11.284602 	 12.160040 	 5.173913 	 11.284602 	 11.290506
1.944900 	 2.158121 	 1.000000 	 1.944900 	 1.945207
15.950066 	 16.911917 	 5.173913 	 15.950066 	 15.961864
12.650339 	 13.802004 	 1.000000 	 2.045673 	 12.702466
13.784371 	 14.954031 	 5.173913 	 13.784371 	 13.793182
11.782321 	 13.210081 	 1.000000 	 1.893715 	 11.827527
0.825991 	 1.023608 	 1.000000 	 0.825991 	 0.826046
3.892665 	 4.154382 	 1.000000 	 3.892665 	 3.893895
6.277929 	 6.724144 	 1.411765 	 4.539715 	 6.284350
3.892665 	 4.154382 	 1.000000 	 3.892665 	 3.893895
13.054245 	 14.402848 	 1.000000 	 2.115786 	 13.109761
10.494326 	 11.897448 	 5.173913 	 10.494326 	 10.499432
3.935378 	 4.455582 	 1.411765 	 2.773328 	 3.937901
1.503533 	 1.704465 	 1.000000 	 1.503533 	 1.503781
1.503533 	 1.704465 	 1.000000 	 1.503533 	 1.503781
7.297634 	 7.841736 	 1.000000 	 2.658110 	 7.317189
7.310659 	 7.856777 	 2.400000 	 7.310659 	 7.317189
1.503533 	 1.704465 	 1.000000 	 1.503533 	 1.503781
21.581333 	 22.848238 	 2.400000 	 8.235662 	 21.630176
5.978108 	 6.529802 	 1.000000 	 2.214786 	 5.991224
5.986845 	 6.540229 	 2.400000 	 5.986845 	 5.991224
0.755866 	 0.953057 	 1.000000 	 0.755866 	 0.755929
5.334853 	 5.666998 	 1.000000 	 5.334853 	 5.336808
5.334853 	 5.666998 	 1.000000 	 5.334853 	 5.336808
24.389018 	 25.094622 	 1.000000 	 9.003297 	 24.608812
24.535108 	 25.249315 	 2.400000 	 24.535108 	 24.608812
5.334853 	 5.666998 	 1.000000 	 5.334853 	 5.336808
33.129798 	 34.503008 	 2.400000 	 13.166386 	 33.245040
8.820194 	 9.595003 	 1.000000 	 3.404979 	 8.848776
8.839228 	 9.617532 	 2.400000 	 8.839228 	 8.848776
1.806718 	 2.136428 	 1.000000 	 1.806718 	 1.806943
1.116867 	 1.487220 	 1.494983 	 0.747356 	 1.117492
6.375969 	 8.332330 	 2.959732 	 2.155235 	 6.378871
7.722058 	 9.664823 	 2.959732 	 2.587209 	 7.726315
0.522355 	 0.690892 	 1.000000 	 0.522355 	 0.522414
7.928940 	 9.821352 	 2.917808 	 2.742576 	 7.932683
0.535998 	 0.701144 	 1.000000 	 0.535998 	 0.536041
0.535998 	 0.701144 	 1.000000 	 0.535998 	 0.536041
16.813835 	 21.404234 	 4.487179 	 3.492085 	 16.848524
0.535998 	 0.701144 	 1.000000 	 0.535998 	 0.536041
8.956588 	 11.275348 	 2.837838 	 3.048817 	 8.968883
11.290323 	 13.792205 	 2.837838 	 3.845707 	 11.303345
0.512159 	 0.675195 	 1.000000 	 0.512159 	 0.512200
0.979798 	 1.211887 	 1.000000 	 0.979798 	 0.979908
0.979798 	 1.211887 	 1.000000 	 0.979798 	 0.979908
19.944102 	 24.629717 	 4.487179 	 4.152003 	 19.992928
0.979798 	 1.211887 	 1.000000 	 0.979798 	 0.979908
7.821576 	 9.818410 	 2.837838 	 2.662682 	 7.830951
10.586964 	 12.780448 	 2.837838 	 3.596550 	 10.598414
0.668323 	 0.862593 	 1.000000 	 0.668323 	 0.668375
1.101309 	 1.322195 	 1.000000 	 1.101309 	 1.101433
1.101309 	 1.322195 	 1.000000 	 1.101309 	 1.101433
23.847377 	 28.075403 	 4.487179 	 4.988970 	 23.917217
1.101309 	 1.322195 	 1.000000 	 1.101309 	 1.101433
8.064184 	 9.744780 	 2.837838 	 2.747000 	 8.074150
12.044792 	 13.644450 	 2.837838 	 4.116142 	 12.059614
0.661611 	 0.851931 	 1.000000 	 0.661611 	 0.661655
2.681117 	 3.088590 	 1.457143 	 1.854527 	 2.681462
1.262733 	 1.454641 	 1.000000 	 1.262733 	 1.262896
12.524406 	 14.235565 	 2.837838 	 4.271600 	 12.548462
5.910804 	 6.325581 	 1.457143 	 4.077868 	 5.915845
1.015985 	 1.207725 	 1.000000 	 1.015985 	 1.016068
1.015985 	 1.207725 	 1.000000 	 1.015985 	 1.016068
10.520192 	 11.883071 	 1.000000 	 1.683554 	 10.574322
8.665551 	 10.041649 	 5.173913 	 8.665551 	 8.670774
1.015985 	 1.207725 	 1.000000 	 1.015985 	 1.016068
9.054619 	 10.360246 	 5.173913 	 9.054619 	 9.060322
8.834061 	 10.099220 	 1.000000 	 1.418545 	 8.872199
9.531915 	 10.947155 	 5.173913 	 9.531915 	 9.538235
8.158286 	 9.598339 	 1.000000 	 1.306057 	 8.190802
0.591673 	 0.756828 	 1.000000 	 0.591673 	 0.591702
1.779032 	 2.026940 	 1.000000 	 1.779032 	 1.779288
1.779032 	 2.026940 	 1.000000 	 1.779032 	 1.779288
14.521310 	 16.049187 	 1.000000 	 2.328767 	 14.603862
10.313536 	 11.678032 	 5.173913 	 10.313536 	 10.319454
1.779032 	 2.026940 	 1.000000 	 1.779032 	 1.779288
13.087498 	 14.804922 	 5.173913 	 13.087498 	 13.097030
10.172219 	 11.697868 	 1.000000 	 1.621741 	 10.212659
10.889517 	 12.644244 	 5.173913 	 10.889517 	 10.896115
9.738837 	 11.493910 	 1.000000 	 1.577188 	 9.775899
0.827716 	 1.031543 	 1.000000 	 0.827716 	 0.827771
1.714180 	 1.971960 	 1.000000 	 1.714180 	 1.714418
1.714180 	 1.971960 	 1.000000 	 1.714180 	 1.714418
16.507548 	 18.256063 	 1.000000 	 2.672965 	 16.614311
12.746318 	 14.306931 	 5.173913 	 12.746318 	 12.755359
1.714180 	 1.971960 	 1.000000 	 1.714180 	 1.714418
16.750155 	 18.745584 	 5.173913 	 16.750155 	 16.765772
13.194195 	 14.844983 	 1.000000 	 2.117355 	 13.262313
14.331002 	 16.091474 	 5.173913 	 14.331002 	 14.342432
10.649470 	 12.156995 	 1.000000 	 1.714570 	 10.693802
0.836576 	 1.043679 	 1.000000 	 0.836576 	 0.836633
2.113507 	 2.367235 	 1.000000 	 2.113507 	 2.113869
2.113507 	 2.367235 	 1.000000 	 2.113507 	 2.113869
21.091225 	 22.537774 	 1.000000 	 3.539937 	 21.236523
13.201550 	 14.343279 	 5.173913 	 13.201550 	 13.209631
2.113507 	 2.367235 	 1.000000 	 2.113507 	 2.113869
16.134253 	 17.420101 	 5.173913 	 16.134253 	 16.146325
13.472633 	 14.734494 	 1.000000 	 2.191222 	 13.531773
14.631809 	 15.704363 	 5.173913 	 14.631809 	 14.641737
12.912766 	 14.442478 	 1.000000 	 2.102205 	 12.967083
0.877177 	 1.088096 	 1.000000 	 0.877177 	 0.877239
4.792124 	 5.099414 	 1.000000 	 4.792124 	 4.793987
5.917808 	 6.317016 	 1.411765 	 4.162132 	 5.923514
4.792124 	 5.099414 	 1.000000 	 4.792124 	 4.793987
11.865828 	 13.082385 	 1.000000 	 1.913455 	 11.911678
10.387677 	 11.699982 	 5.173913 	 10.387677 	 10.392679
4.083598 	 4.464215 	 1.411765 	 2.913152 	 4.086314
1.646931 	 1.874642 	 1.000000 	 1.646931 	 1.647229
1.646931 	 1.874642 	 1.000000 	 1.646931 	 1.647229
7.224694 	 7.730733 	 1.000000 	 2.674890 	 7.243859
7.237460 	 7.745351 	 2.400000 	 7.237460 	 7.243859
1.646931 	 1.874642 	 1.000000 	 1.646931 	 1.647229
19.848319 	 21.489674 	 2.400000 	 7.699937 	 19.889625
6.085679 	 6.660764 	 1.000000 	 2.287913 	 6.099272
6.094734 	 6.671613 	 2.400000 	 6.094734 	 6.099272
0.757950 	 0.956540 	 1.000000 	 0.757950 	 0.758013
4.844292 	 5.171105 	 1.000000 	 4.844292 	 4.845904
4.844292 	 5.171105 	 1.000000 	 4.844292 	 4.845904
22.294527 	 23.155779 	 1.000000 	 8.021760 	 22.478049
22.416540 	 23.287429 	 2.400000 	 22.416540 	 22.478049
4.844292 	 5.171105 	 1.000000 	 4.844292 	 4.845904
30.079030 	 31.901100 	 2.400000 	 12.165763 	 30.173994
7.254551 	 8.034874 	 1.000000 	 2.673338 	 7.273875
7.267422 	 8.050666 	 2.400000 	 7.267422 	 7.273875
1.534711 	 1.822393 	 1.000000 	 1.534711 	 1.534873
1.116867 	 1.487220 	 1.494983 	 0.747354 	 1.117492
6.197770 	 8.167042 	 2.959732 	 2.095380 	 6.200512
7.590039 	 9.768129 	 2.959732 	 2.543170 	 7.594152
0.524369 	 0.693209 	 1.000000 	 0.524369 	 0.524429
6.448903 	 8.106529 	 2.917808 	 2.230638 	 6.451379
0.541868 	 0.707862 	 1.000000 	 0.541868 	 0.541913
0.541868 	 0.707862 	 1.000000 	 0.541868 	 0.541913
16.810759 	 21.358208 	 4.487179 	 3.495838 	 16.845435
0.541868 	 0.707862 	 1.000000 	 0.541868 	 0.541913
8.007081 	 10.038269 	 2.837838 	 2.727716 	 8.016906
10.913365 	 13.123535 	 2.837838 	 3.719139 	 10.925532
0.515432 	 0.678949 	 1.000000 	 0.515432 	 0.515473
0.933344 	 1.153242 	 1.000000 	 0.933344 	 0.933444
0.933344 	 1.153242 	 1.000000 	 0.933344 	 0.933444
19.394675 	 23.903216 	 4.487179 	 4.041526 	 19.440844
0.933344 	 1.153242 	 1.000000 	 0.933344 	 0.933444
7.709116 	 9.617403 	 2.837838 	 2.624883 	 7.718224
10.361436 	 12.513153 	 2.837838 	 3.524969 	 10.372403
0.661620 	 0.852107 	 1.000000 	 0.661620 	 0.661670
1.040481 	 1.250346 	 1.000000 	 1.040481 	 1.040591
1.040481 	 1.250346 	 1.000000 	 1.040481 	 1.040591
23.664638 	 27.751034 	 4.487179 	 4.955401 	 23.733411
1.040481 	 1.250346 	 1.000000 	 1.040481 	 1.040591
7.880629 	 9.521239 	 2.837838 	 2.690193 	 7.890146
12.154341 	 13.765119 	 2.837838 	 4.154074 	 12.169434
0.659217 	 0.847169 	 1.000000 	 0.659217 	 0.659262
2.674607 	 3.081247 	 1.457143 	 1.852702 	 2.674951
1.259667 	 1.451183 	 1.000000 	 1.259667 	 1.259829
12.349914 	 13.987511 	 2.837838 	 4.213493 	 12.373303
5.958478 	 6.399836 	 1.457143 	 4.107653 	 5.963602
1.059609 	 1.248577 	 1.000000 	 1.059609 	 1.059700
1.059609 	 1.248577 	 1.000000 	 1.059609 	 1.059700
10.649120 	 11.946116 	 1.000000 	 1.723513 	 10.704589
8.866731 	 10.154667 	 5.173913 	 8.866731 	 8.872199
1.059609 	 1.248577 	 1.000000 	 1.059609 	 1.059700
8.840696 	 10.035422 	 5.173913 	 8.840696 	 8.846133
8.858844 	 10.090562 	 1.000000 	 1.425369 	 8.897196
9.427115 	 10.705031 	 5.173913 	 9.427115 	 9.433297
8.473298 	 9.810715 	 1.000000 	 1.363208 	 8.508379
0.608078 	 0.776450 	 1.000000 	 0.608078 	 0.608108
1.807162 	 2.020464 	 1.000000 	 1.807162 	 1.807427
1.807162 	 2.020464 	 1.000000 	 1.807162 	 1.807427
14.109852 	 15.380375 	 1.000000 	 2.264922 	 14.187779
10.994565 	 12.269901 	 5.173913 	 10.994565 	 11.001292
1.807162 	 2.020464 	 1.000000 	 1.807162 	 1.807427
12.439662 	 13.775962 	 5.173913 	 12.439662 	 12.448273
10.649470 	 11.977945 	 1.000000 	 1.716243 	 10.693802
11.136035 	 12.671965 	 5.173913 	 11.136035 	 11.142936
9.280881 	 10.732095 	 1.000000 	 1.486598 	 9.314532
0.826391 	 1.025993 	 1.000000 	 0.826391 	 0.826446
1.687514 	 1.904873 	 1.000000 	 1.687514 	 1.687745
1.687514 	 1.904873 	 1.000000 	 1.687514 	 1.687745
14.663405 	 16.006330 	 1.000000 	 2.354619 	 14.747585
12.972106 	 14.311992 	 5.173913 	 12.972106 	 12.981471
1.687514 	 1.904873 	 1.000000 	 1.687514 	 1.687745
15.712621 	 17.310942 	 5.173913 	 15.712621 	 15.726363
12.456897 	 13.800631 	 1.000000 	 1.990089 	 12.517596
13.253624 	 14.704707 	 5.173913 	 13.253624 	 13.263399
9.711954 	 11.042200 	 1.000000 	 1.547583 	 9.748810
0.810807 	 1.010632 	 1.000000 	 0.810807 	 0.810861
2.008543 	 2.241305 	 1.000000 	 2.008543 	 2.008870
2.008543 	 2.241305 	 1.000000 	 2.008543 	 2.008870
19.841438 	 21.075203 	 1.000000 	 3.231898 	 19.969974
12.788621 	 13.833957 	 5.173913 	 12.788621 	 12.796205
2.008543 	 2.241305 	 1.000000 	 2.008543 	 2.008870
16.503059 	 17.599275 	 5.173913 	 16.503059 	 16.515690
12.810554 	 14.067437 	 1.000000 	 2.061809 	 12.864013
14.714957 	 16.094141 	 5.173913 	 14.714957 	 14.724998
13.456763 	 15.147648 	 1.000000 	 2.164770 	 13.515763
0.866546 	 1.075052 	 1.000000 	 0.866546 	 0.866607
4.643542 	 4.913051 	 1.000000 	 4.643542 	 4.645291
5.883805 	 6.211289 	 1.411765 	 4.229301 	 5.889445
4.643542 	 4.913051 	 1.000000 	 4.643542 	 4.645291
12.442850 	 13.668438 	 1.000000 	 2.027372 	 12.493278
11.177439 	 12.628129 	 5.173913 	 11.177439 	 11.183232
4.031496 	 4.472520 	 1.411765 	 2.895003 	 4.034143
1.584618 	 1.801033 	 1.000000 	 1.584618 	 1.584894
1.584618 	 1.801033 	 1.000000 	 1.584618 	 1.584894
7.920077 	 8.532346 	 1.000000 	 2.910354 	 7.943116
7.935421 	 8.550157 	 2.400000 	 7.935421 	 7.943116
1.584618 	 1.801033 	 1.000000 	 1.584618 	 1.584894
23.628605 	 25.483705 	 2.400000 	 9.236122 	 23.687167
6.310708 	 6.882106 	 1.000000 	 2.358315 	 6.325326
6.320446 	 6.893689 	 2.400000 	 6.320446 	 6.325326
0.766560 	 0.964491 	 1.000000 	 0.766560 	 0.766625
6.078560 	 6.410016 	 1.000000 	 6.078560 	 6.081099
6.078560 	 6.410016 	 1.000000 	 6.078560 	 6.081099
19.295472 	 19.991323 	 1.000000 	 6.717813 	 19.432789
19.386800 	 20.089373 	 2.400000 	 19.386800 	 19.432789
6.078560 	 6.410016 	 1.000000 	 6.078560 	 6.081099
27.625308 	 29.115198 	 2.400000 	 10.840076 	 27.705390
6.471342 	 7.231071 	 1.000000 	 2.414699 	 6.486715
6.481582 	 7.243859 	 2.400000 	 6.481582 	 6.486715
1.892436 	 2.228130 	 1.000000 	 1.892436 	 1.892682
1.116867 	 1.487220 	 1.494983 	 0.747356 	 1.117492
6.488851 	 8.459880 	 2.959732 	 2.196816 	 6.491856
7.871454 	 9.967251 	 2.959732 	 2.637524 	 7.875877
0.528554 	 0.699305 	 1.000000 	 0.528554 	 0.528615
6.889592 	 8.761708 	 2.917808 	 2.387930 	 6.892418
0.541843 	 0.708410 	 1.000000 	 0.541843 	 0.541888
0.541843 	 0.708410 	 1.000000 	 0.541843 	 0.541888
16.691268 	 21.230503 	 4.487179 	 3.474684 	 16.725452
0.541843 	 0.708410 	 1.000000 	 0.541843 	 0.541888
8.042859 	 10.174771 	 2.837838 	 2.744799 	 8.052772
11.043867 	 13.588394 	 2.837838 	 3.761007 	 11.056326
0.513665 	 0.676646 	 1.000000 	 0.513665 	 0.513705
0.943754 	 1.177376 	 1.000000 	 0.943754 	 0.943856
0.943754 	 1.177376 	 1.000000 	 0.943754 	 0.943856
19.110268 	 23.759496 	 4.487179 	 3.982272 	 19.155091
0.943754 	 1.177376 	 1.000000 	 0.943754 	 0.943856
7.593302 	 9.570053 	 2.837838 	 2.583707 	 7.602138
11.282139 	 13.721753 	 2.837838 	 3.840683 	 11.295142
0.666262 	 0.859411 	 1.000000 	 0.666262 	 0.666313
1.056509 	 1.286371 	 1.000000 	 1.056509 	 1.056623
1.056509 	 1.286371 	 1.000000 	 1.056509 	 1.056623
25.697504 	 30.443607 	 4.487179 	 5.371943 	 25.778620
1.056509 	 1.286371 	 1.000000 	 1.056509 	 1.056623
8.284218 	 10.063037 	 2.837838 	 2.830143 	 8.294736
12.605402 	 14.418243 	 2.837838 	 4.309060 	 12.621637
0.665834 	 0.858006 	 1.000000 	 0.665834 	 0.665879
2.788944 	 3.249036 	 1.457143 	 1.937180 	 2.789318
1.313516 	 1.530207 	 1.000000 	 1.313516 	 1.313692
12.759032 	 14.789972 	 2.837838 	 4.357438 	 12.783998
5.812020 	 6.406240 	 1.457143 	 4.033470 	 5.816894
1.063365 	 1.265217 	 1.000000 	 1.063365 	 1.063457
1.063365 	 1.265217 	 1.000000 	 1.063365 	 1.063457
11.453645 	 12.830443 	 1.000000 	 1.833855 	 11.517836
8.703415 	 9.947142 	 5.173913 	 8.703415 	 8.708684
1.063365 	 1.265217 	 1.000000 	 1.063365 	 1.063457
8.960000 	 10.368543 	 5.173913 	 8.960000 	 8.965584
8.928488 	 10.288620 	 1.000000 	 1.434259 	 8.967447
9.543860 	 11.043330 	 5.173913 	 9.543860 	 9.550195
8.405090 	 9.981267 	 1.000000 	 1.343419 	 8.439606
0.608068 	 0.776602 	 1.000000 	 0.608068 	 0.608098
1.757423 	 2.005204 	 1.000000 	 1.757423 	 1.757674
1.757423 	 2.005204 	 1.000000 	 1.757423 	 1.757674
13.928910 	 15.547337 	 1.000000 	 2.252564 	 14.004846
10.880731 	 12.325502 	 5.173913 	 10.880731 	 10.887319
1.757423 	 2.005204 	 1.000000 	 1.757423 	 1.757674
12.293202 	 13.957740 	 5.173913 	 12.293202 	 12.301611
10.913750 	 12.389665 	 1.000000 	 1.759073 	 10.960314
11.008775 	 12.660565 	 5.173913 	 11.008775 	 11.015519
9.379854 	 10.930704 	 1.000000 	 1.499115 	 9.414228
0.804874 	 1.006288 	 1.000000 	 0.804874 	 0.804926
1.679648 	 1.931613 	 1.000000 	 1.679648 	 1.679876
1.679648 	 1.931613 	 1.000000 	 1.679648 	 1.679876
14.403702 	 16.117114 	 1.000000 	 2.323551 	 14.484919
13.353135 	 14.922318 	 5.173913 	 13.353135 	 13.363058
1.679648 	 1.931613 	 1.000000 	 1.679648 	 1.679876
15.306914 	 17.142252 	 5.173913 	 15.306914 	 15.319955
12.321279 	 13.710026 	 1.000000 	 1.963768 	 12.380661
13.576042 	 15.057685 	 5.173913 	 13.576042 	 13.586300
9.014147 	 10.373029 	 1.000000 	 1.433252 	 9.045889
0.799977 	 1.000527 	 1.000000 	 0.799977 	 0.800029
1.881459 	 2.139853 	 1.000000 	 1.881459 	 1.881747
1.881459 	 2.139853 	 1.000000 	 1.881459 	 1.881747
19.512509 	 21.138286 	 1.000000 	 3.212705 	 19.636805
12.513402 	 13.743401 	 5.173913 	 12.513402 	 12.520663
1.881459 	 2.139853 	 1.000000 	 1.881459 	 1.881747
16.703191 	 18.247487 	 5.173913 	 16.703191 	 16.716130
13.286447 	 14.717187 	 1.000000 	 2.133615 	 13.343960
14.599910 	 16.031037 	 5.173913 	 14.599910 	 14.609795
11.104580 	 12.744561 	 1.000000 	 1.762515 	 11.144726
0.835197 	 1.043385 	 1.000000 	 0.835197 	 0.835254
4.765987 	 5.182888 	 1.000000 	 4.765987 	 4.767830
5.798050 	 6.326412 	 1.411765 	 4.237404 	 5.803526
4.765987 	 5.182888 	 1.000000 	 4.765987 	 4.767830
13.435351 	 14.901822 	 1.000000 	 2.179737 	 13.494163
10.694862 	 12.244373 	 5.173913 	 10.694862 	 10.700165
3.648215 	 4.123182 	 1.411765 	 2.607748 	 3.650383
1.694908 	 1.922193 	 1.000000 	 1.694908 	 1.695224
1.694908 	 1.922193 	 1.000000 	 1.694908 	 1.695224
7.313560 	 7.937130 	 1.000000 	 2.666763 	 7.333201
7.326642 	 7.952540 	 2.400000 	 7.326642 	 7.333201
1.694908 	 1.922193 	 1.000000 	 1.694908 	 1.695224
22.121560 	 24.049208 	 2.400000 	 8.312599 	 22.172882
6.112926 	 6.843776 	 1.000000 	 2.267368 	 6.126641
6.122063 	 6.855230 	 2.400000 	 6.122063 	 6.126641
0.786248 	 0.986287 	 1.000000 	 0.786248 	 0.786316
4.433350 	 4.798184 	 1.000000 	 4.433350 	 4.434700
4.433350 	 4.798184 	 1.000000 	 4.433350 	 4.434700
23.047202 	 24.054812 	 1.000000 	 8.174742 	 23.243380
23.177617 	 24.196915 	 2.400000 	 23.177617 	 23.243380
4.433350 	 4.798184 	 1.000000 	 4.433350 	 4.434700
36.278364 	 38.400000 	 2.400000 	 14.221438 	 36.416596
7.881133 	 8.716954 	 1.000000 	 3.016571 	 7.903945
7.896326 	 8.735545 	 2.400000 	 7.896326 	 7.903945
1.528626 	 1.838265 	 1.000000 	 1.528626 	 1.528786
1.116867 	 1.487220 	 1.494983 	 0.747354 	 1.117492
6.419707 	 8.297779 	 2.959732 	 2.170153 	 6.422648
8.221278 	 10.005534 	 2.959732 	 2.754328 	 8.226102
0.518746 	 0.687091 	 1.000000 	 0.518746 	 0.518805
7.821331 	 9.761209 	 2.917808 	 2.702921 	 7.824973
0.545839 	 0.712546 	 1.000000 	 0.545839 	 0.545885
0.545839 	 0.712546 	 1.000000 	 0.545839 	 0.545885
15.891205 	 20.246539 	 4.487179 	 3.300271 	 15.922187
0.545839 	 0.712546 	 1.000000 	 0.545839 	 0.545885
8.078588 	 10.197711 	 2.837838 	 2.749998 	 8.088589
11.234953 	 13.850865 	 2.837838 	 3.827433 	 11.247848
0.517298 	 0.681380 	 1.000000 	 0.517298 	 0.517339
0.956833 	 1.189903 	 1.000000 	 0.956833 	 0.956938
0.956833 	 1.189903 	 1.000000 	 0.956833 	 0.956938
17.694641 	 22.255867 	 4.487179 	 3.672558 	 17.733063
0.956833 	 1.189903 	 1.000000 	 0.956833 	 0.956938
7.543942 	 9.507640 	 2.837838 	 2.565258 	 7.552663
10.484398 	 12.876539 	 2.837838 	 3.561742 	 10.495627
0.694841 	 0.895962 	 1.000000 	 0.694841 	 0.694897
1.035369 	 1.253282 	 1.000000 	 1.035369 	 1.035479
1.035369 	 1.253282 	 1.000000 	 1.035369 	 1.035479
24.472265 	 28.947265 	 4.487179 	 5.111728 	 24.545819
1.035369 	 1.253282 	 1.000000 	 1.035369 	 1.035479
8.130718 	 9.893438 	 2.837838 	 2.770884 	 8.140850
12.690343 	 14.272037 	 2.837838 	 4.337420 	 12.706798
0.673653 	 0.868219 	 1.000000 	 0.673653 	 0.673699
2.745038 	 3.167324 	 1.457143 	 1.897107 	 2.745400
1.292838 	 1.491723 	 1.000000 	 1.292838 	 1.293009
11.750208 	 13.676274 	 2.837838 	 4.007952 	 11.771379
6.595943 	 7.053559 	 1.457143 	 4.539597 	 6.602221
1.106319 	 1.316488 	 1.000000 	 1.106319 	 1.106419
1.106319 	 1.316488 	 1.000000 	 1.106319 	 1.106419
11.397183 	 12.794308 	 1.000000 	 1.841602 	 11.460742
7.574563 	 8.782824 	 5.173913 	 7.574563 	 7.578553
1.106319 	 1.316488 	 1.000000 	 1.106319 	 1.106419
8.841904 	 10.190233 	 5.173913 	 8.841904 	 8.847342
9.142857 	 10.499716 	 1.000000 	 1.469236 	 9.183714
9.821133 	 11.305623 	 5.173913 	 9.821133 	 9.827843
8.234561 	 9.722310 	 1.000000 	 1.323493 	 8.267688
0.661943 	 0.840234 	 1.000000 	 0.661943 	 0.661978
1.688695 	 1.926633 	 1.000000 	 1.688695 	 1.688927
1.688695 	 1.926633 	 1.000000 	 1.688695 	 1.688927
14.049831 	 15.688251 	 1.000000 	 2.276295 	 14.127095
10.333951 	 11.648193 	 5.173913 	 10.333951 	 10.339893
1.688695 	 1.926633 	 1.000000 	 1.688695 	 1.688927
11.680982 	 13.435165 	 5.173913 	 11.680982 	 11.688574
10.291237 	 11.820041 	 1.000000 	 1.660834 	 10.332631
11.965104 	 13.595430 	 5.173913 	 11.965104 	 11.973071
8.448528 	 9.977190 	 1.000000 	 1.356614 	 8.476405
0.853005 	 1.059452 	 1.000000 	 0.853005 	 0.853064
1.630945 	 1.871528 	 1.000000 	 1.630945 	 1.631160
1.630945 	 1.871528 	 1.000000 	 1.630945 	 1.631160
13.598857 	 15.056985 	 1.000000 	 2.213953 	 13.671228
11.607258 	 13.042672 	 5.173913 	 11.607258 	 11.614755
1.630945 	 1.871528 	 1.000000 	 1.630945 	 1.631160
12.928583 	 14.504391 	 5.173913 	 12.928583 	 12.937885
12.299742 	 13.597715 	 1.000000 	 1.977686 	 12.358916
13.508054 	 14.808986 	 5.173913 	 13.508054 	 13.518209
9.414776 	 10.638620 	 1.000000 	 1.502330 	 9.449407
0.853425 	 1.060262 	 1.000000 	 0.853425 	 0.853484
1.888471 	 2.138039 	 1.000000 	 1.888471 	 1.888760
1.888471 	 2.138039 	 1.000000 	 1.888471 	 1.888760
22.770313 	 23.968898 	 1.000000 	 3.939470 	 22.939759
11.852069 	 12.802109 	 5.173913 	 11.852069 	 11.858582
1.888471 	 2.138039 	 1.000000 	 1.888471 	 1.888760
17.474177 	 18.537489 	 5.173913 	 17.474177 	 17.488339
12.750837 	 13.847766 	 1.000000 	 2.080874 	 12.803797
14.315789 	 15.331807 	 5.173913 	 14.315789 	 14.325293
13.127484 	 14.550686 	 1.000000 	 2.123675 	 13.183626
0.876034 	 1.085228 	 1.000000 	 0.876034 	 0.876096
4.388311 	 4.631430 	 1.000000 	 4.388311 	 4.389873
5.308756 	 5.702088 	 1.411765 	 3.723511 	 5.313347
4.388311 	 4.631430 	 1.000000 	 4.388311 	 4.389873
12.014105 	 13.279179 	 1.000000 	 1.947689 	 12.061110
10.108682 	 11.458037 	 5.173913 	 10.108682 	 10.113420
3.981567 	 4.383006 	 1.411765 	 2.801429 	 3.984149
1.584618 	 1.798700 	 1.000000 	 1.584618 	 1.584894
1.584618 	 1.798700 	 1.000000 	 1.584618 	 1.584894
6.158884 	 6.682498 	 1.000000 	 2.256404 	 6.172806
6.168159 	 6.693418 	 2.400000 	 6.168159 	 6.172806
1.584618 	 1.798700 	 1.000000 	 1.584618 	 1.584894
18.684237 	 20.447544 	 2.400000 	 7.336954 	 18.720836
5.473903 	 6.081161 	 1.000000 	 2.017789 	 5.484898
5.481228 	 6.090203 	 2.400000 	 5.481228 	 5.484898
0.774928 	 0.971307 	 1.000000 	 0.774928 	 0.774994
4.656364 	 5.019223 	 1.000000 	 4.656364 	 4.657854
4.656364 	 5.019223 	 1.000000 	 4.656364 	 4.657854
25.362229 	 26.607001 	 1.000000 	 9.087637 	 25.600000
25.520249 	 26.780966 	 2.400000 	 25.520249 	 25.600000
4.656364 	 5.019223 	 1.000000 	 4.656364 	 4.657854
27.566286 	 29.504688 	 2.400000 	 10.994333 	 27.646025
7.153197 	 7.923482 	 1.000000 	 2.647420 	 7.171984
7.165711 	 7.938839 	 2.400000 	 7.165711 	 7.171984
1.621917 	 1.935814 	 1.000000 	 1.621917 	 1.622098
1.116863 	 1.487216 	 1.494983 	 0.747352 	 1.117488
6.941210 	 8.937880 	 2.959732 	 2.346750 	 6.944649
8.017562 	 9.834379 	 2.959732 	 2.686292 	 8.022151
0.519975 	 0.688169 	 1.000000 	 0.519975 	 0.520034
8.531455 	 10.549152 	 2.917808 	 2.958213 	 8.535789
0.536125 	 0.700809 	 1.000000 	 0.536125 	 0.536169
0.536125 	 0.700809 	 1.000000 	 0.536125 	 0.536169
16.470957 	 20.924373 	 4.487179 	 3.420020 	 16.504244
0.536125 	 0.700809 	 1.000000 	 0.536125 	 0.536169
8.818457 	 11.135485 	 2.837838 	 3.000714 	 8.830376
11.595600 	 14.183485 	 2.837838 	 3.950168 	 11.609337
0.511807 	 0.674600 	 1.000000 	 0.511807 	 0.511847
0.994129 	 1.227508 	 1.000000 	 0.994129 	 0.994243
0.994129 	 1.227508 	 1.000000 	 0.994129 	 0.994243
19.944102 	 24.556070 	 4.487179 	 4.146311 	 19.992928
0.994129 	 1.227508 	 1.000000 	 0.994129 	 0.994243
7.473310 	 9.417040 	 2.837838 	 2.541530 	 7.481868
10.514604 	 12.695519 	 2.837838 	 3.576521 	 10.525897
0.679494 	 0.875015 	 1.000000 	 0.679494 	 0.679547
1.106789 	 1.328323 	 1.000000 	 1.106789 	 1.106914
1.106789 	 1.328323 	 1.000000 	 1.106789 	 1.106914
24.582762 	 28.724963 	 4.487179 	 5.137956 	 24.656983
1.106789 	 1.328323 	 1.000000 	 1.106789 	 1.106914
8.291422 	 9.958085 	 2.837838 	 2.825814 	 8.301958
11.951759 	 13.380362 	 2.837838 	 4.081381 	 11.966353
0.669264 	 0.861623 	 1.000000 	 0.669264 	 0.669310
2.671936 	 3.075667 	 1.457143 	 1.850496 	 2.672279
1.258409 	 1.448555 	 1.000000 	 1.258409 	 1.258571
12.766419 	 14.402645 	 2.837838 	 4.353836 	 12.791414
5.765586 	 6.157428 	 1.457143 	 3.974912 	 5.770383
1.024425 	 1.215203 	 1.000000 	 1.024425 	 1.024510
1.024425 	 1.215203 	 1.000000 	 1.024425 	 1.024510
10.381846 	 11.597796 	 1.000000 	 1.671836 	 10.434558
8.486628 	 9.624382 	 5.173913 	 8.486628 	 8.491638
1.024425 	 1.215203 	 1.000000 	 1.024425 	 1.024510
8.599362 	 9.900363 	 5.173913 	 8.599362 	 8.604506
8.714545 	 10.022216 	 1.000000 	 1.394481 	 8.751656
8.716305 	 10.098038 	 5.173913 	 8.716305 	 8.721590
9.038185 	 10.576482 	 1.000000 	 1.452538 	 9.078110
0.596478 	 0.761779 	 1.000000 	 0.596478 	 0.596507
1.752788 	 1.978499 	 1.000000 	 1.752788 	 1.753037
1.752788 	 1.978499 	 1.000000 	 1.752788 	 1.753037
14.426814 	 15.735537 	 1.000000 	 2.327561 	 14.508292
10.809511 	 11.948320 	 5.173913 	 10.809511 	 10.816013
1.752788 	 1.978499 	 1.000000 	 1.752788 	 1.753037
13.344327 	 14.902394 	 5.173913 	 13.344327 	 13.354237
10.294511 	 11.762055 	 1.000000 	 1.655534 	 10.335931
11.777891 	 13.400124 	 5.173913 	 11.777891 	 11.785610
8.850487 	 10.352128 	 1.000000 	 1.420222 	 8.881084
0.810612 	 1.007353 	 1.000000 	 0.810612 	 0.810665
1.649686 	 1.873661 	 1.000000 	 1.649686 	 1.649906
1.649686 	 1.873661 	 1.000000 	 1.649686 	 1.649906
14.602544 	 15.862779 	 1.000000 	 2.347072 	 14.686025
12.024668 	 13.168965 	 5.173913 	 12.024668 	 12.032714
1.649686 	 1.873661 	 1.000000 	 1.649686 	 1.649906
14.840899 	 16.263692 	 5.173913 	 14.840899 	 14.853157
11.979275 	 13.230329 	 1.000000 	 1.914926 	 12.035398
13.951724 	 15.345375 	 5.173913 	 13.951724 	 13.962557
9.765870 	 11.100518 	 1.000000 	 1.560806 	 9.803138
0.795116 	 0.987823 	 1.000000 	 0.795116 	 0.795168
2.051957 	 2.283715 	 1.000000 	 2.051957 	 2.052299
2.051957 	 2.283715 	 1.000000 	 2.051957 	 2.052299
21.278405 	 22.476477 	 1.000000 	 3.532596 	 21.426302
11.965252 	 12.926948 	 5.173913 	 11.965252 	 11.971890
2.051957 	 2.283715 	 1.000000 	 2.051957 	 2.052299
16.746400 	 17.840162 	 5.173913 	 16.746400 	 16.759406
12.791991 	 13.887872 	 1.000000 	 2.073255 	 12.845294
14.679365 	 15.598410 	 5.173913 	 14.679365 	 14.689358
12.616644 	 13.940708 	 1.000000 	 2.032145 	 12.668493
0.861896 	 1.063299 	 1.000000 	 0.861896 	 0.861956
4.373094 	 4.633073 	 1.000000 	 4.373094 	 4.374645
5.954129 	 6.336198 	 1.411765 	 4.292335 	 5.959905
4.373094 	 4.633073 	 1.000000 	 4.373094 	 4.374645
12.103203 	 13.320621 	 1.000000 	 1.964674 	 12.150910
9.935946 	 11.140890 	 5.173913 	 9.935946 	 9.940523
3.987021 	 4.339153 	 1.411765 	 2.806975 	 3.989610
1.510297 	 1.684384 	 1.000000 	 1.510297 	 1.510547
1.510297 	 1.684384 	 1.000000 	 1.510297 	 1.510547
7.660052 	 8.009560 	 1.000000 	 2.796859 	 7.681600
7.674404 	 8.025253 	 2.400000 	 7.674404 	 7.681600
1.510297 	 1.684384 	 1.000000 	 1.510297 	 1.510547
22.570454 	 23.441860 	 2.400000 	 8.707542 	 22.623882
5.841692 	 6.293470 	 1.000000 	 2.164968 	 5.854216
5.850036 	 6.303155 	 2.400000 	 5.850036 	 5.854216
0.737175 	 0.924261 	 1.000000 	 0.737175 	 0.737234
5.504683 	 5.688889 	 1.000000 	 5.504683 	 5.506764
5.504683 	 5.688889 	 1.000000 	 5.504683 	 5.506764
25.223401 	 25.493776 	 1.000000 	 9.279799 	 25.458564
25.379690 	 25.653445 	 2.400000 	 25.379690 	 25.458564
5.504683 	 5.688889 	 1.000000 	 5.504683 	 5.506764
30.412257 	 31.415632 	 2.400000 	 12.170353 	 30.509340
6.549525 	 6.981157 	 1.000000 	 2.427259 	 6.565272
6.560014 	 6.993076 	 2.400000 	 6.560014 	 6.565272
1.678581 	 1.953354 	 1.000000 	 1.678581 	 1.678775
1.116875 	 1.487227 	 1.494983 	 0.747357 	 1.117500
6.311168 	 8.281271 	 2.959732 	 2.135233 	 6.314011
7.616289 	 9.681271 	 2.959732 	 2.551706 	 7.620430
0.526405 	 0.695513 	 1.000000 	 0.526405 	 0.526466
7.081631 	 8.846856 	 2.917808 	 2.445076 	 7.084617
0.539304 	 0.704725 	 1.000000 	 0.539304 	 0.539348
0.539304 	 0.704725 	 1.000000 	 0.539304 	 0.539348
17.071585 	 21.676301 	 4.487179 	 3.543091 	 17.107346
0.539304 	 0.704725 	 1.000000 	 0.539304 	 0.539348
8.664047 	 10.812633 	 2.837838 	 2.947245 	 8.675552
11.378932 	 13.798858 	 2.837838 	 3.876497 	 11.392160
0.512584 	 0.675299 	 1.000000 	 0.512584 	 0.512624
0.965321 	 1.194617 	 1.000000 	 0.965321 	 0.965428
0.965321 	 1.194617 	 1.000000 	 0.965321 	 0.965428
20.396270 	 25.145829 	 4.487179 	 4.235676 	 20.447338
0.965321 	 1.194617 	 1.000000 	 0.965321 	 0.965428
7.781724 	 9.730266 	 2.837838 	 2.646384 	 7.791003
10.896063 	 13.158124 	 2.837838 	 3.705052 	 10.908191
0.661832 	 0.853898 	 1.000000 	 0.661832 	 0.661883
1.069635 	 1.287587 	 1.000000 	 1.069635 	 1.069752
1.069635 	 1.287587 	 1.000000 	 1.069635 	 1.069752
24.329692 	 28.656088 	 4.487179 	 5.087808 	 24.402390
1.069635 	 1.287587 	 1.000000 	 1.069635 	 1.069752
8.241258 	 9.956960 	 2.837838 	 2.810842 	 8.251666
12.624347 	 14.328649 	 2.837838 	 4.317956 	 12.640631
0.653021 	 0.841802 	 1.000000 	 0.653021 	 0.653065
2.786869 	 3.212502 	 1.457143 	 1.928343 	 2.787242
1.312539 	 1.513001 	 1.000000 	 1.312539 	 1.312715
12.783998 	 14.582429 	 2.837838 	 4.361155 	 12.809062
5.556456 	 6.068979 	 1.457143 	 3.833221 	 5.560910
1.049250 	 1.246690 	 1.000000 	 1.049250 	 1.049339
1.049250 	 1.246690 	 1.000000 	 1.049250 	 1.049339
11.182588 	 12.675315 	 1.000000 	 1.792496 	 11.243769
8.969932 	 10.427835 	 5.173913 	 8.969932 	 8.975529
1.049250 	 1.246690 	 1.000000 	 1.049250 	 1.049339
9.278486 	 10.664909 	 5.173913 	 9.278486 	 9.284475
8.887424 	 10.227260 	 1.000000 	 1.421801 	 8.926026
9.112613 	 10.565262 	 5.173913 	 9.112613 	 9.118389
8.196505 	 9.640865 	 1.000000 	 1.316696 	 8.229327
0.598996 	 0.764716 	 1.000000 	 0.598996 	 0.599025
1.808487 	 2.056882 	 1.000000 	 1.808487 	 1.808752
1.808487 	 2.056882 	 1.000000 	 1.808487 	 1.808752
13.973407 	 15.394274 	 1.000000 	 2.239814 	 14.049831
10.515919 	 11.918842 	 5.173913 	 10.515919 	 10.522073
1.808487 	 2.056882 	 1.000000 	 1.808487 	 1.808752
13.049508 	 14.588066 	 5.173913 	 13.049508 	 13.058985
10.742781 	 12.204668 	 1.000000 	 1.724491 	 10.787895
10.901253 	 12.498262 	 5.173913 	 10.901253 	 10.907865
9.205916 	 10.725339 	 1.000000 	 1.465849 	 9.239025
0.819949 	 1.022316 	 1.000000 	 0.819949 	 0.820004
1.642118 	 1.885231 	 1.000000 	 1.642118 	 1.642337
1.642118 	 1.885231 	 1.000000 	 1.642118 	 1.642337
15.250660 	 16.817166 	 1.000000 	 2.426387 	 15.341739
12.767435 	 14.256519 	 5.173913 	 12.767435 	 12.776506
1.642118 	 1.885231 	 1.000000 	 1.642118 	 1.642337
16.736298 	 18.670974 	 5.173913 	 16.736298 	 16.751889
11.389163 	 12.804304 	 1.000000 	 1.820391 	 11.439881
12.775497 	 14.376194 	 5.173913 	 12.775497 	 12.784580
9.522801 	 10.943269 	 1.000000 	 1.514491 	 9.558233
0.780696 	 0.979458 	 1.000000 	 0.780696 	 0.780746
1.986717 	 2.251377 	 1.000000 	 1.986717 	 1.987037
1.986717 	 2.251377 	 1.000000 	 1.986717 	 1.987037
20.651638 	 22.455686 	 1.000000 	 3.305949 	 20.790922
13.484794 	 14.955758 	 5.173913 	 13.484794 	 13.493226
1.986717 	 2.251377 	 1.000000 	 1.986717 	 1.987037
18.075949 	 19.761689 	 5.173913 	 18.075949 	 18.091104
12.634702 	 14.006563 	 1.000000 	 2.033868 	 12.686700
14.642841 	 15.972366 	 5.173913 	 14.642841 	 14.652784
10.585273 	 12.166134 	 1.000000 	 1.689147 	 10.621746
0.861281 	 1.074479 	 1.000000 	 0.861281 	 0.861341
5.297690 	 5.747223 	 1.000000 	 5.297690 	 5.299967
5.964405 	 6.451523 	 1.411765 	 4.459535 	 5.970201
5.297690 	 5.747223 	 1.000000 	 5.297690 	 5.299967
13.399200 	 14.851680 	 1.000000 	 2.177928 	 13.457695
10.098695 	 11.527066 	 5.173913 	 10.098695 	 10.103423
3.572785 	 3.981710 	 1.411765 	 2.539134 	 3.574864
1.691968 	 1.945889 	 1.000000 	 1.691968 	 1.692282
1.691968 	 1.945889 	 1.000000 	 1.691968 	 1.692282
6.547198 	 7.317189 	 1.000000 	 2.361941 	 6.562934
6.557680 	 7.330284 	 2.400000 	 6.557680 	 6.562934
1.691968 	 1.945889 	 1.000000 	 1.691968 	 1.692282
23.724189 	 25.802220 	 2.400000 	 8.861234 	 23.783226
5.326783 	 6.054693 	 1.000000 	 1.958507 	 5.337194
5.333719 	 6.063657 	 2.400000 	 5.333719 	 5.337194
0.800931 	 1.011383 	 1.000000 	 0.800931 	 0.801001
4.589838 	 5.069895 	 1.000000 	 4.589838 	 4.591285
4.589838 	 5.069895 	 1.000000 	 4.589838 	 4.591285
20.750915 	 22.120612 	 1.000000 	 7.493444 	 20.909813
20.856577 	 22.240724 	 2.400000 	 20.856577 	 20.909813
4.589838 	 5.069895 	 1.000000 	 4.589838 	 4.591285
32.693273 	 35.041825 	 2.400000 	 12.812075 	 32.805492
5.138198 	 5.894468 	 1.000000 	 1.874266 	 5.147884
5.144651 	 5.902962 	 2.400000 	 5.144651 	 5.147884
1.652092 	 2.013426 	 1.000000 	 1.652092 	 1.652279
1.116884 	 1.487235 	 1.494983 	 0.747363 	 1.117508
6.529166 	 8.510494 	 2.959732 	 2.207434 	 6.532209
7.658636 	 9.702855 	 2.959732 	 2.565949 	 7.662823
0.527870 	 0.696500 	 1.000000 	 0.527870 	 0.527931
7.124165 	 8.833980 	 2.917808 	 2.464996 	 7.127187
0.532906 	 0.695533 	 1.000000 	 0.532906 	 0.532949
0.532906 	 0.695533 	 1.000000 	 0.532906 	 0.532949
17.493752 	 21.964230 	 4.487179 	 3.633469 	 17.531306
0.532906 	 0.695533 	 1.000000 	 0.532906 	 0.532949
8.352470 	 10.362755 	 2.837838 	 2.842983 	 8.363162
11.361343 	 13.514998 	 2.837838 	 3.868562 	 11.374530
0.506993 	 0.668227 	 1.000000 	 0.506993 	 0.507032
0.965416 	 1.179160 	 1.000000 	 0.965416 	 0.965523
0.965416 	 1.179160 	 1.000000 	 0.965416 	 0.965523
20.675105 	 25.166493 	 4.487179 	 4.301944 	 20.727580
0.965416 	 1.179160 	 1.000000 	 0.965416 	 0.965523
7.802720 	 9.647911 	 2.837838 	 2.654188 	 7.812050
11.318091 	 13.363299 	 2.837838 	 3.846657 	 11.331178
0.642842 	 0.826594 	 1.000000 	 0.642842 	 0.642889
1.103714 	 1.311261 	 1.000000 	 1.103714 	 1.103838
1.103714 	 1.311261 	 1.000000 	 1.103714 	 1.103838
25.406153 	 29.287536 	 4.487179 	 5.312728 	 25.485437
1.103714 	 1.311261 	 1.000000 	 1.103714 	 1.103838
8.494450 	 10.145803 	 2.837838 	 2.894722 	 8.505509
12.244048 	 13.786995 	 2.837838 	 4.185782 	 12.259365
0.652118 	 0.836388 	 1.000000 	 0.652118 	 0.652162
2.834706 	 3.214584 	 1.457143 	 1.962186 	 2.835092
1.335069 	 1.513981 	 1.000000 	 1.335069 	 1.335251
12.973450 	 14.435943 	 2.837838 	 4.424268 	 12.999263
5.607870 	 5.953080 	 1.457143 	 3.868976 	 5.612407
1.032364 	 1.213104 	 1.000000 	 1.032364 	 1.032450
1.032364 	 1.213104 	 1.000000 	 1.032364 	 1.032450
11.498401 	 12.688979 	 1.000000 	 1.843989 	 11.563097
8.953804 	 10.088596 	 5.173913 	 8.953804 	 8.959380
1.032364 	 1.213104 	 1.000000 	 1.032364 	 1.032450
9.059688 	 10.149095 	 5.173913 	 9.059688 	 9.065397
9.124815 	 10.316494 	 1.000000 	 1.464003 	 9.165510
9.691743 	 10.994565 	 5.173913 	 9.691743 	 9.698277
8.484960 	 9.753804 	 1.000000 	 1.354947 	 8.520137
0.579736 	 0.741548 	 1.000000 	 0.579736 	 0.579763
1.797968 	 1.994895 	 1.000000 	 1.797968 	 1.798231
1.797968 	 1.994895 	 1.000000 	 1.797968 	 1.798231
13.381842 	 14.411398 	 1.000000 	 2.156803 	 13.451916
10.997554 	 12.018417 	 5.173913 	 10.997554 	 11.004284
1.797968 	 1.994895 	 1.000000 	 1.797968 	 1.798231
12.569121 	 13.795337 	 5.173913 	 12.569121 	 12.577912
10.292546 	 11.548864 	 1.000000 	 1.649308 	 10.333951
10.711496 	 12.030478 	 5.173913 	 10.711496 	 10.717881
9.498767 	 10.932180 	 1.000000 	 1.520538 	 9.534021
0.789797 	 0.982149 	 1.000000 	 0.789797 	 0.789848
1.736686 	 1.941124 	 1.000000 	 1.736686 	 1.736931
1.736686 	 1.941124 	 1.000000 	 1.736686 	 1.736931
14.783959 	 15.932270 	 1.000000 	 2.382207 	 14.869533
13.322358 	 14.378748 	 5.173913 	 13.322358 	 13.332235
1.736686 	 1.941124 	 1.000000 	 1.736686 	 1.736931
15.910342 	 17.174086 	 5.173913 	 15.910342 	 15.924432
12.280143 	 13.490039 	 1.000000 	 1.954613 	 12.339128
14.018190 	 15.188400 	 5.173913 	 14.018190 	 14.029126
9.327954 	 10.537830 	 1.000000 	 1.487719 	 9.361948
0.791888 	 0.983673 	 1.000000 	 0.791888 	 0.791939
2.042628 	 2.244433 	 1.000000 	 2.042628 	 2.042967
2.042628 	 2.244433 	 1.000000 	 2.042628 	 2.042967
20.693447 	 21.762438 	 1.000000 	 3.381471 	 20.833298
11.927773 	 12.904615 	 5.173913 	 11.927773 	 11.934370
2.042628 	 2.244433 	 1.000000 	 2.042628 	 2.042967
16.539601 	 17.555525 	 5.173913 	 16.539601 	 16.552288
13.369682 	 14.522939 	 1.000000 	 2.153464 	 13.427920
14.627401 	 15.624135 	 5.173913 	 14.627401 	 14.637323
11.909487 	 13.310579 	 1.000000 	 1.899921 	 11.955676
0.828006 	 1.023221 	 1.000000 	 0.828006 	 0.828062
4.302896 	 4.575764 	 1.000000 	 4.302896 	 4.304398
6.500059 	 6.799803 	 1.411765 	 4.705442 	 6.506943
4.302896 	 4.575764 	 1.000000 	 4.302896 	 4.304398
13.511062 	 14.675483 	 1.000000 	 2.195408 	 13.570540
9.907055 	 11.148245 	 5.173913 	 9.907055 	 9.911606
4.128724 	 4.518570 	 1.411765 	 2.920692 	 4.131500
1.507018 	 1.691409 	 1.000000 	 1.507018 	 1.507268
1.507018 	 1.691409 	 1.000000 	 1.507018 	 1.507268
6.377303 	 6.809014 	 1.000000 	 2.314633 	 6.392232
6.387248 	 6.820352 	 2.400000 	 6.387248 	 6.392232
1.507018 	 1.691409 	 1.000000 	 1.507018 	 1.507268
19.860540 	 21.013681 	 2.400000 	 7.563176 	 19.901897
6.304233 	 6.792077 	 1.000000 	 2.328228 	 6.318821
6.313951 	 6.803359 	 2.400000 	 6.313951 	 6.318821
0.713657 	 0.898315 	 1.000000 	 0.713657 	 0.713713
4.212502 	 4.439657 	 1.000000 	 4.212502 	 4.213721
4.212502 	 4.439657 	 1.000000 	 4.212502 	 4.213721
19.417435 	 19.910343 	 1.000000 	 6.906604 	 19.556499
19.509923 	 20.007598 	 2.400000 	 19.509923 	 19.556499
4.212502 	 4.439657 	 1.000000 	 4.212502 	 4.213721
31.488469 	 32.680851 	 2.400000 	 12.489618 	 31.592556
5.354637 	 5.931456 	 1.000000 	 1.947128 	 5.365158
5.361646 	 5.940058 	 2.400000 	 5.361646 	 5.365158
1.371462 	 1.636641 	 1.000000 	 1.371462 	 1.371591
1.116863 	 1.487216 	 1.494983 	 0.747352 	 1.117488
7.677911 	 10.152617 	 2.959732 	 2.595383 	 7.682119
7.525153 	 9.771319 	 2.959732 	 2.521213 	 7.529195
0.527767 	 0.697435 	 1.000000 	 0.527767 	 0.527828
6.223564 	 7.906262 	 2.917808 	 2.145984 	 6.225869
0.539838 	 0.706423 	 1.000000 	 0.539838 	 0.539883
0.539838 	 0.706423 	 1.000000 	 0.539838 	 0.539883
15.994951 	 20.480383 	 4.487179 	 3.323236 	 16.026340
0.539838 	 0.706423 	 1.000000 	 0.539838 	 0.539883
8.050934 	 10.232019 	 2.837838 	 2.739939 	 8.060868
10.538264 	 13.017970 	 2.837838 	 3.586070 	 10.549608
0.516523 	 0.680386 	 1.000000 	 0.516523 	 0.516564
0.934368 	 1.165249 	 1.000000 	 0.934368 	 0.934468
0.934368 	 1.165249 	 1.000000 	 0.934368 	 0.934468
18.871800 	 23.504957 	 4.487179 	 3.925066 	 18.915511
0.934368 	 1.165249 	 1.000000 	 0.934368 	 0.934468
7.431593 	 9.393972 	 2.837838 	 2.530647 	 7.440056
10.007943 	 12.455721 	 2.837838 	 3.403172 	 10.018174
0.675315 	 0.871293 	 1.000000 	 0.675315 	 0.675367
1.030079 	 1.256012 	 1.000000 	 1.030079 	 1.030187
1.030079 	 1.256012 	 1.000000 	 1.030079 	 1.030187
24.795898 	 29.357139 	 4.487179 	 5.187527 	 24.871413
1.030079 	 1.256012 	 1.000000 	 1.030079 	 1.030187
7.886795 	 9.624224 	 2.837838 	 2.689414 	 7.896327
11.877988 	 13.586998 	 2.837838 	 4.055825 	 11.892402
0.673838 	 0.868181 	 1.000000 	 0.673838 	 0.673884
2.710336 	 3.156181 	 1.457143 	 1.876003 	 2.710689
1.276494 	 1.486475 	 1.000000 	 1.276494 	 1.276660
12.433480 	 14.259731 	 2.837838 	 4.239824 	 12.457187
5.844123 	 6.328467 	 1.457143 	 4.038689 	 5.849051
1.078023 	 1.276555 	 1.000000 	 1.078023 	 1.078117
1.078023 	 1.276555 	 1.000000 	 1.078023 	 1.078117
10.420282 	 11.701568 	 1.000000 	 1.672657 	 10.473386
8.439606 	 9.677979 	 5.173913 	 8.439606 	 8.444560
1.078023 	 1.276555 	 1.000000 	 1.078023 	 1.078117
8.054246 	 9.453961 	 5.173913 	 8.054246 	 8.058758
8.691146 	 10.097645 	 1.000000 	 1.397130 	 8.728057
9.273834 	 10.919457 	 5.173913 	 9.273834 	 9.279817
8.230373 	 9.884491 	 1.000000 	 1.317580 	 8.263467
0.617559 	 0.785930 	 1.000000 	 0.617559 	 0.617590
1.782260 	 2.034279 	 1.000000 	 1.782260 	 1.782518
1.782260 	 2.034279 	 1.000000 	 1.782260 	 1.782518
13.998789 	 15.549577 	 1.000000 	 2.258254 	 14.075491
10.207506 	 11.673399 	 5.173913 	 10.207506 	 10.213303
1.782260 	 2.034279 	 1.000000 	 1.782260 	 1.782518
12.508889 	 14.312624 	 5.173913 	 12.508889 	 12.517596
10.039079 	 11.667087 	 1.000000 	 1.612659 	 10.078466
11.377153 	 13.207655 	 5.173913 	 11.377153 	 11.384356
9.011136 	 10.727827 	 1.000000 	 1.440075 	 9.042856
0.839995 	 1.047418 	 1.000000 	 0.839995 	 0.840053
1.678631 	 1.939936 	 1.000000 	 1.678631 	 1.678860
1.678631 	 1.939936 	 1.000000 	 1.678631 	 1.678860
14.982411 	 16.722463 	 1.000000 	 2.406364 	 15.070304
12.557418 	 14.197114 	 5.173913 	 12.557418 	 12.566193
1.678631 	 1.939936 	 1.000000 	 1.678631 	 1.678860
15.170604 	 17.035789 	 5.173913 	 15.170604 	 15.183413
12.390139 	 13.986087 	 1.000000 	 1.986132 	 12.450188
12.760388 	 14.474555 	 5.173913 	 12.760388 	 12.769449
9.450511 	 10.931442 	 1.000000 	 1.519439 	 9.485406
0.849824 	 1.059588 	 1.000000 	 0.849824 	 0.849883
1.947289 	 2.227875 	 1.000000 	 1.947289 	 1.947597
1.947289 	 2.227875 	 1.000000 	 1.947289 	 1.947597
20.706685 	 22.586265 	 1.000000 	 3.334386 	 20.846715
12.443647 	 13.806910 	 5.173913 	 12.443647 	 12.450827
1.947289 	 2.227875 	 1.000000 	 1.947289 	 1.947597
17.548387 	 19.207596 	 5.173913 	 17.548387 	 17.562670
13.107991 	 14.643945 	 1.000000 	 2.111622 	 13.163967
14.575803 	 15.980252 	 5.173913 	 14.575803 	 14.585655
12.374665 	 14.140158 	 1.000000 	 1.987494 	 12.424541
0.910826 	 1.131029 	 1.000000 	 0.910826 	 0.910894
5.428026 	 5.893261 	 1.000000 	 5.428026 	 5.430417
5.601297 	 6.095574 	 1.411765 	 4.066032 	 5.606408
5.428026 	 5.893261 	 1.000000 	 5.428026 	 5.430417
12.457216 	 13.856164 	 1.000000 	 2.017557 	 12.507761
10.009174 	 11.346245 	 5.173913 	 10.009174 	 10.013819
4.148860 	 4.541020 	 1.411765 	 2.943547 	 4.151663
1.830328 	 2.082835 	 1.000000 	 1.830328 	 1.830696
1.830328 	 2.082835 	 1.000000 	 1.830328 	 1.830696
9.003297 	 9.810778 	 1.000000 	 3.334147 	 9.033080
9.023131 	 9.834334 	 2.400000 	 9.023131 	 9.033080
1.830328 	 2.082835 	 1.000000 	 1.830328 	 1.830696
26.366404 	 28.304047 	 2.400000 	 10.341362 	 26.439344
5.851893 	 6.442503 	 1.000000 	 2.176087 	 5.864461
5.860265 	 6.452652 	 2.400000 	 5.860265 	 5.864461
0.889091 	 1.108870 	 1.000000 	 0.889091 	 0.889178
5.691606 	 6.079124 	 1.000000 	 5.691606 	 5.693831
5.691606 	 6.079124 	 1.000000 	 5.691606 	 5.693831
17.246316 	 18.057311 	 1.000000 	 6.143488 	 17.355932
17.319239 	 18.137269 	 2.400000 	 17.319239 	 17.355932
5.691606 	 6.079124 	 1.000000 	 5.691606 	 5.693831
29.960293 	 31.286130 	 2.400000 	 11.794323 	 30.054507
5.814053 	 6.426218 	 1.000000 	 2.098182 	 5.826458
5.822317 	 6.436316 	 2.400000 	 5.822317 	 5.826458
1.951551 	 2.307524 	 1.000000 	 1.951551 	 1.951812
1.116863 	 1.487216 	 1.494983 	 0.747352 	 1.117488
7.199517 	 9.217614 	 2.959732 	 2.434937 	 7.203217
7.964657 	 9.691357 	 2.959732 	 2.668794 	 7.969186
0.521938 	 0.690758 	 1.000000 	 0.521938 	 0.521997
9.078793 	 11.206061 	 2.917808 	 3.153428 	 9.083701
0.541309 	 0.706969 	 1.000000 	 0.541309 	 0.541354
0.541309 	 0.706969 	 1.000000 	 0.541309 	 0.541354
16.405151 	 20.876234 	 4.487179 	 3.405095 	 16.438172
0.541309 	 0.706969 	 1.000000 	 0.541309 	 0.541354
8.443423 	 10.655874 	 2.837838 	 2.871678 	 8.454349
11.517869 	 14.228866 	 2.837838 	 3.922382 	 11.531422
0.513921 	 0.677466 	 1.000000 	 0.513921 	 0.513961
0.983849 	 1.222784 	 1.000000 	 0.983849 	 0.983960
0.983849 	 1.222784 	 1.000000 	 0.983849 	 0.983960
19.632983 	 24.382557 	 4.487179 	 4.078801 	 19.680296
0.983849 	 1.222784 	 1.000000 	 0.983849 	 0.983960
7.555089 	 9.625537 	 2.837838 	 2.568620 	 7.563836
11.651768 	 14.206902 	 2.837838 	 3.967076 	 11.665638
0.690284 	 0.890542 	 1.000000 	 0.690284 	 0.690338
1.095822 	 1.324314 	 1.000000 	 1.095822 	 1.095945
1.095822 	 1.324314 	 1.000000 	 1.095822 	 1.095945
25.222196 	 29.740830 	 4.487179 	 5.273921 	 25.300334
1.095822 	 1.324314 	 1.000000 	 1.095822 	 1.095945
8.049281 	 9.703771 	 2.837838 	 2.742687 	 8.059211
12.067039 	 13.541453 	 2.837838 	 4.124001 	 12.081916
0.682369 	 0.880998 	 1.000000 	 0.682369 	 0.682417
2.737154 	 3.167137 	 1.457143 	 1.896963 	 2.737515
1.289125 	 1.491635 	 1.000000 	 1.289125 	 1.289295
12.385901 	 14.265497 	 2.837838 	 4.217523 	 12.409427
5.928487 	 6.442936 	 1.457143 	 4.086143 	 5.933558
1.073425 	 1.280820 	 1.000000 	 1.073425 	 1.073518
1.073425 	 1.280820 	 1.000000 	 1.073425 	 1.073518
10.432877 	 11.768042 	 1.000000 	 1.679056 	 10.486110
8.179934 	 9.386790 	 5.173913 	 8.179934 	 8.184588
1.073425 	 1.280820 	 1.000000 	 1.073425 	 1.073518
8.375728 	 9.819644 	 5.173913 	 8.375728 	 8.380607
9.379990 	 10.901528 	 1.000000 	 1.509878 	 9.422999
10.222819 	 11.916429 	 5.173913 	 10.222819 	 10.230088
8.369231 	 9.895067 	 1.000000 	 1.335713 	 8.403453
0.626594 	 0.798998 	 1.000000 	 0.626594 	 0.626625
1.659355 	 1.901805 	 1.000000 	 1.659355 	 1.659578
1.659355 	 1.901805 	 1.000000 	 1.659355 	 1.659578
14.614412 	 16.295625 	 1.000000 	 2.356401 	 14.698029
10.747775 	 12.300209 	 5.173913 	 10.747775 	 10.754203
1.659355 	 1.901805 	 1.000000 	 1.659355 	 1.659578
12.567169 	 14.423600 	 5.173913 	 12.567169 	 12.575958
10.515919 	 12.117400 	 1.000000 	 1.706921 	 10.559144
11.253738 	 13.008078 	 5.173913 	 11.253738 	 11.260785
9.121344 	 10.730317 	 1.000000 	 1.459872 	 9.153846
0.797167 	 0.997049 	 1.000000 	 0.797167 	 0.797218
1.623144 	 1.879818 	 1.000000 	 1.623144 	 1.623358
1.623144 	 1.879818 	 1.000000 	 1.623144 	 1.623358
14.740869 	 16.373109 	 1.000000 	 2.397949 	 14.825944
12.598474 	 14.062649 	 5.173913 	 12.598474 	 12.607307
1.623144 	 1.879818 	 1.000000 	 1.623144 	 1.623358
14.560504 	 16.361523 	 5.173913 	 14.560504 	 14.572303
11.486160 	 12.889969 	 1.000000 	 1.829858 	 11.537749
13.336630 	 14.911319 	 5.173913 	 13.336630 	 13.346528
10.555012 	 12.051082 	 1.000000 	 1.694518 	 10.598559
0.817009 	 1.021450 	 1.000000 	 0.817009 	 0.817063
2.069869 	 2.349593 	 1.000000 	 2.069869 	 2.070216
2.069869 	 2.349593 	 1.000000 	 2.069869 	 2.070216
24.125217 	 25.820382 	 1.000000 	 4.077430 	 24.315513
13.440930 	 14.631258 	 5.173913 	 13.440930 	 13.449307
2.069869 	 2.349593 	 1.000000 	 2.069869 	 2.070216
18.742328 	 20.074216 	 5.173913 	 18.742328 	 18.758621
13.334798 	 14.550140 	 1.000000 	 2.165639 	 13.392732
15.473508 	 16.408939 	 5.173913 	 15.473508 	 15.484612
13.986892 	 15.461189 	 1.000000 	 2.254981 	 14.050644
0.913699 	 1.134451 	 1.000000 	 0.913699 	 0.913766
5.389016 	 5.670431 	 1.000000 	 5.389016 	 5.391372
5.101578 	 5.547352 	 1.411765 	 3.575211 	 5.105817
5.389016 	 5.670431 	 1.000000 	 5.389016 	 5.391372
11.224598 	 12.452823 	 1.000000 	 1.820490 	 11.265619
10.556504 	 11.856048 	 5.173913 	 10.556504 	 10.561671
4.054553 	 4.389268 	 1.411765 	 2.872594 	 4.057231
1.738429 	 1.952336 	 1.000000 	 1.738429 	 1.738761
1.738429 	 1.952336 	 1.000000 	 1.738429 	 1.738761
7.992195 	 8.490097 	 1.000000 	 2.953965 	 8.015656
8.007820 	 8.507731 	 2.400000 	 8.007820 	 8.015656
1.738429 	 1.952336 	 1.000000 	 1.738429 	 1.738761
21.650138 	 22.915194 	 2.400000 	 8.466420 	 21.699294
6.284886 	 6.775225 	 1.000000 	 2.348848 	 6.299385
6.294545 	 6.786451 	 2.400000 	 6.294545 	 6.299385
0.830200 	 1.036686 	 1.000000 	 0.830200 	 0.830276
5.151189 	 5.445451 	 1.000000 	 5.151189 	 5.153011
5.151189 	 5.445451 	 1.000000 	 5.151189 	 5.153011
18.679503 	 19.285378 	 1.000000 	 6.838698 	 18.808163
18.765080 	 19.376610 	 2.400000 	 18.765080 	 18.808163
5.151189 	 5.445451 	 1.000000 	 5.151189 	 5.153011
24.667623 	 26.120862 	 2.400000 	 9.513992 	 24.731455
7.938839 	 8.596013 	 1.000000 	 2.983852 	 7.961987
7.954256 	 8.614090 	 2.400000 	 7.954256 	 7.961987
1.699255 	 2.012251 	 1.000000 	 1.699255 	 1.699453
1.116867 	 1.487220 	 1.494983 	 0.747354 	 1.117492
6.284629 	 8.189676 	 2.959732 	 2.123464 	 6.287449
7.703171 	 9.692655 	 2.959732 	 2.581333 	 7.707407
0.527465 	 0.696654 	 1.000000 	 0.527465 	 0.527526
7.148693 	 8.956006 	 2.917808 	 2.470315 	 7.151735
0.536553 	 0.701135 	 1.000000 	 0.536553 	 0.536597
0.536553 	 0.701135 	 1.000000 	 0.536553 	 0.536597
16.953844 	 21.475843 	 4.487179 	 3.517150 	 16.989113
0.536553 	 0.701135 	 1.000000 	 0.536553 	 0.536597
8.453944 	 10.629548 	 2.837838 	 2.874345 	 8.464898
10.993622 	 13.368869 	 2.837838 	 3.745753 	 11.005969
0.510581 	 0.672986 	 1.000000 	 0.510581 	 0.510621
0.987822 	 1.220799 	 1.000000 	 0.987822 	 0.987934
0.987822 	 1.220799 	 1.000000 	 0.987822 	 0.987934
20.572100 	 25.215706 	 4.487179 	 4.271939 	 20.624053
0.987822 	 1.220799 	 1.000000 	 0.987822 	 0.987934
7.915283 	 9.910948 	 2.837838 	 2.693664 	 7.924884
11.095037 	 13.409690 	 2.837838 	 3.773531 	 11.107613
0.666412 	 0.857749 	 1.000000 	 0.666412 	 0.666463
1.063625 	 1.282079 	 1.000000 	 1.063625 	 1.063740
1.063625 	 1.282079 	 1.000000 	 1.063625 	 1.063740
26.055514 	 30.334922 	 4.487179 	 5.438040 	 26.138910
1.063625 	 1.282079 	 1.000000 	 1.063625 	 1.063740
8.279747 	 9.933831 	 2.837838 	 2.821926 	 8.290253
12.072269 	 13.635485 	 2.837838 	 4.124804 	 12.087159
0.641247 	 0.826489 	 1.000000 	 0.641247 	 0.641289
2.746951 	 3.166347 	 1.457143 	 1.899262 	 2.747314
1.293739 	 1.491263 	 1.000000 	 1.293739 	 1.293910
13.074414 	 14.751014 	 2.837838 	 4.461418 	 13.100631
5.396032 	 5.824900 	 1.457143 	 3.718481 	 5.400234
1.015882 	 1.204912 	 1.000000 	 1.015882 	 1.015966
1.015882 	 1.204912 	 1.000000 	 1.015882 	 1.015966
10.614199 	 11.800219 	 1.000000 	 1.697927 	 10.669304
8.622844 	 9.812202 	 5.173913 	 8.622844 	 8.628015
1.015882 	 1.204912 	 1.000000 	 1.015882 	 1.015966
8.890476 	 10.278819 	 5.173913 	 8.890476 	 8.895974
9.215745 	 10.646055 	 1.000000 	 1.478632 	 9.257257
9.009255 	 10.509091 	 5.173913 	 9.009255 	 9.014900
8.486072 	 10.035811 	 1.000000 	 1.356566 	 8.521258
0.579997 	 0.742441 	 1.000000 	 0.579997 	 0.580024
1.777522 	 2.019140 	 1.000000 	 1.777522 	 1.777778
1.777522 	 2.019140 	 1.000000 	 1.777522 	 1.777778
14.782609 	 16.176720 	 1.000000 	 2.378356 	 14.868167
10.532344 	 11.849032 	 5.173913 	 10.532344 	 10.538517
1.777522 	 2.019140 	 1.000000 	 1.777522 	 1.777778
12.575958 	 14.253380 	 5.173913 	 12.575958 	 12.584759
10.149254 	 11.683511 	 1.000000 	 1.634549 	 10.189511
11.013270 	 12.780542 	 5.173913 	 11.013270 	 11.020019
9.883359 	 11.640234 	 1.000000 	 1.581627 	 9.921530
0.814682 	 1.017438 	 1.000000 	 0.814682 	 0.814736
1.761915 	 2.018773 	 1.000000 	 1.761915 	 1.762167
1.761915 	 2.018773 	 1.000000 	 1.761915 	 1.762167
15.671541 	 17.325768 	 1.000000 	 2.534254 	 15.767732
12.575958 	 14.087744 	 5.173913 	 12.575958 	 12.584759
1.761915 	 2.018773 	 1.000000 	 1.761915 	 1.762167
15.603548 	 17.527481 	 5.173913 	 15.603548 	 15.617099
12.892536 	 14.448065 	 1.000000 	 2.063075 	 12.957566
13.617164 	 15.373071 	 5.173913 	 13.617164 	 13.627484
11.142169 	 12.660565 	 1.000000 	 1.788604 	 11.190707
0.839386 	 1.049602 	 1.000000 	 0.839386 	 0.839443
2.103093 	 2.362373 	 1.000000 	 2.103093 	 2.103452
2.103093 	 2.362373 	 1.000000 	 2.103093 	 2.103452
20.019379 	 21.366192 	 1.000000 	 3.319965 	 20.150239
13.424207 	 14.529458 	 5.173913 	 13.424207 	 13.432563
2.103093 	 2.362373 	 1.000000 	 2.103093 	 2.103452
16.127554 	 17.354721 	 5.173913 	 16.127554 	 16.139616
12.966217 	 14.178354 	 1.000000 	 2.107818 	 13.020986
14.296820 	 15.386468 	 5.173913 	 14.296820 	 14.306298
13.311035 	 14.872722 	 1.000000 	 2.165373 	 13.368762
0.883771 	 1.099927 	 1.000000 	 0.883771 	 0.883834
4.387617 	 4.678386 	 1.000000 	 4.387617 	 4.389179
6.159742 	 6.568391 	 1.411765 	 4.436279 	 6.165923
4.387617 	 4.678386 	 1.000000 	 4.387617 	 4.389179
12.293202 	 13.518586 	 1.000000 	 1.986254 	 12.342421
10.245199 	 11.608021 	 5.173913 	 10.245199 	 10.250066
4.382311 	 4.831244 	 1.411765 	 3.133539 	 4.385439
1.600594 	 1.847792 	 1.000000 	 1.600594 	 1.600875
1.600594 	 1.847792 	 1.000000 	 1.600594 	 1.600875
8.032248 	 8.757335 	 1.000000 	 3.011396 	 8.055944
8.048030 	 8.776098 	 2.400000 	 8.048030 	 8.055944
1.600594 	 1.847792 	 1.000000 	 1.600594 	 1.600875
23.913261 	 26.126152 	 2.400000 	 9.452654 	 23.973244
5.576583 	 6.167643 	 1.000000 	 2.063649 	 5.587995
5.584185 	 6.176944 	 2.400000 	 5.584185 	 5.587995
0.780971 	 0.983977 	 1.000000 	 0.780971 	 0.781038
5.549900 	 5.944308 	 1.000000 	 5.549900 	 5.552016
5.549900 	 5.944308 	 1.000000 	 5.549900 	 5.552016
19.846030 	 20.681066 	 1.000000 	 7.155974 	 19.991323
19.942656 	 20.786016 	 2.400000 	 19.942656 	 19.991323
5.549900 	 5.944308 	 1.000000 	 5.549900 	 5.552016
32.718144 	 34.772672 	 2.400000 	 13.058448 	 32.830534
7.204925 	 8.007820 	 1.000000 	 2.692080 	 7.223986
7.217621 	 8.023506 	 2.400000 	 7.217621 	 7.223986
1.781523 	 2.108385 	 1.000000 	 1.781523 	 1.781741
1.116888 	 1.487238 	 1.494983 	 0.747370 	 1.117513
6.264134 	 8.217294 	 2.959732 	 2.119651 	 6.266935
7.689770 	 9.758403 	 2.959732 	 2.576869 	 7.693991
0.524500 	 0.693868 	 1.000000 	 0.524500 	 0.524560
6.809478 	 8.646181 	 2.917808 	 2.358908 	 6.812239
0.542558 	 0.709201 	 1.000000 	 0.542558 	 0.542603
0.542558 	 0.709201 	 1.000000 	 0.542558 	 0.542603
16.528740 	 21.117352 	 4.487179 	 3.431501 	 16.562261
0.542558 	 0.709201 	 1.000000 	 0.542558 	 0.542603
8.069903 	 10.221199 	 2.837838 	 2.752143 	 8.079883
10.934562 	 13.427042 	 2.837838 	 3.727811 	 10.946776
0.515258 	 0.678768 	 1.000000 	 0.515258 	 0.515299
0.941555 	 1.176793 	 1.000000 	 0.941555 	 0.941657
0.941555 	 1.176793 	 1.000000 	 0.941555 	 0.941657
19.596342 	 24.396721 	 4.487179 	 4.084808 	 19.643478
0.941555 	 1.176793 	 1.000000 	 0.941555 	 0.941657
7.683261 	 9.736577 	 2.837838 	 2.618784 	 7.692308
10.867422 	 13.292975 	 2.837838 	 3.698759 	 10.879487
0.680231 	 0.877750 	 1.000000 	 0.680231 	 0.680284
1.032944 	 1.260252 	 1.000000 	 1.032944 	 1.033053
1.032944 	 1.260252 	 1.000000 	 1.032944 	 1.033053
24.743309 	 29.521036 	 4.487179 	 5.168195 	 24.818504
1.032944 	 1.260252 	 1.000000 	 1.032944 	 1.033053
7.772123 	 9.498425 	 2.837838 	 2.653310 	 7.781380
12.058790 	 13.825354 	 2.837838 	 4.122298 	 12.073647
0.663450 	 0.854372 	 1.000000 	 0.663450 	 0.663495
2.597411 	 3.041426 	 1.457143 	 1.797271 	 2.597735
1.223309 	 1.432429 	 1.000000 	 1.223309 	 1.223462
13.117680 	 15.206241 	 2.837838 	 4.475908 	 13.144071
5.734864 	 6.321098 	 1.457143 	 3.949386 	 5.739610
1.050899 	 1.253145 	 1.000000 	 1.050899 	 1.050989
1.050899 	 1.253145 	 1.000000 	 1.050899 	 1.050989
10.342040 	 11.710564 	 1.000000 	 1.665620 	 10.394348
8.484404 	 9.840541 	 5.173913 	 8.484404 	 8.489411
1.050899 	 1.253145 	 1.000000 	 1.050899 	 1.050989
8.500000 	 9.839419 	 5.173913 	 8.500000 	 8.505025
8.900866 	 10.271072 	 1.000000 	 1.433465 	 8.939584
9.650566 	 11.176313 	 5.173913 	 9.650566 	 9.657045
7.975852 	 9.450166 	 1.000000 	 1.278180 	 8.006926
0.609688 	 0.777361 	 1.000000 	 0.609688 	 0.609718
1.740118 	 1.994214 	 1.000000 	 1.740118 	 1.740363
1.740118 	 1.994214 	 1.000000 	 1.740118 	 1.740363
14.598593 	 16.280871 	 1.000000 	 2.346834 	 14.682028
10.697336 	 12.236966 	 5.173913 	 10.697336 	 10.703704
1.740118 	 1.994214 	 1.000000 	 1.740118 	 1.740363
12.366471 	 14.207708 	 5.173913 	 12.366471 	 12.374981
10.067807 	 11.742001 	 1.000000 	 1.624573 	 10.107419
11.041070 	 12.950308 	 5.173913 	 11.041070 	 11.047853
9.938590 	 11.776177 	 1.000000 	 1.593902 	 9.977190
0.829628 	 1.034650 	 1.000000 	 0.829628 	 0.829684
1.760099 	 2.033216 	 1.000000 	 1.760099 	 1.760350
1.760099 	 2.033216 	 1.000000 	 1.760099 	 1.760350
15.254972 	 17.017876 	 1.000000 	 2.479471 	 15.346103
12.662546 	 14.286093 	 5.173913 	 12.662546 	 12.671469
1.760099 	 2.033216 	 1.000000 	 1.760099 	 1.760350
15.176294 	 17.139529 	 5.173913 	 15.176294 	 15.189113
12.607307 	 14.164807 	 1.000000 	 2.006123 	 12.669485
13.346528 	 15.006027 	 5.173913 	 13.346528 	 13.356441
10.649470 	 12.131934 	 1.000000 	 1.703238 	 10.693802
0.877267 	 1.092525 	 1.000000 	 0.877267 	 0.877329
2.111416 	 2.379034 	 1.000000 	 2.111416 	 2.111777
2.111416 	 2.379034 	 1.000000 	 2.111416 	 2.111777
20.425747 	 22.009066 	 1.000000 	 3.412606 	 20.561990
13.615255 	 14.872722 	 5.173913 	 13.615255 	 13.623851
2.111416 	 2.379034 	 1.000000 	 2.111416 	 2.111777
16.633094 	 17.973901 	 5.173913 	 16.633094 	 16.645924
12.731611 	 13.992435 	 1.000000 	 2.059732 	 12.784412
14.973631 	 16.086809 	 5.173913 	 14.973631 	 14.984029
13.202447 	 14.817121 	 1.000000 	 2.145257 	 13.259234
0.904023 	 1.119940 	 1.000000 	 0.904023 	 0.904089
4.546333 	 4.851516 	 1.000000 	 4.546333 	 4.548010
6.011088 	 6.439877 	 1.411765 	 4.303693 	 6.016975
4.546333 	 4.851516 	 1.000000 	 4.546333 	 4.548010
12.558717 	 13.847273 	 1.000000 	 2.027647 	 12.610090
10.150951 	 11.466832 	 5.173913 	 10.150951 	 10.155729
4.452891 	 4.855424 	 1.411765 	 3.188468 	 4.456121
1.579668 	 1.790875 	 1.000000 	 1.579668 	 1.579942
1.579668 	 1.790875 	 1.000000 	 1.579668 	 1.579942
8.935644 	 9.529275 	 1.000000 	 3.336562 	 8.964981
8.955180 	 9.551496 	 2.400000 	 8.955180 	 8.964981
1.579668 	 1.790875 	 1.000000 	 1.579668 	 1.579942
25.385932 	 26.796262 	 2.400000 	 9.986764 	 25.453541
6.410573 	 6.933885 	 1.000000 	 2.403834 	 6.425658
6.420622 	 6.945643 	 2.400000 	 6.420622 	 6.425658
0.764500 	 0.959846 	 1.000000 	 0.764500 	 0.764564
6.216362 	 6.526515 	 1.000000 	 6.216362 	 6.219017
6.216362 	 6.526515 	 1.000000 	 6.216362 	 6.219017
16.937285 	 17.621415 	 1.000000 	 6.023037 	 17.042996
17.007612 	 17.697552 	 2.400000 	 17.007612 	 17.042996
6.216362 	 6.526515 	 1.000000 	 6.216362 	 6.219017
30.009071 	 31.400341 	 2.400000 	 11.837607 	 30.103593
5.410435 	 5.884118 	 1.000000 	 1.987117 	 5.421176
5.417591 	 5.892583 	 2.400000 	 5.417591 	 5.421176
1.900393 	 2.226465 	 1.000000 	 1.900393 	 1.900641
1.116871 	 1.487224 	 1.494983 	 0.747359 	 1.117496
5.817135 	 7.618443 	 2.959732 	 1.965773 	 5.819550
7.635464 	 9.645978 	 2.959732 	 2.558224 	 7.639626
0.526263 	 0.695282 	 1.000000 	 0.526263 	 0.526323
6.979980 	 8.729613 	 2.917808 	 2.410671 	 6.982881
0.539284 	 0.703640 	 1.000000 	 0.539284 	 0.539328
0.539284 	 0.703640 	 1.000000 	 0.539284 	 0.539328
17.622941 	 22.034356 	 4.487179 	 3.662876 	 17.661052
0.539284 	 0.703640 	 1.000000 	 0.539284 	 0.539328
7.952035 	 9.890942 	 2.837838 	 2.705335 	 7.961726
11.569489 	 13.798678 	 2.837838 	 3.941430 	 11.583164
0.510295 	 0.672031 	 1.000000 	 0.510295 	 0.510335
0.952271 	 1.167257 	 1.000000 	 0.952271 	 0.952375
0.952271 	 1.167257 	 1.000000 	 0.952271 	 0.952375
20.454735 	 24.843671 	 4.487179 	 4.254137 	 20.506096
0.952271 	 1.167257 	 1.000000 	 0.952271 	 0.952375
7.853788 	 9.743838 	 2.837838 	 2.672808 	 7.863240
11.057481 	 13.152728 	 2.837838 	 3.760178 	 11.069972
0.638501 	 0.821964 	 1.000000 	 0.638501 	 0.638548
1.089817 	 1.300104 	 1.000000 	 1.089817 	 1.089938
1.089817 	 1.300104 	 1.000000 	 1.089817 	 1.089938
25.830258 	 29.984090 	 4.487179 	 5.401036 	 25.912216
1.089817 	 1.300104 	 1.000000 	 1.089817 	 1.089938
8.583733 	 10.220754 	 2.837838 	 2.926392 	 8.595025
12.482015 	 14.068669 	 2.837838 	 4.266572 	 12.497934
0.648622 	 0.832504 	 1.000000 	 0.648622 	 0.648665
2.880421 	 3.274644 	 1.457143 	 1.992510 	 2.880820
1.356600 	 1.542268 	 1.000000 	 1.356600 	 1.356787
13.145050 	 14.631719 	 2.837838 	 4.488264 	 13.171551
5.368421 	 5.732363 	 1.457143 	 3.693837 	 5.372579
1.020159 	 1.199851 	 1.000000 	 1.020159 	 1.020244
1.020159 	 1.199851 	 1.000000 	 1.020159 	 1.020244
11.009524 	 12.198803 	 1.000000 	 1.776558 	 11.068821
9.168107 	 10.376022 	 5.173913 	 9.168107 	 9.173953
1.020159 	 1.199851 	 1.000000 	 1.020159 	 1.020244
9.343437 	 10.538174 	 5.173913 	 9.343437 	 9.349509
9.068572 	 10.299260 	 1.000000 	 1.457591 	 9.108766
8.969932 	 10.245064 	 5.173913 	 8.969932 	 8.975529
8.137264 	 9.440175 	 1.000000 	 1.301514 	 8.169611
0.574003 	 0.735437 	 1.000000 	 0.574003 	 0.574030
1.791872 	 2.001497 	 1.000000 	 1.791872 	 1.792132
1.791872 	 2.001497 	 1.000000 	 1.791872 	 1.792132
13.539697 	 14.680697 	 1.000000 	 2.187116 	 13.611438
10.801575 	 11.824359 	 5.173913 	 10.801575 	 10.808067
1.791872 	 2.001497 	 1.000000 	 1.791872 	 1.792132
12.253180 	 13.586300 	 5.173913 	 12.253180 	 12.261535
10.855188 	 12.319403 	 1.000000 	 1.750246 	 10.901253
11.277263 	 12.805317 	 5.173913 	 11.277263 	 11.284340
9.432335 	 11.048984 	 1.000000 	 1.505054 	 9.467096
0.793854 	 0.991039 	 1.000000 	 0.793854 	 0.793905
1.805545 	 2.024925 	 1.000000 	 1.805545 	 1.805809
1.805545 	 2.024925 	 1.000000 	 1.805545 	 1.805809
14.777210 	 16.030905 	 1.000000 	 2.369338 	 14.862705
13.249284 	 14.514147 	 5.173913 	 13.249284 	 13.259053
1.805545 	 2.024925 	 1.000000 	 1.805545 	 1.805809
14.542187 	 15.900963 	 5.173913 	 14.542187 	 14.553957
12.929616 	 14.292401 	 1.000000 	 2.067186 	 12.995022
13.285175 	 14.752290 	 5.173913 	 13.285175 	 13.294997
9.874314 	 11.350821 	 1.000000 	 1.576558 	 9.912415
0.821789 	 1.023429 	 1.000000 	 0.821789 	 0.821844
2.021273 	 2.250190 	 1.000000 	 2.021273 	 2.021605
2.021273 	 2.250190 	 1.000000 	 2.021273 	 2.021605
20.864633 	 22.138273 	 1.000000 	 3.351129 	 21.006814
14.088357 	 15.153558 	 5.173913 	 14.088357 	 14.097561
2.021273 	 2.250190 	 1.000000 	 2.021273 	 2.021605
17.676163 	 19.044668 	 5.173913 	 17.676163 	 17.690654
14.274752 	 15.782852 	 1.000000 	 2.293922 	 14.341161
14.282100 	 15.777724 	 5.173913 	 14.282100 	 14.291559
14.129356 	 15.971053 	 1.000000 	 2.265794 	 14.194416
0.860987 	 1.066170 	 1.000000 	 0.860987 	 0.861047
5.679717 	 6.012841 	 1.000000 	 5.679717 	 5.682335
5.952847 	 6.287209 	 1.411765 	 4.333033 	 5.958621
5.679717 	 6.012841 	 1.000000 	 5.679717 	 5.682335
12.411043 	 13.661227 	 1.000000 	 2.026652 	 12.461213
11.067244 	 12.521874 	 5.173913 	 11.067244 	 11.072923
4.457917 	 4.947302 	 1.411765 	 3.202502 	 4.461154
1.842762 	 2.058964 	 1.000000 	 1.842762 	 1.843135
1.842762 	 2.058964 	 1.000000 	 1.842762 	 1.843135
8.994510 	 9.528043 	 1.000000 	 3.344128 	 9.024235
9.014305 	 9.550259 	 2.400000 	 9.014305 	 9.024235
1.842762 	 2.058964 	 1.000000 	 1.842762 	 1.843135
25.212311 	 26.512689 	 2.400000 	 9.844276 	 25.278997
6.701936 	 7.194379 	 1.000000 	 2.495786 	 6.718425
6.712920 	 7.207038 	 2.400000 	 6.712920 	 6.718425
0.828219 	 1.032714 	 1.000000 	 0.828219 	 0.828295
6.639583 	 6.927329 	 1.000000 	 6.639583 	 6.642611
6.639583 	 6.927329 	 1.000000 	 6.639583 	 6.642611
19.205001 	 19.766220 	 1.000000 	 6.828563 	 19.341028
19.295472 	 19.862069 	 2.400000 	 19.295472 	 19.341028
6.639583 	 6.927329 	 1.000000 	 6.639583 	 6.642611
34.101758 	 35.013297 	 2.400000 	 13.635297 	 34.223873
5.590961 	 6.190948 	 1.000000 	 2.080185 	 5.602432
5.598603 	 6.200320 	 2.400000 	 5.598603 	 5.602432
1.960366 	 2.292230 	 1.000000 	 1.960366 	 1.960629
1.117113 	 1.487438 	 1.494983 	 0.747510 	 1.117738
7.319760 	 9.496983 	 2.959732 	 2.473923 	 7.323585
8.082138 	 10.150448 	 2.959732 	 2.707859 	 8.086801
0.525787 	 0.695580 	 1.000000 	 0.525787 	 0.525847
7.318377 	 9.249918 	 2.917808 	 2.528454 	 7.321566
0.542323 	 0.709012 	 1.000000 	 0.542323 	 0.542368
0.542323 	 0.709012 	 1.000000 	 0.542323 	 0.542368
16.607918 	 21.144386 	 4.487179 	 3.451790 	 16.641761
0.542323 	 0.709012 	 1.000000 	 0.542323 	 0.542368
8.235294 	 10.477548 	 2.837838 	 2.803894 	 8.245688
10.760909 	 13.325611 	 2.837838 	 3.662816 	 10.772738
0.517925 	 0.682204 	 1.000000 	 0.517925 	 0.517966
0.951751 	 1.183566 	 1.000000 	 0.951751 	 0.951855
0.951751 	 1.183566 	 1.000000 	 0.951751 	 0.951855
18.347937 	 22.882939 	 4.487179 	 3.810304 	 18.389252
0.951751 	 1.183566 	 1.000000 	 0.951751 	 0.951855
7.297851 	 9.243951 	 2.837838 	 2.482235 	 7.306012
10.104250 	 12.477748 	 2.837838 	 3.431929 	 10.114679
0.677281 	 0.872976 	 1.000000 	 0.677281 	 0.677334
1.066454 	 1.293815 	 1.000000 	 1.066454 	 1.066570
1.066454 	 1.293815 	 1.000000 	 1.066454 	 1.066570
24.500817 	 28.869948 	 4.487179 	 5.119953 	 24.574543
1.066454 	 1.293815 	 1.000000 	 1.066454 	 1.066570
8.005446 	 9.748684 	 2.837838 	 2.728982 	 8.015267
12.269313 	 13.924484 	 2.837838 	 4.189526 	 12.284693
0.690846 	 0.888484 	 1.000000 	 0.690846 	 0.690895
2.707730 	 3.148103 	 1.457143 	 1.873629 	 2.708082
1.275267 	 1.482671 	 1.000000 	 1.275267 	 1.275433
12.218605 	 14.121037 	 2.837838 	 4.167503 	 12.241499
6.673152 	 7.144787 	 1.457143 	 4.611532 	 6.679578
1.090159 	 1.296736 	 1.000000 	 1.090159 	 1.090255
1.090159 	 1.296736 	 1.000000 	 1.090159 	 1.090255
11.273139 	 12.713276 	 1.000000 	 1.811709 	 11.335318
7.635763 	 8.887424 	 5.173913 	 7.635763 	 7.639818
1.090159 	 1.296736 	 1.000000 	 1.090159 	 1.090255
8.124498 	 9.425743 	 5.173913 	 8.124498 	 8.129089
8.751656 	 10.195850 	 1.000000 	 1.408514 	 8.789084
8.901478 	 10.347826 	 5.173913 	 8.901478 	 8.906990
8.554476 	 10.081919 	 1.000000 	 1.372412 	 8.590234
0.648664 	 0.822965 	 1.000000 	 0.648664 	 0.648698
1.688901 	 1.921047 	 1.000000 	 1.688901 	 1.689132
1.688901 	 1.921047 	 1.000000 	 1.688901 	 1.689132
14.381943 	 16.068308 	 1.000000 	 2.323385 	 14.462913
10.659992 	 12.111959 	 5.173913 	 10.659992 	 10.666315
1.688901 	 1.921047 	 1.000000 	 1.688901 	 1.689132
12.013956 	 13.794749 	 5.173913 	 12.013956 	 12.021988
9.670172 	 11.162919 	 1.000000 	 1.552467 	 9.706711
11.778748 	 13.487229 	 5.173913 	 11.778748 	 11.786469
8.677283 	 10.266755 	 1.000000 	 1.390127 	 8.706692
0.846015 	 1.050765 	 1.000000 	 0.846015 	 0.846073
1.635536 	 1.875244 	 1.000000 	 1.635536 	 1.635753
1.635536 	 1.875244 	 1.000000 	 1.635536 	 1.635753
13.466467 	 14.987267 	 1.000000 	 2.190876 	 13.537432
12.020202 	 13.434050 	 5.173913 	 12.020202 	 12.028242
1.635536 	 1.875244 	 1.000000 	 1.635536 	 1.635753
12.756365 	 14.289877 	 5.173913 	 12.756365 	 12.765420
12.340069 	 13.674116 	 1.000000 	 1.987767 	 12.399632
15.312707 	 16.682816 	 5.173913 	 15.312707 	 15.325758
9.051454 	 10.276208 	 1.000000 	 1.440037 	 9.083460
0.861180 	 1.068140 	 1.000000 	 0.861180 	 0.861240
1.870929 	 2.108387 	 1.000000 	 1.870929 	 1.871213
1.870929 	 2.108387 	 1.000000 	 1.870929 	 1.871213
18.814958 	 20.041071 	 1.000000 	 3.156006 	 18.930500
12.174524 	 13.161290 	 5.173913 	 12.174524 	 12.181396
1.870929 	 2.108387 	 1.000000 	 1.870929 	 1.871213
15.050217 	 16.145654 	 5.173913 	 15.050217 	 15.060721
12.587206 	 13.740484 	 1.000000 	 2.045587 	 12.638813
15.392566 	 16.465980 	 5.173913 	 15.392566 	 15.403553
11.955676 	 13.339378 	 1.000000 	 1.924624 	 12.002225
0.863069 	 1.070045 	 1.000000 	 0.863069 	 0.863129
3.883131 	 4.113193 	 1.000000 	 3.883131 	 3.884354
6.362444 	 6.786867 	 1.411765 	 4.481219 	 6.369039
3.883131 	 4.113193 	 1.000000 	 3.883131 	 3.884354
12.512596 	 13.765319 	 1.000000 	 2.029830 	 12.563592
10.279907 	 11.599701 	 5.173913 	 10.279907 	 10.284806
4.010444 	 4.461334 	 1.411765 	 2.879025 	 4.013063
1.483547 	 1.692982 	 1.000000 	 1.483547 	 1.483789
1.483547 	 1.692982 	 1.000000 	 1.483547 	 1.483789
6.636781 	 7.160144 	 1.000000 	 2.407445 	 6.652951
6.647552 	 7.172682 	 2.400000 	 6.647552 	 6.652951
1.483547 	 1.692982 	 1.000000 	 1.483547 	 1.483789
20.008374 	 21.452157 	 2.400000 	 7.722982 	 20.050350
5.929071 	 6.473047 	 1.000000 	 2.187839 	 5.941973
5.937666 	 6.483292 	 2.400000 	 5.937666 	 5.941973
0.779322 	 0.980585 	 1.000000 	 0.779322 	 0.779389
4.963908 	 5.280902 	 1.000000 	 4.963908 	 4.965601
4.963908 	 5.280902 	 1.000000 	 4.963908 	 4.965601
22.187180 	 22.953923 	 1.000000 	 8.187451 	 22.368932
22.308018 	 23.083281 	 2.400000 	 22.308018 	 22.368932
4.963908 	 5.280902 	 1.000000 	 4.963908 	 4.965601
33.833486 	 35.681416 	 2.400000 	 13.662731 	 33.953684
5.372586 	 5.989277 	 1.000000 	 1.974981 	 5.383178
5.379642 	 5.998048 	 2.400000 	 5.379642 	 5.383178
1.722660 	 2.032061 	 1.000000 	 1.722660 	 1.722863
1.116863 	 1.487216 	 1.494983 	 0.747352 	 1.117488
6.537328 	 8.480399 	 2.959732 	 2.209414 	 6.540378
7.797076 	 9.577529 	 2.959732 	 2.612008 	 7.801416
0.523524 	 0.692121 	 1.000000 	 0.523524 	 0.523583
8.152964 	 10.075507 	 2.917808 	 2.820837 	 8.156921
0.542308 	 0.708319 	 1.000000 	 0.542308 	 0.542353
0.542308 	 0.708319 	 1.000000 	 0.542308 	 0.542353
16.698094 	 21.251373 	 4.487179 	 3.466850 	 16.732306
0.542308 	 0.708319 	 1.000000 	 0.542308 	 0.542353
8.826178 	 11.114086 	 2.837838 	 3.004113 	 8.838118
11.679541 	 14.133483 	 2.837838 	 3.976824 	 11.693477
0.515396 	 0.679368 	 1.000000 	 0.515396 	 0.515437
0.973810 	 1.199896 	 1.000000 	 0.973810 	 0.973919
0.973810 	 1.199896 	 1.000000 	 0.973810 	 0.973919
20.262447 	 24.988101 	 4.487179 	 4.209550 	 20.312845
0.973810 	 1.199896 	 1.000000 	 0.973810 	 0.973919
7.863941 	 9.893577 	 2.837838 	 2.674977 	 7.873418
10.483567 	 12.671503 	 2.837838 	 3.570802 	 10.494794
0.665411 	 0.858816 	 1.000000 	 0.665411 	 0.665461
1.096245 	 1.311861 	 1.000000 	 1.096245 	 1.096367
1.096245 	 1.311861 	 1.000000 	 1.096245 	 1.096367
24.532710 	 28.548124 	 4.487179 	 5.122737 	 24.606629
1.096245 	 1.311861 	 1.000000 	 1.096245 	 1.096367
8.319381 	 10.015472 	 2.837838 	 2.836081 	 8.329988
12.001361 	 13.507926 	 2.837838 	 4.100831 	 12.016076
0.660602 	 0.851538 	 1.000000 	 0.660602 	 0.660647
2.728640 	 3.130657 	 1.457143 	 1.891082 	 2.728998
1.285115 	 1.474454 	 1.000000 	 1.285115 	 1.285283
12.927812 	 14.470581 	 2.837838 	 4.406860 	 12.953444
5.724872 	 6.087177 	 1.457143 	 3.941158 	 5.729601
1.031213 	 1.227013 	 1.000000 	 1.031213 	 1.031299
1.031213 	 1.227013 	 1.000000 	 1.031213 	 1.031299
10.362734 	 11.678874 	 1.000000 	 1.663844 	 10.415252
8.489967 	 9.776637 	 5.173913 	 8.489967 	 8.494981
1.031213 	 1.227013 	 1.000000 	 1.031213 	 1.031299
8.436857 	 9.788463 	 5.173913 	 8.436857 	 8.441807
8.858238 	 10.269036 	 1.000000 	 1.418638 	 8.896585
9.405884 	 10.867215 	 5.173913 	 9.405884 	 9.412038
8.054246 	 9.508464 	 1.000000 	 1.291375 	 8.085936
0.601242 	 0.769000 	 1.000000 	 0.601242 	 0.601271
1.740773 	 1.978834 	 1.000000 	 1.740773 	 1.741018
1.740773 	 1.978834 	 1.000000 	 1.740773 	 1.741018
15.149303 	 16.514286 	 1.000000 	 2.444455 	 15.239171
10.341875 	 11.646517 	 5.173913 	 10.341875 	 10.347826
1.740773 	 1.978834 	 1.000000 	 1.740773 	 1.741018
13.372996 	 15.033906 	 5.173913 	 13.372996 	 13.382949
10.323404 	 11.792480 	 1.000000 	 1.666804 	 10.365057
11.911386 	 13.675271 	 5.173913 	 11.911386 	 11.919281
8.257564 	 9.788611 	 1.000000 	 1.318871 	 8.284193
0.813959 	 1.016059 	 1.000000 	 0.813959 	 0.814013
1.618859 	 1.858132 	 1.000000 	 1.618859 	 1.619071
1.618859 	 1.858132 	 1.000000 	 1.618859 	 1.619071
15.018560 	 16.477296 	 1.000000 	 2.414225 	 15.106879
12.029136 	 13.466467 	 5.173913 	 12.029136 	 12.037189
1.618859 	 1.858132 	 1.000000 	 1.618859 	 1.619071
14.552648 	 16.155727 	 5.173913 	 14.552648 	 14.564435
12.303482 	 13.673538 	 1.000000 	 1.968473 	 12.362692
14.276641 	 15.812408 	 5.173913 	 14.276641 	 14.287984
8.752839 	 10.068120 	 1.000000 	 1.394391 	 8.782764
0.793264 	 0.992572 	 1.000000 	 0.793264 	 0.793315
2.039213 	 2.303554 	 1.000000 	 2.039213 	 2.039550
2.039213 	 2.303554 	 1.000000 	 2.039213 	 2.039550
19.391712 	 20.908435 	 1.000000 	 3.193738 	 19.514469
12.095665 	 13.366001 	 5.173913 	 12.095665 	 12.102449
2.039213 	 2.303554 	 1.000000 	 2.039213 	 2.039550
17.399032 	 18.762245 	 5.173913 	 17.399032 	 17.413073
12.715773 	 13.995964 	 1.000000 	 2.055524 	 12.768442
14.089379 	 15.276932 	 5.173913 	 14.089379 	 14.098584
11.459727 	 12.993544 	 1.000000 	 1.822591 	 11.502488
0.883764 	 1.099998 	 1.000000 	 0.883764 	 0.883827
4.482249 	 4.837558 	 1.000000 	 4.482249 	 4.483879
6.543131 	 6.982259 	 1.411765 	 4.763406 	 6.550107
4.482249 	 4.837558 	 1.000000 	 4.482249 	 4.483879
13.179153 	 14.627952 	 1.000000 	 2.153942 	 13.235739
10.338462 	 11.869816 	 5.173913 	 10.338462 	 10.343417
3.962735 	 4.426336 	 1.411765 	 2.794209 	 3.965292
1.557681 	 1.796334 	 1.000000 	 1.557681 	 1.557948
1.557681 	 1.796334 	 1.000000 	 1.557681 	 1.557948
6.637976 	 7.279621 	 1.000000 	 2.426460 	 6.654152
6.648751 	 7.292582 	 2.400000 	 6.648751 	 6.654152
1.557681 	 1.796334 	 1.000000 	 1.557681 	 1.557948
21.967141 	 23.674128 	 2.400000 	 8.465864 	 22.017747
6.009292 	 6.654752 	 1.000000 	 2.228307 	 6.022545
6.018121 	 6.665582 	 2.400000 	 6.018121 	 6.022545
0.798464 	 1.005116 	 1.000000 	 0.798464 	 0.798534
5.128614 	 5.562855 	 1.000000 	 5.128614 	 5.130421
5.128614 	 5.562855 	 1.000000 	 5.128614 	 5.130421
22.734505 	 24.380952 	 1.000000 	 8.171118 	 22.925373
22.861395 	 24.526946 	 2.400000 	 22.861395 	 22.925373
5.128614 	 5.562855 	 1.000000 	 5.128614 	 5.130421
34.065743 	 36.015073 	 2.400000 	 13.562201 	 34.187599
9.694675 	 10.815315 	 1.000000 	 3.688429 	 9.729216
9.717675 	 10.843948 	 2.400000 	 9.717675 	 9.729216
1.888401 	 2.258499 	 1.000000 	 1.888401 	 1.888646
1.116863 	 1.487216 	 1.494983 	 0.747352 	 1.117488
7.330676 	 9.585273 	 2.959732 	 2.480362 	 7.334512
7.541165 	 9.500811 	 2.959732 	 2.526966 	 7.545225
0.525930 	 0.695350 	 1.000000 	 0.525930 	 0.525990
7.808644 	 9.703587 	 2.917808 	 2.710280 	 7.812274
0.534976 	 0.699717 	 1.000000 	 0.534976 	 0.535020
0.534976 	 0.699717 	 1.000000 	 0.534976 	 0.535020
16.356232 	 20.736060 	 4.487179 	 3.397006 	 16.389056
0.534976 	 0.699717 	 1.000000 	 0.534976 	 0.535020
8.545477 	 10.775645 	 2.837838 	 2.910363 	 8.556669
11.286951 	 13.722109 	 2.837838 	 3.844980 	 11.299966
0.512534 	 0.675872 	 1.000000 	 0.512534 	 0.512575
0.989587 	 1.223327 	 1.000000 	 0.989587 	 0.989699
0.989587 	 1.223327 	 1.000000 	 0.989587 	 0.989699
20.051288 	 24.602510 	 4.487179 	 4.169148 	 20.100640
0.989587 	 1.223327 	 1.000000 	 0.989587 	 0.989699
7.356590 	 9.325685 	 2.837838 	 2.503868 	 7.364883
10.811694 	 13.190264 	 2.837838 	 3.682852 	 10.823635
0.679038 	 0.874692 	 1.000000 	 0.679038 	 0.679091
1.068994 	 1.289771 	 1.000000 	 1.068994 	 1.069110
1.068994 	 1.289771 	 1.000000 	 1.068994 	 1.069110
24.604981 	 28.862579 	 4.487179 	 5.139034 	 24.679337
1.068994 	 1.289771 	 1.000000 	 1.068994 	 1.069110
8.309388 	 9.909556 	 2.837838 	 2.833371 	 8.319970
11.774915 	 13.185499 	 2.837838 	 4.021674 	 11.789080
0.658246 	 0.848411 	 1.000000 	 0.658246 	 0.658290
2.667616 	 3.074127 	 1.457143 	 1.845353 	 2.667958
1.256374 	 1.447830 	 1.000000 	 1.256374 	 1.256536
12.641536 	 14.173228 	 2.837838 	 4.310166 	 12.666044
5.546335 	 5.924126 	 1.457143 	 3.833221 	 5.550774
1.002557 	 1.192700 	 1.000000 	 1.002557 	 1.002638
1.002557 	 1.192700 	 1.000000 	 1.002557 	 1.002638
10.411902 	 11.498401 	 1.000000 	 1.676990 	 10.464921
8.564662 	 9.671834 	 5.173913 	 8.564662 	 8.569764
1.002557 	 1.192700 	 1.000000 	 1.002557 	 1.002638
7.927019 	 9.279151 	 5.173913 	 7.927019 	 7.931389
8.531928 	 9.972041 	 1.000000 	 1.366820 	 8.567496
9.390194 	 10.982441 	 5.173913 	 9.390194 	 9.396328
8.896585 	 10.519764 	 1.000000 	 1.425982 	 8.935266
0.579697 	 0.744498 	 1.000000 	 0.579697 	 0.579724
1.760294 	 2.003068 	 1.000000 	 1.760294 	 1.760546
1.760294 	 2.003068 	 1.000000 	 1.760294 	 1.760546
14.020619 	 15.405997 	 1.000000 	 2.251217 	 14.097561
10.456807 	 11.750526 	 5.173913 	 10.456807 	 10.462891
1.760294 	 2.003068 	 1.000000 	 1.760294 	 1.760546
13.137430 	 14.777884 	 5.173913 	 13.137430 	 13.147035
10.090405 	 11.513944 	 1.000000 	 1.614606 	 10.130195
11.764193 	 13.371339 	 5.173913 	 11.764193 	 11.771894
8.448969 	 9.895747 	 1.000000 	 1.352103 	 8.476849
0.809276 	 1.013049 	 1.000000 	 0.809276 	 0.809329
1.671350 	 1.912456 	 1.000000 	 1.671350 	 1.671577
1.671350 	 1.912456 	 1.000000 	 1.671350 	 1.671577
15.397203 	 16.920905 	 1.000000 	 2.474580 	 15.490046
12.447316 	 13.864474 	 5.173913 	 12.447316 	 12.455938
1.671350 	 1.912456 	 1.000000 	 1.671350 	 1.671577
15.295341 	 16.921790 	 5.173913 	 15.295341 	 15.308362
11.121495 	 12.503090 	 1.000000 	 1.779850 	 11.169853
14.035209 	 15.552566 	 5.173913 	 14.035209 	 14.046173
8.687530 	 9.967972 	 1.000000 	 1.387089 	 8.717010
0.790979 	 0.989563 	 1.000000 	 0.790979 	 0.791030
1.953665 	 2.211272 	 1.000000 	 1.953665 	 1.953975
1.953665 	 2.211272 	 1.000000 	 1.953665 	 1.953975
22.079127 	 23.319885 	 1.000000 	 3.598044 	 22.238406
11.371158 	 12.426528 	 5.173913 	 11.371158 	 11.377153
1.953665 	 2.211272 	 1.000000 	 1.953665 	 1.953975
17.313720 	 18.552541 	 5.173913 	 17.313720 	 17.327623
12.601090 	 13.949720 	 1.000000 	 2.019613 	 12.652811
13.790244 	 15.007766 	 5.173913 	 13.790244 	 13.799062
10.856280 	 12.294369 	 1.000000 	 1.726769 	 10.894648
0.841078 	 1.050884 	 1.000000 	 0.841078 	 0.841135
4.362779 	 4.719772 	 1.000000 	 4.362779 	 4.364323
6.356593 	 6.801058 	 1.411765 	 4.611651 	 6.363176
4.362779 	 4.719772 	 1.000000 	 4.362779 	 4.364323
13.884893 	 15.178429 	 1.000000 	 2.286252 	 13.947716
9.505555 	 10.784540 	 5.173913 	 9.505555 	 9.509744
3.811677 	 4.198474 	 1.411765 	 2.706939 	 3.814043
1.473196 	 1.685042 	 1.000000 	 1.473196 	 1.473434
1.473196 	 1.685042 	 1.000000 	 1.473196 	 1.473434
7.748607 	 8.361080 	 1.000000 	 2.852257 	 7.770658
7.763294 	 8.378182 	 2.400000 	 7.763294 	 7.770658
1.473196 	 1.685042 	 1.000000 	 1.473196 	 1.473434
24.648773 	 26.296545 	 2.400000 	 9.640528 	 24.712507
5.512374 	 6.138884 	 1.000000 	 2.038882 	 5.523524
5.519802 	 6.148099 	 2.400000 	 5.519802 	 5.523524
0.728469 	 0.921837 	 1.000000 	 0.728469 	 0.728527
4.865872 	 5.240365 	 1.000000 	 4.865872 	 4.867499
4.865872 	 5.240365 	 1.000000 	 4.865872 	 4.867499
23.076056 	 24.372893 	 1.000000 	 8.331789 	 23.272727
23.206799 	 24.518789 	 2.400000 	 23.206799 	 23.272727
4.865872 	 5.240365 	 1.000000 	 4.865872 	 4.867499
34.083741 	 35.825073 	 2.400000 	 13.794195 	 34.205726
5.771272 	 6.474183 	 1.000000 	 2.136734 	 5.783495
5.779415 	 6.484433 	 2.400000 	 5.779415 	 5.783495
1.634579 	 1.951783 	 1.000000 	 1.634579 	 1.634763
1.116863 	 1.487216 	 1.494983 	 0.747352 	 1.117488
5.529014 	 7.300740 	 2.959732 	 1.870286 	 5.531196
7.199817 	 9.406223 	 2.959732 	 2.411078 	 7.203517
0.528544 	 0.698921 	 1.000000 	 0.528544 	 0.528605
6.066185 	 7.727381 	 2.917808 	 2.090191 	 6.068376
0.550175 	 0.720118 	 1.000000 	 0.550175 	 0.550222
0.550175 	 0.720118 	 1.000000 	 0.550175 	 0.550222
16.687479 	 21.350763 	 4.487179 	 3.461495 	 16.721647
0.550175 	 0.720118 	 1.000000 	 0.550175 	 0.550222
7.169712 	 9.206200 	 2.837838 	 2.436178 	 7.177588
10.518784 	 13.118168 	 2.837838 	 3.582841 	 10.530086
0.527248 	 0.694496 	 1.000000 	 0.527248 	 0.527290
0.893010 	 1.121751 	 1.000000 	 0.893010 	 0.893101
0.893010 	 1.121751 	 1.000000 	 0.893010 	 0.893101
17.045059 	 21.443576 	 4.487179 	 3.531735 	 17.080709
0.893010 	 1.121751 	 1.000000 	 0.893010 	 0.893101
7.436919 	 9.449072 	 2.837838 	 2.526117 	 7.445394
11.231615 	 13.991672 	 2.837838 	 3.826935 	 11.244502
0.684235 	 0.886680 	 1.000000 	 0.684235 	 0.684289
0.991674 	 1.214596 	 1.000000 	 0.991674 	 0.991775
0.991674 	 1.214596 	 1.000000 	 0.991674 	 0.991775
26.740886 	 31.433765 	 4.487179 	 5.568013 	 26.828734
0.991674 	 1.214596 	 1.000000 	 0.991674 	 0.991775
7.835995 	 9.617141 	 2.837838 	 2.671311 	 7.845405
12.335089 	 14.166968 	 2.837838 	 4.206711 	 12.350635
0.670842 	 0.866973 	 1.000000 	 0.670842 	 0.670888
2.686964 	 3.136609 	 1.457143 	 1.856209 	 2.687311
1.265487 	 1.477257 	 1.000000 	 1.265487 	 1.265650
11.592679 	 13.586475 	 2.837838 	 3.950241 	 11.613285
6.212270 	 6.811873 	 1.457143 	 4.292374 	 6.217840
1.132905 	 1.358618 	 1.000000 	 1.132905 	 1.133009
1.132905 	 1.358618 	 1.000000 	 1.132905 	 1.133009
11.571365 	 13.130369 	 1.000000 	 1.866344 	 11.636887
7.563500 	 8.832253 	 5.173913 	 7.563500 	 7.567479
1.132905 	 1.358618 	 1.000000 	 1.132905 	 1.133009
8.077360 	 9.520350 	 5.173913 	 8.077360 	 8.081898
8.555042 	 10.002472 	 1.000000 	 1.376439 	 8.590804
10.168224 	 11.839064 	 5.173913 	 10.168224 	 10.175417
7.607051 	 9.133827 	 1.000000 	 1.228247 	 7.635313
0.672378 	 0.854658 	 1.000000 	 0.672378 	 0.672415
1.818980 	 2.084369 	 1.000000 	 1.818980 	 1.819249
1.818980 	 2.084369 	 1.000000 	 1.818980 	 1.819249
13.565801 	 15.365043 	 1.000000 	 2.201905 	 13.637819
11.560000 	 13.200114 	 5.173913 	 11.560000 	 11.567436
1.818980 	 2.084369 	 1.000000 	 1.818980 	 1.819249
10.892449 	 12.534562 	 5.173913 	 10.892449 	 10.899050
9.899682 	 11.420507 	 1.000000 	 1.598120 	 9.937980
11.296943 	 13.037419 	 5.173913 	 11.296943 	 11.304044
9.207487 	 10.793651 	 1.000000 	 1.464947 	 9.240608
0.873586 	 1.086855 	 1.000000 	 0.873586 	 0.873648
1.573748 	 1.822940 	 1.000000 	 1.573748 	 1.573949
1.573748 	 1.822940 	 1.000000 	 1.573748 	 1.573949
14.196491 	 15.807003 	 1.000000 	 2.305019 	 14.275381
12.460733 	 13.852014 	 5.173913 	 12.460733 	 12.469374
1.573748 	 1.822940 	 1.000000 	 1.573748 	 1.573949
15.047885 	 16.710377 	 5.173913 	 15.047885 	 15.060488
11.577366 	 12.773481 	 1.000000 	 1.860593 	 11.629779
14.439686 	 15.666231 	 5.173913 	 14.439686 	 14.451290
10.239150 	 11.344455 	 1.000000 	 1.622245 	 10.280124
0.817063 	 1.019288 	 1.000000 	 0.817063 	 0.817118
2.119966 	 2.347953 	 1.000000 	 2.119966 	 2.120331
2.119966 	 2.347953 	 1.000000 	 2.119966 	 2.120331
22.036537 	 22.850688 	 1.000000 	 3.688801 	 22.195200
11.544882 	 12.301378 	 5.173913 	 11.544882 	 11.551062
2.119966 	 2.347953 	 1.000000 	 2.119966 	 2.120331
15.789268 	 16.576306 	 5.173913 	 15.789268 	 15.800830
12.896474 	 13.810838 	 1.000000 	 2.101227 	 12.950654
14.305245 	 15.198028 	 5.173913 	 14.305245 	 14.314734
12.624025 	 13.935206 	 1.000000 	 2.033379 	 12.675935
0.855128 	 1.061463 	 1.000000 	 0.855128 	 0.855188
3.877568 	 4.082101 	 1.000000 	 3.877568 	 3.878788
5.522421 	 5.839996 	 1.411765 	 3.916563 	 5.527389
3.877568 	 4.082101 	 1.000000 	 3.877568 	 3.878788
11.520228 	 12.640458 	 1.000000 	 1.882517 	 11.563442
10.201607 	 11.496700 	 5.173913 	 10.201607 	 10.206433
3.845876 	 4.242117 	 1.411765 	 2.715580 	 3.848285
1.397976 	 1.607535 	 1.000000 	 1.397976 	 1.398191
1.397976 	 1.607535 	 1.000000 	 1.397976 	 1.398191
5.789399 	 6.229131 	 1.000000 	 2.146563 	 5.801700
5.797594 	 6.238619 	 2.400000 	 5.797594 	 5.801700
1.397976 	 1.607535 	 1.000000 	 1.397976 	 1.398191
18.357260 	 19.857484 	 2.400000 	 7.163821 	 18.392587
5.176438 	 5.680123 	 1.000000 	 1.915162 	 5.186269
5.182988 	 5.688011 	 2.400000 	 5.182988 	 5.186269
0.732521 	 0.926341 	 1.000000 	 0.732521 	 0.732580
4.313991 	 4.594826 	 1.000000 	 4.313991 	 4.315270
4.313991 	 4.594826 	 1.000000 	 4.313991 	 4.315270
30.579842 	 31.148289 	 1.000000 	 11.261341 	 30.926174
30.809862 	 31.386973 	 2.400000 	 30.809862 	 30.926174
4.313991 	 4.594826 	 1.000000 	 4.313991 	 4.315270
28.322687 	 29.949861 	 2.400000 	 11.355248 	 28.406869
9.254173 	 9.888412 	 1.000000 	 3.556413 	 9.285642
9.275129 	 9.912342 	 2.400000 	 9.275129 	 9.285642
1.487578 	 1.771890 	 1.000000 	 1.487578 	 1.487730
1.116917 	 1.487268 	 1.494983 	 0.747391 	 1.117542
6.128016 	 8.084942 	 2.959732 	 2.072566 	 6.130696
7.288317 	 9.494520 	 2.959732 	 2.442042 	 7.292109
0.530997 	 0.701926 	 1.000000 	 0.530997 	 0.531058
5.689170 	 7.282066 	 2.917808 	 1.957792 	 5.691097
0.538879 	 0.704939 	 1.000000 	 0.538879 	 0.538923
0.538879 	 0.704939 	 1.000000 	 0.538879 	 0.538923
16.486105 	 20.889584 	 4.487179 	 3.423956 	 16.519452
0.538879 	 0.704939 	 1.000000 	 0.538879 	 0.538923
7.363346 	 9.269574 	 2.837838 	 2.505931 	 7.371654
10.685297 	 12.882495 	 2.837838 	 3.636888 	 10.696960
0.515737 	 0.679111 	 1.000000 	 0.515737 	 0.515778
0.892776 	 1.104844 	 1.000000 	 0.892776 	 0.892867
0.892776 	 1.104844 	 1.000000 	 0.892776 	 0.892867
18.296781 	 22.633143 	 4.487179 	 3.799589 	 18.337866
0.892776 	 1.104844 	 1.000000 	 0.892776 	 0.892867
7.450111 	 9.307725 	 2.837838 	 2.534246 	 7.458616
10.824521 	 13.123698 	 2.837838 	 3.683287 	 10.836490
0.642389 	 0.828009 	 1.000000 	 0.642389 	 0.642436
1.013962 	 1.227493 	 1.000000 	 1.013962 	 1.014067
1.013962 	 1.227493 	 1.000000 	 1.013962 	 1.014067
24.770828 	 29.205491 	 4.487179 	 5.182187 	 24.846190
1.013962 	 1.227493 	 1.000000 	 1.013962 	 1.014067
8.093785 	 9.797006 	 2.837838 	 2.762422 	 8.103825
12.494983 	 14.256658 	 2.837838 	 4.273325 	 12.510934
0.660409 	 0.847781 	 1.000000 	 0.660409 	 0.660454
2.783203 	 3.215453 	 1.457143 	 1.928432 	 2.783575
1.310813 	 1.514391 	 1.000000 	 1.310813 	 1.310988
12.729569 	 14.509860 	 2.837838 	 4.342849 	 12.754420
5.675683 	 6.126306 	 1.457143 	 3.930364 	 5.680331
1.103010 	 1.303009 	 1.000000 	 1.103010 	 1.103108
1.103010 	 1.303009 	 1.000000 	 1.103010 	 1.103108
10.964770 	 12.213187 	 1.000000 	 1.767319 	 11.023585
8.451727 	 9.617590 	 5.173913 	 8.451727 	 8.456695
1.103010 	 1.303009 	 1.000000 	 1.103010 	 1.103108
8.419848 	 9.694283 	 5.173913 	 8.419848 	 8.424779
8.837076 	 10.190634 	 1.000000 	 1.419976 	 8.875240
9.706275 	 11.224761 	 5.173913 	 9.706275 	 9.712828
8.670774 	 10.242228 	 1.000000 	 1.386299 	 8.707512
0.628659 	 0.798483 	 1.000000 	 0.628659 	 0.628692
1.768176 	 1.992924 	 1.000000 	 1.768176 	 1.768429
1.768176 	 1.992924 	 1.000000 	 1.768176 	 1.768429
13.747876 	 15.070304 	 1.000000 	 2.229723 	 13.821846
10.657886 	 11.832139 	 5.173913 	 10.657886 	 10.664207
1.768176 	 1.992924 	 1.000000 	 1.768176 	 1.768429
11.669190 	 13.097560 	 5.173913 	 11.669190 	 11.676768
10.359086 	 11.692374 	 1.000000 	 1.670089 	 10.401028
11.179884 	 12.672461 	 5.173913 	 11.179884 	 11.186839
9.312389 	 10.837016 	 1.000000 	 1.490390 	 9.346269
0.825180 	 1.026686 	 1.000000 	 0.825180 	 0.825235
1.696258 	 1.926600 	 1.000000 	 1.696258 	 1.696492
1.696258 	 1.926600 	 1.000000 	 1.696258 	 1.696492
13.744374 	 15.042290 	 1.000000 	 2.219814 	 13.818306
13.048456 	 14.306298 	 5.173913 	 13.048456 	 13.057931
1.696258 	 1.926600 	 1.000000 	 1.696258 	 1.696492
14.125862 	 15.582515 	 5.173913 	 14.125862 	 14.136967
12.411995 	 13.616592 	 1.000000 	 1.999555 	 12.472256
14.332271 	 15.633694 	 5.173913 	 14.332271 	 14.343703
9.142470 	 10.395350 	 1.000000 	 1.448920 	 9.175123
0.828383 	 1.029524 	 1.000000 	 0.828383 	 0.828439
1.912951 	 2.143283 	 1.000000 	 1.912951 	 1.913247
1.912951 	 2.143283 	 1.000000 	 1.912951 	 1.913247
20.680226 	 21.987886 	 1.000000 	 3.412966 	 20.819897
12.432495 	 13.528945 	 5.173913 	 12.432495 	 12.439662
1.912951 	 2.143283 	 1.000000 	 1.912951 	 1.913247
16.490447 	 17.751291 	 5.173913 	 16.490447 	 16.503059
14.080186 	 15.239171 	 1.000000 	 2.280561 	 14.144792
14.281050 	 15.380984 	 5.173913 	 14.281050 	 14.290508
11.540765 	 13.073138 	 1.000000 	 1.831063 	 11.584134
0.850456 	 1.054895 	 1.000000 	 0.850456 	 0.850515
4.930076 	 5.289861 	 1.000000 	 4.930076 	 4.932047
5.608114 	 6.016975 	 1.411765 	 4.058273 	 5.613237
4.930076 	 5.289861 	 1.000000 	 4.930076 	 4.932047
12.380977 	 13.666514 	 1.000000 	 2.005100 	 12.430903
10.389344 	 11.860393 	 5.173913 	 10.389344 	 10.394348
4.334222 	 4.772039 	 1.411765 	 3.113251 	 4.337281
1.760320 	 1.977884 	 1.000000 	 1.760320 	 1.760660
1.760320 	 1.977884 	 1.000000 	 1.760320 	 1.760660
7.010364 	 7.540192 	 1.000000 	 2.516572 	 7.028408
7.022383 	 7.554098 	 2.400000 	 7.022383 	 7.028408
1.760320 	 1.977884 	 1.000000 	 1.760320 	 1.760660
21.356286 	 22.675571 	 2.400000 	 8.161685 	 21.404114
6.166095 	 6.671010 	 1.000000 	 2.284369 	 6.180050
6.175392 	 6.681892 	 2.400000 	 6.175392 	 6.180050
0.840852 	 1.044165 	 1.000000 	 0.840852 	 0.840930
5.220120 	 5.515570 	 1.000000 	 5.220120 	 5.221992
5.220120 	 5.515570 	 1.000000 	 5.220120 	 5.221992
27.236055 	 27.811392 	 1.000000 	 9.889738 	 27.510448
27.418371 	 28.001519 	 2.400000 	 27.418371 	 27.510448
5.220120 	 5.515570 	 1.000000 	 5.220120 	 5.221992
28.453854 	 29.437372 	 2.400000 	 11.167525 	 28.538819
6.223348 	 6.690381 	 1.000000 	 2.280553 	 6.237563
6.232818 	 6.701327 	 2.400000 	 6.232818 	 6.237563
1.764543 	 2.079650 	 1.000000 	 1.764543 	 1.764757
