1.000000	0.746932	1.494704
0.771491	1.479553	2.283150
0.574504	1.479553	1.715368
0.960611	0.499892	0.960611
0.613860	1.458651	1.776285
0.923567	0.499923	0.923567
0.923567	0.499923	0.923567
0.622521	2.242357	2.999562
0.923567	0.499923	0.923567
0.514678	1.418303	1.512669
0.363168	1.418508	1.067256
0.967912	0.499923	0.967912
0.530520	0.499943	0.530520
0.530520	0.499943	0.530520
0.558939	2.242357	2.696828
0.530520	0.499943	0.530520
0.524550	1.418303	1.544353
0.398885	1.418508	1.174595
0.747216	0.499943	0.747216
0.494592	0.499949	0.494592
0.494592	0.499949	0.494592
0.424214	2.242357	2.035763
0.494592	0.499949	0.494592
0.496576	1.418303	1.457690
0.343689	1.418508	1.007092
0.763824	0.499949	0.763824
0.405247	0.728520	0.586426
0.405247	0.499949	0.405247
0.345405	1.418303	1.013879
0.177160	0.728418	0.257194
0.477729	0.499959	0.477729
0.477729	0.499959	0.477729
0.233036	2.585698	1.452146
0.345988	0.499820	0.345988
0.477729	0.499959	0.477729
0.303828	0.499820	0.303828
0.297055	2.585698	1.854959
0.279831	0.499820	0.279831
0.324568	2.585698	2.029472
0.816735	0.499959	0.816735
0.309121	0.499959	0.309121
0.309121	0.499959	0.309121
0.181362	2.585949	1.131058
0.252558	0.499856	0.252558
0.309121	0.499959	0.309121
0.214466	0.499856	0.214466
0.259735	2.585949	1.619645
0.223465	0.499856	0.223465
0.296100	2.585949	1.853692
0.622689	0.499959	0.622689
0.300096	0.499959	0.300096
0.300096	0.499959	0.300096
0.192503	2.585949	1.186669
0.218254	0.499856	0.218254
0.300096	0.499959	0.300096
0.189450	0.499856	0.189450
0.221116	2.585949	1.392024
0.187244	0.499856	0.187244
0.258088	2.585949	1.624121
0.606888	0.499959	0.606888
0.247468	0.499959	0.247468
0.247468	0.499959	0.247468
0.124814	2.586117	0.737239
0.229047	0.499880	0.229047
0.247468	0.499959	0.247468
0.158621	0.499880	0.158621
0.208480	2.586117	1.283488
0.173434	0.499880	0.173434
0.198583	2.586117	1.225344
0.594827	0.499959	0.594827
0.126023	0.499959	0.126023
0.169622	0.705720	0.237304
0.126023	0.499959	0.126023
0.222213	2.586117	1.374267
0.261109	0.499880	0.261109
0.240502	0.705720	0.342209
0.353967	0.499945	0.353967
0.353967	0.499945	0.353967
0.213021	1.199561	0.586686
0.213021	0.499854	0.213021
0.353967	0.499945	0.353967
0.164844	1.199699	0.425446
0.219010	1.199561	0.594401
0.219010	0.499854	0.219010
0.691272	0.499945	0.691272
0.114265	0.499966	0.114265
0.114265	0.499966	0.114265
0.066309	1.199561	0.185482
0.066309	0.499854	0.066309
0.114265	0.499966	0.114265
0.113795	1.199699	0.290759
0.209375	1.199561	0.574349
0.209375	0.499854	0.209375
0.341309	0.499966	0.341309
1.000000	0.746932	1.494704
0.768894	1.479553	2.275096
0.562127	1.479553	1.678480
0.954529	0.499892	0.954529
0.603357	1.458651	1.746275
0.928950	0.499923	0.928950
0.928950	0.499923	0.928950
0.600797	2.242357	2.895409
0.928950	0.499923	0.928950
0.499601	1.418303	1.468282
0.354212	1.418508	1.040784
0.972577	0.499923	0.972577
0.523109	0.499943	0.523109
0.523109	0.499943	0.523109
0.514190	2.242357	2.478687
0.523109	0.499943	0.523109
0.515111	1.418303	1.515431
0.383925	1.418508	1.130714
0.761808	0.499943	0.761808
0.478384	0.499949	0.478384
0.478384	0.499949	0.478384
0.408202	2.242357	1.958498
0.478384	0.499949	0.478384
0.480780	1.418303	1.410416
0.342281	1.418508	1.002245
0.766757	0.499949	0.766757
0.399844	0.728520	0.577115
0.399844	0.499949	0.399844
0.326424	1.418303	0.957736
0.184974	0.728418	0.267874
0.491669	0.499959	0.491669
0.491669	0.499959	0.491669
0.240109	2.585698	1.501598
0.321431	0.499820	0.321431
0.491669	0.499959	0.491669
0.304707	0.499820	0.304707
0.302010	2.585698	1.888747
0.292160	0.499820	0.292160
0.302649	2.585698	1.894202
0.849995	0.499959	0.849995
0.295699	0.499959	0.295699
0.295699	0.499959	0.295699
0.189402	2.585949	1.182816
0.247458	0.499856	0.247458
0.295699	0.499959	0.295699
0.216240	0.499856	0.216240
0.250256	2.585949	1.562996
0.213475	0.499856	0.213475
0.291640	2.585949	1.822426
0.626834	0.499959	0.626834
0.305886	0.499959	0.305886
0.305886	0.499959	0.305886
0.183903	2.585949	1.141256
0.210806	0.499856	0.210806
0.305886	0.499959	0.305886
0.187228	0.499856	0.187228
0.212180	2.585949	1.332017
0.178613	0.499856	0.178613
0.272602	2.585949	1.712404
0.635155	0.499959	0.635155
0.257042	0.499959	0.257042
0.257042	0.499959	0.257042
0.128157	2.586117	0.767170
0.229127	0.499880	0.229127
0.257042	0.499959	0.257042
0.162071	0.499880	0.162071
0.203658	2.586117	1.263760
0.187553	0.499880	0.187553
0.218723	2.586117	1.365236
0.605293	0.499959	0.605293
0.128406	0.499959	0.128406
0.158575	0.705720	0.219354
0.128406	0.499959	0.128406
0.197331	2.586117	1.221854
0.246390	0.499880	0.246390
0.253064	0.705720	0.359168
0.332495	0.499945	0.332495
0.332495	0.499945	0.332495
0.163997	1.199561	0.451009
0.163997	0.499854	0.163997
0.332495	0.499945	0.332495
0.133147	1.199699	0.349397
0.200293	1.199561	0.541374
0.200293	0.499854	0.200293
0.661438	0.499945	0.661438
0.093689	0.499966	0.093689
0.093689	0.499966	0.093689
0.048763	1.199561	0.132845
0.048763	0.499854	0.048763
0.093689	0.499966	0.093689
0.086629	1.199699	0.218438
0.135612	1.199561	0.351986
0.135612	0.499854	0.135612
0.276711	0.499966	0.276711
0.999996	0.746932	1.494696
0.686643	1.479553	2.031951
0.566895	1.479553	1.692633
0.957095	0.499892	0.957095
0.536616	1.458651	1.551865
0.932764	0.499923	0.932764
0.932764	0.499923	0.932764
0.597524	2.242357	2.881684
0.932764	0.499923	0.932764
0.448959	1.418303	1.320113
0.356236	1.418508	1.046643
0.976182	0.499923	0.976182
0.510252	0.499943	0.510252
0.510252	0.499943	0.510252
0.503548	2.242357	2.423474
0.510252	0.499943	0.510252
0.514198	1.418303	1.511642
0.379931	1.418508	1.119179
0.748084	0.499943	0.748084
0.453954	0.499949	0.453954
0.453954	0.499949	0.453954
0.420926	2.242357	2.016697
0.453954	0.499949	0.453954
0.498710	1.418303	1.465223
0.333896	1.418508	0.977850
0.755680	0.499949	0.755680
0.395916	0.728520	0.572404
0.395916	0.499949	0.395916
0.320889	1.418303	0.942043
0.179456	0.728418	0.260187
0.492093	0.499959	0.492093
0.492093	0.499959	0.492093
0.244645	2.585698	1.535346
0.298354	0.499820	0.298354
0.492093	0.499959	0.492093
0.285526	0.499820	0.285526
0.291580	2.585698	1.822410
0.271220	0.499820	0.271220
0.315837	2.585698	1.979480
0.845021	0.499959	0.845021
0.281011	0.499959	0.281011
0.281011	0.499959	0.281011
0.177142	2.585949	1.109863
0.250687	0.499856	0.250687
0.281011	0.499959	0.281011
0.197522	0.499856	0.197522
0.253309	2.585949	1.594166
0.237420	0.499856	0.237420
0.264626	2.585949	1.639226
0.604032	0.499959	0.604032
0.291644	0.499959	0.291644
0.291644	0.499959	0.291644
0.155707	2.585949	0.966816
0.202813	0.499856	0.202813
0.291644	0.499959	0.291644
0.154300	0.499856	0.154300
0.195061	2.585949	1.220780
0.180371	0.499856	0.180371
0.241912	2.585949	1.507801
0.597634	0.499959	0.597634
0.236533	0.499959	0.236533
0.236533	0.499959	0.236533
0.121816	2.586117	0.729953
0.195839	0.499880	0.195839
0.236533	0.499959	0.236533
0.160220	0.499880	0.160220
0.191176	2.586117	1.179761
0.176684	0.499880	0.176684
0.199502	2.586117	1.229753
0.569970	0.499959	0.569970
0.104297	0.499959	0.104297
0.168235	0.705720	0.239268
0.104297	0.499959	0.104297
0.217178	2.586117	1.351143
0.248921	0.499880	0.248921
0.243873	0.705720	0.341921
0.303540	0.499945	0.303540
0.303540	0.499945	0.303540
0.165658	1.199561	0.448177
0.165658	0.499854	0.165658
0.303540	0.499945	0.303540
0.144799	1.199699	0.373728
0.196745	1.199561	0.524056
0.196745	0.499854	0.196745
0.659619	0.499945	0.659619
0.103180	0.499966	0.103180
0.103180	0.499966	0.103180
0.053385	1.199561	0.149154
0.053385	0.499854	0.053385
0.103180	0.499966	0.103180
0.095446	1.199699	0.236429
0.164974	1.199561	0.448437
0.164974	0.499854	0.164974
0.325760	0.499966	0.325760
0.999996	0.746932	1.494700
0.706394	1.479553	2.090003
0.576760	1.479553	1.721949
0.953418	0.499892	0.953418
0.659828	1.458651	1.908081
0.922657	0.499923	0.922657
0.922657	0.499923	0.922657
0.597633	2.242357	2.878589
0.922657	0.499923	0.922657
0.502271	1.418303	1.475587
0.368555	1.418508	1.082276
0.969983	0.499923	0.969983
0.535651	0.499943	0.535651
0.535651	0.499943	0.535651
0.517847	2.242357	2.489755
0.535651	0.499943	0.535651
0.521708	1.418303	1.533419
0.388209	1.418508	1.141915
0.755663	0.499943	0.755663
0.480496	0.499949	0.480496
0.480496	0.499949	0.480496
0.424186	2.242357	2.030367
0.480496	0.499949	0.480496
0.510341	1.418303	1.496176
0.330883	1.418508	0.968917
0.758424	0.499949	0.758424
0.396879	0.728520	0.572968
0.396879	0.499949	0.396879
0.325431	1.418303	0.955042
0.178019	0.728418	0.258299
0.471832	0.499959	0.471832
0.471832	0.499959	0.471832
0.241668	2.585698	1.499720
0.291580	0.499820	0.291580
0.471832	0.499959	0.471832
0.292439	0.499820	0.292439
0.290761	2.585698	1.813679
0.274237	0.499820	0.274237
0.304048	2.585698	1.896439
0.822223	0.499959	0.822223
0.276636	0.499959	0.276636
0.276636	0.499959	0.276636
0.182337	2.585949	1.141176
0.235150	0.499856	0.235150
0.276636	0.499959	0.276636
0.207816	0.499856	0.207816
0.241912	2.585949	1.506330
0.232161	0.499856	0.232161
0.277733	2.585949	1.739178
0.605000	0.499959	0.605000
0.296253	0.499959	0.296253
0.296253	0.499959	0.296253
0.175416	2.585949	1.097666
0.199281	0.499856	0.199281
0.296253	0.499959	0.296253
0.164498	0.499856	0.164498
0.206666	2.585949	1.298913
0.195045	0.499856	0.195045
0.265361	2.585949	1.670604
0.616629	0.499959	0.616629
0.248896	0.499959	0.248896
0.248896	0.499959	0.248896
0.129542	2.586117	0.799606
0.202166	0.499880	0.202166
0.248896	0.499959	0.248896
0.156636	0.499880	0.156636
0.201100	2.586117	1.253863
0.175685	0.499880	0.175685
0.191403	2.586117	1.194187
0.576963	0.499959	0.576963
0.107636	0.499959	0.107636
0.169208	0.705720	0.235465
0.107636	0.499959	0.107636
0.207068	2.586117	1.275176
0.231325	0.499880	0.231325
0.247026	0.705720	0.344065
0.315479	0.499945	0.315479
0.315479	0.499945	0.315479
0.151074	1.199561	0.411882
0.151074	0.499854	0.151074
0.315479	0.499945	0.315479
0.121585	1.199699	0.311518
0.189714	1.199561	0.508398
0.189714	0.499854	0.189714
0.652209	0.499945	0.652209
0.082222	0.499966	0.082222
0.082222	0.499966	0.082222
0.061751	1.199561	0.178190
0.061751	0.499854	0.061751
0.082222	0.499966	0.082222
0.103951	1.199699	0.265379
0.184993	1.199561	0.496517
0.184993	0.499854	0.184993
0.264175	0.499966	0.264175
0.999996	0.746932	1.494696
0.674692	1.479553	1.993484
0.556129	1.479553	1.660338
0.945868	0.499892	0.945868
0.617606	1.458651	1.782379
0.922700	0.499923	0.922700
0.922700	0.499923	0.922700
0.601920	2.242357	2.896121
0.922700	0.499923	0.922700
0.500034	1.418303	1.466399
0.364195	1.418508	1.070223
0.973321	0.499923	0.973321
0.529742	0.499943	0.529742
0.529742	0.499943	0.529742
0.525573	2.242357	2.526819
0.529742	0.499943	0.529742
0.529675	1.418303	1.557866
0.356495	1.418508	1.048013
0.750399	0.499943	0.750399
0.473206	0.499949	0.473206
0.473206	0.499949	0.473206
0.390533	2.242357	1.872836
0.473206	0.499949	0.473206
0.485448	1.418303	1.422160
0.319028	1.418508	0.934053
0.750887	0.499949	0.750887
0.380607	0.728520	0.547979
0.380607	0.499949	0.380607
0.314977	1.418303	0.923473
0.182509	0.728418	0.263053
0.470165	0.499959	0.470165
0.470165	0.499959	0.470165
0.224604	2.585698	1.409407
0.297055	0.499820	0.297055
0.470165	0.499959	0.470165
0.288543	0.499820	0.288543
0.288483	2.585698	1.802430
0.270880	0.499820	0.270880
0.306526	2.585698	1.924393
0.822236	0.499959	0.822236
0.284467	0.499959	0.284467
0.284467	0.499959	0.284467
0.184719	2.585949	1.147442
0.237612	0.499856	0.237612
0.284467	0.499959	0.284467
0.210294	0.499856	0.210294
0.236029	2.585949	1.469629
0.234847	0.499856	0.234847
0.274792	2.585949	1.724648
0.621175	0.499959	0.621175
0.297641	0.499959	0.297641
0.297641	0.499959	0.297641
0.178597	2.585949	1.112356
0.193590	0.499856	0.193590
0.297641	0.499959	0.297641
0.168862	0.499856	0.168862
0.208951	2.585949	1.316336
0.190409	0.499856	0.190409
0.285981	2.585949	1.803948
0.624977	0.499959	0.624977
0.265711	0.499959	0.265711
0.265711	0.499959	0.265711
0.131740	2.586117	0.804388
0.206615	0.499880	0.206615
0.265711	0.499959	0.265711
0.154758	0.499880	0.154758
0.193867	2.586117	1.211637
0.177070	0.499880	0.177070
0.232124	2.586117	1.466925
0.598620	0.499959	0.598620
0.104870	0.499959	0.104870
0.171713	0.705720	0.235015
0.104870	0.499959	0.104870
0.191709	2.586117	1.185981
0.241768	0.499880	0.241768
0.272996	0.705720	0.381983
0.294946	0.499945	0.294946
0.294946	0.499945	0.294946
0.163639	1.199561	0.449544
0.163639	0.499854	0.163639
0.294946	0.499945	0.294946
0.129888	1.199699	0.346161
0.195866	1.199561	0.528809
0.195866	0.499854	0.195866
0.635876	0.499945	0.635876
0.112747	0.499966	0.112747
0.112747	0.499966	0.112747
0.051628	1.199561	0.146354
0.051628	0.499854	0.051628
0.112747	0.499966	0.112747
0.079085	1.199699	0.202210
0.151823	1.199561	0.397363
0.151823	0.499854	0.151823
0.327057	0.499966	0.327057
0.999996	0.746932	1.494700
0.681963	1.479553	2.017981
0.532452	1.479553	1.589914
0.963754	0.499892	0.963754
0.544002	1.458651	1.574636
0.915944	0.499923	0.915944
0.915944	0.499923	0.915944
0.632287	2.242357	3.049241
0.915944	0.499923	0.915944
0.497820	1.418303	1.463625
0.357994	1.418508	1.051642
0.966484	0.499923	0.966484
0.522500	0.499943	0.522500
0.522500	0.499943	0.522500
0.567719	2.242357	2.740015
0.522500	0.499943	0.522500
0.533145	1.418303	1.569074
0.383651	1.418508	1.130121
0.719531	0.499943	0.719531
0.482868	0.499949	0.482868
0.482868	0.499949	0.482868
0.410147	2.242357	1.968236
0.482868	0.499949	0.482868
0.494624	1.418303	1.452589
0.316890	1.418508	0.927943
0.742171	0.499949	0.742171
0.386695	0.728520	0.559555
0.386695	0.499949	0.386695
0.342072	1.418303	1.004052
0.160799	0.728418	0.233707
0.451909	0.499959	0.451909
0.451909	0.499959	0.451909
0.225723	2.585698	1.403473
0.341352	0.499820	0.341352
0.451909	0.499959	0.451909
0.292399	0.499820	0.292399
0.281690	2.585698	1.759491
0.263227	0.499820	0.263227
0.312900	2.585698	1.953385
0.755312	0.499959	0.755312
0.296046	0.499959	0.296046
0.296046	0.499959	0.296046
0.183120	2.585949	1.135470
0.250192	0.499856	0.250192
0.296046	0.499959	0.296046
0.221324	0.499856	0.221324
0.250368	2.585949	1.556618
0.216065	0.499856	0.216065
0.305195	2.585949	1.905914
0.586122	0.499959	0.586122
0.306530	0.499959	0.306530
0.306530	0.499959	0.306530
0.189226	2.585949	1.167471
0.222730	0.499856	0.222730
0.306530	0.499959	0.306530
0.199952	0.499856	0.199952
0.209319	2.585949	1.307065
0.191368	0.499856	0.191368
0.273769	2.585949	1.720956
0.585834	0.499959	0.585834
0.264724	0.499959	0.264724
0.264724	0.499959	0.264724
0.112772	2.586117	0.655837
0.218151	0.499880	0.218151
0.264724	0.499959	0.264724
0.147925	0.499880	0.147925
0.202046	2.586117	1.242367
0.180587	0.499880	0.180587
0.196225	2.586117	1.217311
0.570713	0.499959	0.570713
0.113899	0.499959	0.113899
0.187554	0.705720	0.267472
0.113899	0.499959	0.113899
0.214487	2.586117	1.327379
0.255794	0.499880	0.255794
0.250126	0.705720	0.355563
0.315479	0.499945	0.315479
0.315479	0.499945	0.315479
0.194401	1.199561	0.531380
0.194401	0.499854	0.194401
0.315479	0.499945	0.315479
0.153839	1.199699	0.392232
0.218783	1.199561	0.594271
0.218783	0.499854	0.218783
0.645166	0.499945	0.645166
0.107346	0.499966	0.107346
0.107346	0.499966	0.107346
0.046875	1.199561	0.131608
0.046875	0.499854	0.046875
0.107346	0.499966	0.107346
0.104174	1.199699	0.261652
0.167318	1.199561	0.452832
0.167318	0.499854	0.167318
0.308243	0.499966	0.308243
1.000000	0.746932	1.494704
0.630702	1.479553	1.866101
0.545989	1.479553	1.630190
0.961476	0.499892	0.961476
0.498701	1.458651	1.438724
0.932543	0.499923	0.932543
0.932543	0.499923	0.932543
0.609988	2.242357	2.942431
0.932543	0.499923	0.932543
0.456001	1.418303	1.341285
0.346847	1.418508	1.018954
0.976854	0.499923	0.976854
0.502895	0.499943	0.502895
0.502895	0.499943	0.502895
0.503548	2.242357	2.426803
0.502895	0.499943	0.502895
0.538189	1.418303	1.583729
0.382548	1.418508	1.125449
0.735784	0.499943	0.735784
0.451706	0.499949	0.451706
0.451706	0.499949	0.451706
0.408298	2.242357	1.958183
0.451706	0.499949	0.451706
0.485026	1.418303	1.424340
0.336499	1.418508	0.986182
0.747038	0.499949	0.747038
0.397276	0.728520	0.573651
0.397276	0.499949	0.397276
0.314794	1.418303	0.924238
0.183980	0.728418	0.266930
0.488038	0.499959	0.488038
0.488038	0.499959	0.488038
0.247922	2.585698	1.546116
0.304648	0.499820	0.304648
0.488038	0.499959	0.488038
0.300651	0.499820	0.300651
0.295596	2.585698	1.853880
0.296615	0.499820	0.296615
0.284966	2.585698	1.779731
0.838213	0.499959	0.838213
0.285219	0.499959	0.285219
0.285219	0.499959	0.285219
0.178309	2.585949	1.110438
0.239178	0.499856	0.239178
0.285219	0.499959	0.285219
0.193718	0.499856	0.193718
0.250288	2.585949	1.561605
0.219501	0.499856	0.219501
0.291288	2.585949	1.820508
0.616778	0.499959	0.616778
0.303048	0.499959	0.303048
0.303048	0.499959	0.303048
0.176151	2.585949	1.101199
0.214994	0.499856	0.214994
0.303048	0.499959	0.303048
0.174169	0.499856	0.174169
0.214946	2.585949	1.349936
0.185278	0.499856	0.185278
0.263891	2.585949	1.656442
0.628798	0.499959	0.628798
0.243629	0.499959	0.243629
0.243629	0.499959	0.243629
0.120737	2.586117	0.731471
0.216086	0.499880	0.216086
0.243629	0.499959	0.243629
0.154358	0.499880	0.154358
0.201393	2.586117	1.246936
0.176111	0.499880	0.176111
0.204204	2.586117	1.272179
0.580076	0.499959	0.580076
0.114295	0.499959	0.114295
0.167207	0.705720	0.232005
0.114295	0.499959	0.114295
0.212902	2.586117	1.315897
0.260243	0.499880	0.260243
0.249784	0.705720	0.354861
0.331006	0.499945	0.331006
0.331006	0.499945	0.331006
0.156217	1.199561	0.428613
0.156217	0.499854	0.156217
0.331006	0.499945	0.331006
0.127299	1.199699	0.330446
0.204980	1.199561	0.553841
0.204980	0.499854	0.204980
0.678210	0.499945	0.678210
0.090797	0.499966	0.090797
0.090797	0.499966	0.090797
0.047135	1.199561	0.128874
0.047135	0.499854	0.047135
0.090797	0.499966	0.090797
0.094397	1.199699	0.236339
0.182780	1.199561	0.493945
0.182780	0.499854	0.182780
0.297836	0.499966	0.297836
0.999989	0.746932	1.494692
0.693696	1.479553	2.050989
0.574771	1.479553	1.716188
0.949730	0.499892	0.949730
0.600851	1.458651	1.740716
0.927045	0.499923	0.927045
0.927045	0.499923	0.927045
0.588483	2.242357	2.840182
0.927045	0.499923	0.927045
0.464139	1.418303	1.365630
0.353459	1.418508	1.038326
0.975374	0.499923	0.975374
0.517905	0.499943	0.517905
0.517905	0.499943	0.517905
0.492357	2.242357	2.375575
0.517905	0.499943	0.517905
0.516835	1.418303	1.520955
0.369141	1.418508	1.086392
0.755421	0.499943	0.755421
0.467398	0.499949	0.467398
0.467398	0.499949	0.467398
0.412558	2.242357	1.977496
0.467398	0.499949	0.467398
0.487982	1.418303	1.431930
0.318549	1.418508	0.932128
0.765621	0.499949	0.765621
0.380890	0.728520	0.550490
0.380890	0.499949	0.380890
0.314360	1.418303	0.922685
0.190910	0.728418	0.276803
0.476490	0.499959	0.476490
0.476490	0.499959	0.476490
0.230079	2.585698	1.441956
0.288223	0.499820	0.288223
0.476490	0.499959	0.476490
0.278633	0.499820	0.278633
0.289822	2.585698	1.818234
0.283708	0.499820	0.283708
0.314358	2.585698	1.963475
0.834689	0.499959	0.834689
0.276434	0.499959	0.276434
0.276434	0.499959	0.276434
0.184127	2.585949	1.153980
0.245860	0.499856	0.245860
0.276434	0.499959	0.276434
0.198098	0.499856	0.198098
0.239802	2.585949	1.499121
0.237164	0.499856	0.237164
0.280003	2.585949	1.763811
0.609753	0.499959	0.609753
0.304444	0.499959	0.304444
0.304444	0.499959	0.304444
0.168622	2.585949	1.065169
0.202478	0.499856	0.202478
0.304444	0.499959	0.304444
0.154428	0.499856	0.154428
0.226135	2.585949	1.420093
0.202350	0.499856	0.202350
0.270652	2.585949	1.707129
0.640413	0.499959	0.640413
0.251631	0.499959	0.251631
0.251631	0.499959	0.251631
0.124427	2.586117	0.781676
0.191723	0.499880	0.191723
0.251631	0.499959	0.251631
0.142996	0.499880	0.142996
0.203911	2.586117	1.271100
0.176551	0.499880	0.176551
0.243553	2.586117	1.530677
0.580490	0.499959	0.580490
0.094340	0.499959	0.094340
0.166919	0.705720	0.223301
0.094340	0.499959	0.094340
0.192229	2.586117	1.186967
0.256048	0.499880	0.256048
0.278763	0.705720	0.392310
0.295459	0.499945	0.295459
0.295459	0.499945	0.295459
0.182845	1.199561	0.507617
0.182845	0.499854	0.182845
0.295459	0.499945	0.295459
0.121094	1.199699	0.324710
0.224837	1.199561	0.612272
0.224837	0.499854	0.224837
0.624219	0.499945	0.624219
0.108902	0.499966	0.108902
0.108902	0.499966	0.108902
0.057389	1.199561	0.159701
0.057389	0.499854	0.057389
0.108902	0.499966	0.108902
0.087790	1.199699	0.224487
0.233105	1.199561	0.639811
0.233105	0.499854	0.233105
0.302612	0.499966	0.302612
0.999981	0.746932	1.494681
0.670524	1.479553	1.983894
0.571592	1.479553	1.706660
0.947094	0.499892	0.947094
0.597263	1.458651	1.726647
0.938176	0.499923	0.938176
0.938176	0.499923	0.938176
0.574252	2.242357	2.769505
0.938176	0.499923	0.938176
0.481476	1.418303	1.415735
0.354007	1.418508	1.040457
0.986131	0.499923	0.986131
0.517854	0.499943	0.517854
0.517854	0.499943	0.517854
0.485700	2.242357	2.338963
0.517854	0.499943	0.517854
0.515442	1.418303	1.516481
0.355361	1.418508	1.046384
0.777739	0.499943	0.777739
0.452965	0.499949	0.452965
0.452965	0.499949	0.452965
0.395025	2.242357	1.893724
0.452965	0.499949	0.452965
0.473418	1.418303	1.390420
0.328456	1.418508	0.961575
0.766681	0.499949	0.766681
0.374461	0.728520	0.540995
0.374461	0.499949	0.374461
0.309761	1.418303	0.909514
0.189158	0.728418	0.274243
0.484285	0.499959	0.484285
0.484285	0.499959	0.484285
0.223725	2.585698	1.401654
0.288743	0.499820	0.288743
0.484285	0.499959	0.484285
0.285366	0.499820	0.285366
0.282249	2.585698	1.765785
0.266744	0.499820	0.266744
0.303629	2.585698	1.908008
0.862421	0.499959	0.862421
0.278051	0.499959	0.278051
0.278051	0.499959	0.278051
0.192311	2.585949	1.198434
0.235086	0.499856	0.235086
0.278051	0.499959	0.278051
0.205675	0.499856	0.205675
0.250336	2.585949	1.567503
0.241368	0.499856	0.241368
0.271340	2.585949	1.700336
0.633033	0.499959	0.633033
0.287864	0.499959	0.287864
0.287864	0.499959	0.287864
0.173977	2.585949	1.084942
0.194038	0.499856	0.194038
0.287864	0.499959	0.287864
0.162452	0.499856	0.162452
0.209655	2.585949	1.322506
0.184399	0.499856	0.184399
0.276327	2.585949	1.737868
0.631362	0.499959	0.631362
0.244742	0.499959	0.244742
0.244742	0.499959	0.244742
0.124174	2.586117	0.764200
0.216765	0.499880	0.216765
0.244742	0.499959	0.244742
0.156290	0.499880	0.156290
0.192655	2.586117	1.200461
0.176737	0.499880	0.176737
0.216379	2.586117	1.360774
0.603820	0.499959	0.603820
0.116160	0.499959	0.116160
0.153150	0.705720	0.211622
0.116160	0.499959	0.116160
0.190630	2.586117	1.177510
0.261003	0.499880	0.261003
0.241205	0.705720	0.341038
0.331726	0.499945	0.331726
0.331726	0.499945	0.331726
0.187728	1.199561	0.518001
0.187728	0.499854	0.187728
0.331726	0.499945	0.331726
0.144710	1.199699	0.380491
0.189909	1.199561	0.514974
0.189909	0.499854	0.189909
0.700562	0.499945	0.700562
0.118660	0.499966	0.118660
0.118660	0.499966	0.118660
0.061361	1.199561	0.173307
0.061361	0.499854	0.061361
0.118660	0.499966	0.118660
0.091161	1.199699	0.230290
0.223665	1.199561	0.615853
0.223665	0.499854	0.223665
0.364540	0.499966	0.364540
1.000000	0.746932	1.494704
0.570156	1.479553	1.687302
0.581736	1.479553	1.736949
0.947278	0.499892	0.947278
0.683728	1.458651	1.983360
0.926127	0.499923	0.926127
0.926127	0.499923	0.926127
0.628178	2.242357	3.028161
0.926127	0.499923	0.926127
0.499532	1.418303	1.469001
0.381688	1.418508	1.122451
0.967934	0.499923	0.967934
0.535064	0.499943	0.535064
0.535064	0.499943	0.535064
0.532229	2.242357	2.563664
0.535064	0.499943	0.535064
0.541214	1.418303	1.590543
0.401936	1.418508	1.182798
0.740338	0.499943	0.740338
0.485349	0.499949	0.485349
0.485349	0.499949	0.485349
0.404778	2.242357	1.939459
0.485349	0.499949	0.485349
0.509941	1.418303	1.496610
0.338591	1.418508	0.992399
0.741967	0.499949	0.741967
0.391647	0.728520	0.565850
0.391647	0.499949	0.391647
0.323240	1.418303	0.949107
0.181505	0.728418	0.262713
0.463771	0.499959	0.463771
0.463771	0.499959	0.463771
0.247003	2.585698	1.545356
0.306346	0.499820	0.306346
0.463771	0.499959	0.463771
0.321012	0.499820	0.321012
0.296395	2.585698	1.850364
0.278772	0.499820	0.278772
0.313059	2.585698	1.962156
0.809598	0.499959	0.809598
0.280502	0.499959	0.280502
0.280502	0.499959	0.280502
0.183792	2.585949	1.144549
0.253293	0.499856	0.253293
0.280502	0.499959	0.280502
0.206666	0.499856	0.206666
0.256682	2.585949	1.603149
0.227238	0.499856	0.227238
0.286077	2.585949	1.795396
0.595201	0.499959	0.595201
0.297821	0.499959	0.297821
0.297821	0.499959	0.297821
0.171659	2.585949	1.074041
0.205866	0.499856	0.205866
0.297821	0.499959	0.297821
0.170380	0.499856	0.170380
0.207785	2.585949	1.301503
0.202590	0.499856	0.202590
0.272730	2.585949	1.701566
0.588316	0.499959	0.588316
0.256727	0.499959	0.256727
0.256727	0.499959	0.256727
0.124094	2.586117	0.775003
0.207774	0.499880	0.207774
0.256727	0.499959	0.256727
0.147299	0.499880	0.147299
0.196518	2.586117	1.224265
0.177363	0.499880	0.177363
0.208213	2.586117	1.300778
0.548911	0.499959	0.548911
0.092074	0.499959	0.092074
0.177750	0.705720	0.244927
0.092074	0.499959	0.092074
0.206828	2.586117	1.281383
0.258339	0.499880	0.258339
0.240034	0.705720	0.338388
0.273120	0.499945	0.273120
0.273120	0.499945	0.273120
0.132845	1.199561	0.359473
0.132845	0.499854	0.132845
0.273120	0.499945	0.273120
0.108929	1.199699	0.278192
0.204622	1.199561	0.551009
0.204622	0.499854	0.204622
0.562317	0.499945	0.562317
0.087814	0.499966	0.087814
0.087814	0.499966	0.087814
0.069141	1.199561	0.194889
0.069141	0.499854	0.069141
0.087814	0.499966	0.087814
0.095826	1.199699	0.243884
0.205957	1.199561	0.571484
0.205957	0.499854	0.205957
0.256172	0.499966	0.256172
1.000000	0.746932	1.494704
0.608062	1.479553	1.798504
0.549618	1.479553	1.640880
0.957860	0.499892	0.957860
0.468620	1.458651	1.349643
0.923610	0.499923	0.923610
0.923610	0.499923	0.923610
0.612440	2.242357	2.955334
0.923610	0.499923	0.923610
0.476283	1.418303	1.401582
0.349190	1.418508	1.026175
0.972836	0.499923	0.972836
0.508151	0.499943	0.508151
0.508151	0.499943	0.508151
0.511547	2.242357	2.466990
0.508151	0.499943	0.508151
0.532357	1.418303	1.567020
0.345173	1.418508	1.014609
0.724283	0.499943	0.724283
0.456227	0.499949	0.456227
0.456227	0.499949	0.456227
0.397915	2.242357	1.907668
0.456227	0.499949	0.456227
0.499635	1.418303	1.467529
0.333280	1.418508	0.975986
0.732690	0.499949	0.732690
0.387809	0.728520	0.559598
0.387809	0.499949	0.387809
0.324484	1.418303	0.954129
0.178920	0.728418	0.259660
0.465758	0.499959	0.465758
0.465758	0.499959	0.465758
0.246703	2.585698	1.539462
0.316077	0.499820	0.316077
0.465758	0.499959	0.465758
0.308684	0.499820	0.308684
0.274536	2.585698	1.712096
0.252877	0.499820	0.252877
0.307844	2.585698	1.935502
0.797925	0.499959	0.797925
0.301281	0.499959	0.301281
0.301281	0.499959	0.301281
0.176007	2.585949	1.096835
0.240553	0.499856	0.240553
0.301281	0.499959	0.301281
0.205707	0.499856	0.205707
0.244997	2.585949	1.514562
0.229731	0.499856	0.229731
0.282609	2.585949	1.771036
0.627181	0.499959	0.627181
0.308004	0.499959	0.308004
0.308004	0.499959	0.308004
0.174488	2.585949	1.077813
0.205195	0.499856	0.205195
0.308004	0.499959	0.308004
0.177526	0.499856	0.177526
0.224217	2.585949	1.412740
0.193830	0.499856	0.193830
0.244086	2.585949	1.525655
0.611948	0.499959	0.611948
0.241521	0.499959	0.241521
0.241521	0.499959	0.241521
0.106391	2.586117	0.633618
0.192349	0.499880	0.192349
0.241521	0.499959	0.241521
0.137908	0.499880	0.137908
0.193161	2.586117	1.193707
0.167066	0.499880	0.167066
0.184117	2.586117	1.146379
0.547186	0.499959	0.547186
0.092741	0.499959	0.092741
0.195177	0.705720	0.278574
0.092741	0.499959	0.092741
0.229633	2.586117	1.420183
0.244938	0.499880	0.244938
0.245621	0.705720	0.346751
0.287561	0.499945	0.287561
0.287561	0.499945	0.287561
0.149707	1.199561	0.405794
0.149707	0.499854	0.149707
0.287561	0.499945	0.287561
0.132723	1.199699	0.339866
0.190495	1.199561	0.510449
0.190495	0.499854	0.190495
0.602209	0.499945	0.602209
0.097031	0.499966	0.097031
0.097031	0.499966	0.097031
0.063802	1.199561	0.175033
0.063802	0.499854	0.063802
0.097031	0.499966	0.097031
0.116451	1.199699	0.302411
0.150716	1.199561	0.401725
0.150716	0.499854	0.150716
0.294212	0.499966	0.294212
0.999996	0.746932	1.494700
0.696627	1.479553	2.062358
0.568285	1.479553	1.696487
0.947821	0.499892	0.947821
0.595213	1.458651	1.722929
0.931798	0.499923	0.931798
0.931798	0.499923	0.931798
0.592579	2.242357	2.861139
0.931798	0.499923	0.931798
0.475689	1.418303	1.400281
0.365862	1.418508	1.074583
0.979201	0.499923	0.979201
0.506107	0.499943	0.506107
0.506107	0.499943	0.506107
0.488138	2.242357	2.355399
0.506107	0.499943	0.506107
0.508104	1.418303	1.494248
0.362514	1.418508	1.066670
0.750230	0.499943	0.750230
0.470040	0.499949	0.470040
0.470040	0.499949	0.470040
0.385150	2.242357	1.850058
0.470040	0.499949	0.470040
0.485710	1.418303	1.426303
0.333136	1.418508	0.975796
0.779680	0.499949	0.779680
0.386426	0.728520	0.558920
0.386426	0.499949	0.386426
0.307364	1.418303	0.901936
0.196590	0.728418	0.285349
0.492142	0.499959	0.492142
0.492142	0.499959	0.492142
0.242467	2.585698	1.522339
0.299832	0.499820	0.299832
0.492142	0.499959	0.492142
0.290801	0.499820	0.290801
0.279452	2.585698	1.748302
0.286965	0.499820	0.286965
0.303589	2.585698	1.905730
0.862033	0.499959	0.862033
0.281250	0.499959	0.281250
0.281250	0.499959	0.281250
0.173993	2.585949	1.086701
0.245476	0.499856	0.245476
0.281250	0.499959	0.281250
0.205563	0.499856	0.205563
0.253884	2.585949	1.581666
0.234751	0.499856	0.234751
0.260742	2.585949	1.634623
0.613696	0.499959	0.613696
0.283742	0.499959	0.283742
0.283742	0.499959	0.283742
0.164066	2.585949	1.019789
0.205563	0.499856	0.205563
0.283742	0.499959	0.283742
0.165649	0.499856	0.165649
0.199648	2.585949	1.252925
0.189834	0.499856	0.189834
0.231170	2.585949	1.445348
0.595633	0.499959	0.595633
0.237705	0.499959	0.237705
0.237705	0.499959	0.237705
0.128383	2.586117	0.778373
0.192588	0.499880	0.192588
0.237705	0.499959	0.237705
0.160286	0.499880	0.160286
0.198676	2.586117	1.226476
0.180826	0.499880	0.180826
0.193508	2.586117	1.193854
0.565717	0.499959	0.565717
0.113917	0.499959	0.113917
0.161621	0.705720	0.224472
0.113917	0.499959	0.113917
0.209599	2.586117	1.301590
0.252384	0.499880	0.252384
0.227238	0.705720	0.317862
0.312329	0.499945	0.312329
0.312329	0.499945	0.312329
0.148958	1.199561	0.398047
0.148958	0.499854	0.148958
0.312329	0.499945	0.312329
0.120134	1.199699	0.304375
0.214746	1.199561	0.581055
0.214746	0.499854	0.214746
0.640173	0.499945	0.640173
0.090057	0.499966	0.090057
0.090057	0.499966	0.090057
0.060026	1.199561	0.167253
0.060026	0.499854	0.060026
0.090057	0.499966	0.090057
0.087723	1.199699	0.220246
0.166113	1.199561	0.445312
0.166113	0.499854	0.166113
0.280624	0.499966	0.280624
0.999978	0.746932	1.494666
0.698907	1.479553	2.066068
0.569276	1.479553	1.699427
0.953181	0.499892	0.953181
0.624876	1.458651	1.804311
0.921484	0.499923	0.921484
0.921484	0.499923	0.921484
0.607851	2.242357	2.932583
0.921484	0.499923	0.921484
0.498356	1.418303	1.462484
0.367840	1.418508	1.079757
0.970310	0.499923	0.970310
0.530979	0.499943	0.530979
0.530979	0.499943	0.530979
0.512505	2.242357	2.463360
0.530979	0.499943	0.530979
0.523466	1.418303	1.536991
0.370115	1.418508	1.088241
0.734987	0.499943	0.734987
0.484002	0.499949	0.484002
0.484002	0.499949	0.484002
0.405640	2.242357	1.946718
0.484002	0.499949	0.484002
0.517474	1.418303	1.516983
0.333508	1.418508	0.976389
0.753586	0.499949	0.753586
0.408676	0.728520	0.590641
0.408676	0.499949	0.408676
0.306348	1.418303	0.899014
0.184966	0.728418	0.268656
0.475743	0.499959	0.475743
0.475743	0.499959	0.475743
0.248881	2.585698	1.551890
0.304727	0.499820	0.304727
0.475743	0.499959	0.475743
0.304168	0.499820	0.304168
0.289382	2.585698	1.803429
0.267883	0.499820	0.267883
0.323090	2.585698	2.022678
0.820051	0.499959	0.820051
0.287296	0.499959	0.287296
0.287296	0.499959	0.287296
0.176199	2.585949	1.101311
0.241688	0.499856	0.241688
0.287296	0.499959	0.287296
0.209047	0.499856	0.209047
0.255946	2.585949	1.591384
0.234159	0.499856	0.234159
0.259287	2.585949	1.622027
0.602639	0.499959	0.602639
0.284034	0.499959	0.284034
0.284034	0.499959	0.284034
0.168574	2.585949	1.042343
0.204156	0.499856	0.204156
0.284034	0.499959	0.284034
0.170316	0.499856	0.170316
0.204188	2.585949	1.288523
0.193686	0.499856	0.193686
0.241912	2.585949	1.517839
0.569912	0.499959	0.569912
0.236767	0.499959	0.236767
0.236767	0.499959	0.236767
0.125813	2.586117	0.757220
0.189884	0.499880	0.189884
0.236767	0.499959	0.236767
0.155411	0.499880	0.155411
0.202352	2.586117	1.255128
0.172648	0.499880	0.172648
0.195106	2.586117	1.205056
0.553043	0.499959	0.553043
0.109938	0.499959	0.109938
0.165621	0.705720	0.231392
0.109938	0.499959	0.109938
0.205150	2.586117	1.275003
0.254729	0.499880	0.254729
0.223634	0.705720	0.312383
0.316467	0.499945	0.316467
0.316467	0.499945	0.316467
0.133854	1.199561	0.359212
0.133854	0.499854	0.133854
0.316467	0.499945	0.316467
0.113147	1.199699	0.288080
0.186751	1.199561	0.498763
0.186751	0.499854	0.186751
0.653967	0.499945	0.653967
0.080399	0.499966	0.080399
0.080399	0.499966	0.080399
0.070410	1.199561	0.198796
0.070410	0.499854	0.070410
0.080399	0.499966	0.080399
0.095670	1.199699	0.242991
0.221354	1.199561	0.603451
0.221354	0.499854	0.221354
0.263069	0.499966	0.263069
0.999993	0.746932	1.494689
0.752636	1.479553	2.227822
0.573327	1.479553	1.711815
0.949988	0.499892	0.949988
0.609605	1.458651	1.765563
0.927079	0.499923	0.927079
0.927079	0.499923	0.927079
0.570033	2.242357	2.747261
0.927079	0.499923	0.927079
0.505752	1.418303	1.487799
0.347631	1.418508	1.021214
0.979749	0.499923	0.979749
0.525003	0.499943	0.525003
0.525003	0.499943	0.525003
0.490946	2.242357	2.365261
0.525003	0.499943	0.525003
0.512087	1.418303	1.505912
0.363746	1.418508	1.070459
0.783026	0.499943	0.783026
0.458741	0.499949	0.458741
0.458741	0.499949	0.458741
0.388519	2.242357	1.862741
0.458741	0.499949	0.458741
0.468487	1.418303	1.375365
0.322186	1.418508	0.943359
0.770813	0.499949	0.770813
0.368518	0.728520	0.532761
0.368518	0.499949	0.368518
0.305709	1.418303	0.896537
0.197602	0.728418	0.287253
0.490079	0.499959	0.490079
0.490079	0.499959	0.490079
0.233716	2.585698	1.454903
0.281989	0.499820	0.281989
0.490079	0.499959	0.490079
0.276694	0.499820	0.276694
0.284007	2.585698	1.773557
0.288223	0.499820	0.288223
0.316656	2.585698	1.986393
0.871035	0.499959	0.871035
0.278997	0.499959	0.278997
0.278997	0.499959	0.278997
0.190058	2.585949	1.181809
0.239354	0.499856	0.239354
0.278997	0.499959	0.278997
0.210981	0.499856	0.210981
0.237308	2.585949	1.477046
0.229252	0.499856	0.229252
0.273258	2.585949	1.717839
0.629798	0.499959	0.629798
0.276884	0.499959	0.276884
0.276884	0.499959	0.276884
0.174057	2.585949	1.090841
0.195109	0.499856	0.195109
0.276884	0.499959	0.276884
0.177749	0.499856	0.177749
0.199073	2.585949	1.250432
0.194581	0.499856	0.194581
0.260981	2.585949	1.639882
0.608388	0.499959	0.608388
0.247328	0.499959	0.247328
0.247328	0.499959	0.247328
0.123148	2.586117	0.771126
0.183504	0.499880	0.183504
0.247328	0.499959	0.247328
0.146233	0.499880	0.146233
0.180387	2.586117	1.126905
0.181013	0.499880	0.181013
0.182252	2.586117	1.140905
0.580689	0.499959	0.580689
0.087992	0.499959	0.087992
0.167243	0.705720	0.229824
0.087992	0.499959	0.087992
0.207601	2.586117	1.275629
0.233629	0.499880	0.233629
0.223382	0.705720	0.311013
0.271277	0.499945	0.271277
0.271277	0.499945	0.271277
0.132975	1.199561	0.358398
0.132975	0.499854	0.132975
0.271277	0.499945	0.271277
0.113929	1.199699	0.292254
0.178613	1.199561	0.480371
0.178613	0.499854	0.178613
0.603650	0.499945	0.603650
0.075272	0.499966	0.075272
0.075272	0.499966	0.075272
0.062044	1.199561	0.175293
0.062044	0.499854	0.062044
0.075272	0.499966	0.075272
0.084152	1.199699	0.210915
0.214193	1.199561	0.576432
0.214193	0.499854	0.214193
0.255020	0.499966	0.255020
0.999776	0.746932	1.494387
0.598068	1.479553	1.770157
0.541624	1.479553	1.617203
0.950847	0.499892	0.950847
0.581406	1.458651	1.683306
0.921884	0.499923	0.921884
0.921884	0.499923	0.921884
0.604947	2.242357	2.915338
0.921884	0.499923	0.921884
0.488335	1.418303	1.435480
0.373783	1.418508	1.098924
0.965315	0.499923	0.965315
0.525290	0.499943	0.525290
0.525290	0.499943	0.525290
0.547461	2.242357	2.640916
0.525290	0.499943	0.525290
0.551144	1.418303	1.621576
0.398101	1.418508	1.172883
0.738189	0.499943	0.738189
0.468793	0.499949	0.468793
0.468793	0.499949	0.468793
0.409667	2.242357	1.965072
0.468793	0.499949	0.468793
0.502374	1.418303	1.474902
0.327779	1.418508	0.960715
0.723699	0.499949	0.723699
0.392024	0.728520	0.566567
0.392024	0.499949	0.392024
0.328935	1.418303	0.965588
0.158937	0.728418	0.230060
0.458608	0.499959	0.458608
0.458608	0.499959	0.458608
0.228221	2.585698	1.426650
0.338615	0.499820	0.338615
0.458608	0.499959	0.458608
0.318234	0.499820	0.318234
0.294337	2.585698	1.835398
0.290441	0.499820	0.290441
0.301151	2.585698	1.883712
0.770775	0.499959	0.770775
0.296010	0.499959	0.296010
0.296010	0.499959	0.296010
0.178868	2.585949	1.112436
0.242535	0.499856	0.242535
0.296010	0.499959	0.296010
0.215185	0.499856	0.215185
0.266512	2.585949	1.665345
0.219485	0.499856	0.219485
0.297123	2.585949	1.859942
0.590966	0.499959	0.590966
0.305670	0.499959	0.305670
0.305670	0.499959	0.305670
0.191097	2.585949	1.179779
0.215074	0.499856	0.215074
0.305670	0.499959	0.305670
0.202653	0.499856	0.202653
0.208632	2.585949	1.300432
0.168798	0.499856	0.168798
0.284799	2.585949	1.795444
0.580558	0.499959	0.580558
0.267206	0.499959	0.267206
0.267206	0.499959	0.267206
0.136655	2.586117	0.818854
0.212369	0.499880	0.212369
0.267206	0.499959	0.267206
0.171768	0.499880	0.171768
0.204684	2.586117	1.263813
0.167945	0.499880	0.167945
0.215540	2.586117	1.343297
0.579287	0.499959	0.579287
0.128722	0.499959	0.128722
0.156466	0.705720	0.222219
0.128722	0.499959	0.128722
0.205909	2.586117	1.273631
0.251532	0.499880	0.251532
0.248324	0.705720	0.345976
0.336975	0.499945	0.336975
0.336975	0.499945	0.336975
0.180371	1.199561	0.498014
0.180371	0.499854	0.180371
0.336975	0.499945	0.336975
0.143638	1.199699	0.372612
0.201953	1.199561	0.548047
0.201953	0.499854	0.201953
0.641528	0.499945	0.641528
0.100693	0.499966	0.100693
0.100693	0.499966	0.100693
0.053646	1.199561	0.146126
0.053646	0.499854	0.053646
0.100693	0.499966	0.100693
0.084821	1.199699	0.210491
0.222917	1.199561	0.607161
0.222917	0.499854	0.222917
0.290215	0.499966	0.290215
1.000000	0.746932	1.494704
0.669687	1.479553	1.982117
0.561437	1.479553	1.676560
0.954958	0.499892	0.954958
0.521864	1.458651	1.508803
0.921909	0.499923	0.921909
0.921909	0.499923	0.921909
0.601674	2.242357	2.902668
0.921909	0.499923	0.921909
0.455602	1.418303	1.339767
0.344351	1.418508	1.012121
0.970051	0.499923	0.970051
0.513390	0.499943	0.513390
0.513390	0.499943	0.513390
0.495617	2.242357	2.390327
0.513390	0.499943	0.513390
0.511425	1.418303	1.504691
0.383682	1.418508	1.127252
0.751358	0.499943	0.751358
0.456052	0.499949	0.456052
0.456052	0.499949	0.456052
0.409133	2.242357	1.964004
0.456052	0.499949	0.456052
0.483393	1.418303	1.419181
0.335106	1.418508	0.981503
0.756834	0.499949	0.756834
0.389019	0.728520	0.561338
0.389019	0.499949	0.389019
0.310856	1.418303	0.913109
0.185289	0.728418	0.269218
0.484826	0.499959	0.484826
0.484826	0.499959	0.484826
0.248382	2.585698	1.553549
0.304528	0.499820	0.304528
0.484826	0.499959	0.484826
0.306446	0.499820	0.306446
0.290781	2.585698	1.822291
0.274856	0.499820	0.274856
0.319933	2.585698	2.001998
0.831572	0.499959	0.831572
0.287188	0.499959	0.287188
0.287188	0.499959	0.287188
0.169757	2.585949	1.057289
0.250000	0.499856	0.250000
0.287188	0.499959	0.287188
0.193302	0.499856	0.193302
0.249584	2.585949	1.551039
0.217040	0.499856	0.217040
0.312276	2.585949	1.960486
0.614241	0.499959	0.614241
0.308819	0.499959	0.308819
0.308819	0.499959	0.308819
0.171244	2.585949	1.070540
0.214914	0.499856	0.214914
0.308819	0.499959	0.308819
0.177621	0.499856	0.177621
0.209255	2.585949	1.313187
0.181058	0.499856	0.181058
0.294549	2.585949	1.854252
0.630267	0.499959	0.630267
0.245152	0.499959	0.245152
0.245152	0.499959	0.245152
0.132566	2.586117	0.809170
0.213755	0.499880	0.213755
0.245152	0.499959	0.245152
0.148564	0.499880	0.148564
0.202605	2.586117	1.257699
0.183491	0.499880	0.183491
0.224904	2.586117	1.418545
0.565721	0.499959	0.565721
0.111511	0.499959	0.111511
0.152141	0.705720	0.209045
0.111511	0.499959	0.111511
0.195452	2.586117	1.200194
0.250107	0.499880	0.250107
0.251316	0.705720	0.356482
0.320935	0.499945	0.320935
0.320935	0.499945	0.320935
0.180339	1.199561	0.494108
0.180339	0.499854	0.180339
0.320935	0.499945	0.320935
0.130804	1.199699	0.339888
0.199251	1.199561	0.538086
0.199251	0.499854	0.199251
0.626147	0.499945	0.626147
0.097458	0.499966	0.097458
0.097458	0.499966	0.097458
0.052344	1.199561	0.146419
0.052344	0.499854	0.052344
0.097458	0.499966	0.097458
0.084241	1.199699	0.212054
0.123340	1.199561	0.324902
0.123340	0.499854	0.123340
0.264740	0.499966	0.264740
1.000000	0.746932	1.494704
0.597177	1.479553	1.765561
0.580500	1.479553	1.732993
0.950589	0.499892	0.950589
0.544886	1.458651	1.570360
0.934545	0.499923	0.934545
0.934545	0.499923	0.934545
0.614275	2.242357	2.962374
0.934545	0.499923	0.934545
0.470588	1.418303	1.382944
0.356343	1.418508	1.046841
0.975468	0.499923	0.975468
0.505204	0.499943	0.505204
0.505204	0.499943	0.505204
0.500849	2.242357	2.413503
0.505204	0.499943	0.505204
0.546738	1.418303	1.607560
0.372025	1.418508	1.092943
0.736279	0.499943	0.736279
0.467679	0.499949	0.467679
0.467679	0.499949	0.467679
0.407928	2.242357	1.957772
0.467679	0.499949	0.467679
0.483976	1.418303	1.420540
0.341559	1.418508	1.000829
0.759544	0.499949	0.759544
0.397920	0.728520	0.575249
0.397920	0.499949	0.397920
0.317910	1.418303	0.933608
0.191259	0.728418	0.276803
0.498684	0.499959	0.498684
0.498684	0.499959	0.498684
0.247203	2.585698	1.541360
0.301870	0.499820	0.301870
0.498684	0.499959	0.498684
0.326167	0.499820	0.326167
0.301950	2.585698	1.891424
0.275316	0.499820	0.275316
0.289522	2.585698	1.812900
0.862479	0.499959	0.862479
0.284003	0.499959	0.284003
0.284003	0.499959	0.284003
0.183504	2.585949	1.148130
0.247251	0.499856	0.247251
0.284003	0.499959	0.284003
0.196771	0.499856	0.196771
0.255371	2.585949	1.601215
0.219757	0.499856	0.219757
0.305179	2.585949	1.912276
0.617796	0.499959	0.617796
0.299119	0.499959	0.299119
0.299119	0.499959	0.299119
0.167008	2.585949	1.044405
0.207689	0.499856	0.207689
0.299119	0.499959	0.299119
0.168990	0.499856	0.168990
0.231602	2.585949	1.452462
0.184175	0.499856	0.184175
0.296771	2.585949	1.864019
0.632087	0.499959	0.632087
0.255889	0.499959	0.255889
0.255889	0.499959	0.255889
0.116328	2.586117	0.718151
0.227382	0.499880	0.227382
0.255889	0.499959	0.255889
0.149297	0.499880	0.149297
0.204457	2.586117	1.280078
0.187473	0.499880	0.187473
0.237452	2.586117	1.497309
0.594435	0.499959	0.594435
0.114565	0.499959	0.114565
0.156610	0.705720	0.215930
0.114565	0.499959	0.114565
0.185475	2.586117	1.130688
0.272032	0.499880	0.272032
0.261282	0.705720	0.367980
0.339343	0.499945	0.339343
0.339343	0.499945	0.339343
0.154427	1.199561	0.420280
0.154427	0.499854	0.154427
0.339343	0.499945	0.339343
0.116540	1.199699	0.298438
0.217253	1.199561	0.588118
0.217253	0.499854	0.217253
0.686316	0.499945	0.686316
0.102722	0.499966	0.102722
0.102722	0.499966	0.102722
0.051562	1.199561	0.143587
0.051562	0.499854	0.051562
0.102722	0.499966	0.102722
0.084196	1.199699	0.208482
0.207487	1.199561	0.561165
0.207487	0.499854	0.207487
0.305855	0.499966	0.305855
1.000000	0.746932	1.494704
0.791873	1.479553	2.341578
0.608037	1.479553	1.816305
0.945886	0.499892	0.945886
0.701473	1.458651	2.036308
0.908724	0.499923	0.908724
0.908724	0.499923	0.908724
0.602057	2.242357	2.907161
0.908724	0.499923	0.908724
0.561005	1.418303	1.652244
0.382396	1.418508	1.123463
0.948244	0.499923	0.948244
0.559847	0.499943	0.559847
0.559847	0.499943	0.559847
0.589401	2.242357	2.849318
0.559847	0.499943	0.559847
0.540826	1.418303	1.593396
0.358100	1.418508	1.051779
0.730686	0.499943	0.730686
0.504147	0.499949	0.504147
0.504147	0.499949	0.504147
0.375247	2.242357	1.806843
0.504147	0.499949	0.504147
0.513251	1.418303	1.506757
0.326029	1.418508	0.956789
0.745281	0.499949	0.745281
0.395054	0.728520	0.571885
0.395054	0.499949	0.395054
0.346729	1.418303	1.018729
0.170740	0.728418	0.247177
0.441303	0.499959	0.441303
0.441303	0.499959	0.441303
0.222307	2.585698	1.384851
0.341852	0.499820	0.341852
0.441303	0.499959	0.441303
0.320093	0.499820	0.320093
0.301131	2.585698	1.878197
0.254236	0.499820	0.254236
0.338815	2.585698	2.104959
0.743589	0.499959	0.743589
0.274839	0.499959	0.274839
0.274839	0.499959	0.274839
0.189690	2.585949	1.173865
0.223641	0.499856	0.223641
0.274839	0.499959	0.274839
0.237356	0.499856	0.237356
0.260310	2.585949	1.617743
0.228852	0.499856	0.228852
0.279955	2.585949	1.764898
0.572313	0.499959	0.572313
0.317672	0.499959	0.317672
0.317672	0.499959	0.317672
0.181218	2.585949	1.121308
0.207465	0.499856	0.207465
0.317672	0.499959	0.317672
0.171771	0.499856	0.171771
0.222442	2.585949	1.389386
0.179012	0.499856	0.179012
0.251646	2.585949	1.593670
0.611907	0.499959	0.611907
0.235812	0.499959	0.235812
0.235812	0.499959	0.235812
0.116555	2.586117	0.700461
0.223958	0.499880	0.223958
0.235812	0.499959	0.235812
0.163723	0.499880	0.163723
0.199755	2.586117	1.230326
0.180720	0.499880	0.180720
0.204084	2.586117	1.271406
0.584667	0.499959	0.584667
0.128906	0.499959	0.128906
0.180291	0.705720	0.254280
0.128906	0.499959	0.128906
0.223719	2.586117	1.373362
0.253463	0.499880	0.253463
0.258957	0.705720	0.366809
0.357605	0.499945	0.357605
0.357605	0.499945	0.357605
0.206836	1.199561	0.558594
0.206836	0.499854	0.206836
0.357605	0.499945	0.357605
0.156585	1.199699	0.401719
0.231380	1.199561	0.626139
0.231380	0.499854	0.231380
0.682520	0.499945	0.682520
0.115868	0.499966	0.115868
0.115868	0.499966	0.115868
0.038802	1.199561	0.106120
0.038802	0.499854	0.038802
0.115868	0.499966	0.115868
0.101384	1.199699	0.253326
0.129232	1.199561	0.336979
0.129232	0.499854	0.129232
0.336082	0.499966	0.336082
0.999952	0.746932	1.494625
0.714439	1.479553	2.113013
0.600650	1.479553	1.793271
0.941517	0.499892	0.941517
0.747976	1.458651	2.174034
0.927776	0.499923	0.927776
0.927776	0.499923	0.927776
0.609426	2.242357	2.939048
0.927776	0.499923	0.927776
0.546236	1.418303	1.606236
0.376430	1.418508	1.106761
0.969409	0.499923	0.969409
0.559994	0.499943	0.559994
0.559994	0.499943	0.559994
0.548995	2.242357	2.648367
0.559994	0.499943	0.559994
0.539867	1.418303	1.588283
0.371584	1.418508	1.092814
0.778288	0.499943	0.778288
0.493064	0.499949	0.493064
0.493064	0.499949	0.493064
0.405188	2.242357	1.941458
0.493064	0.499949	0.493064
0.496884	1.418303	1.457040
0.321851	1.418508	0.941868
0.757055	0.499949	0.757055
0.381392	0.728520	0.550465
0.381392	0.499949	0.381392
0.315707	1.418303	0.926577
0.186896	0.728418	0.269957
0.453265	0.499959	0.453265
0.453265	0.499959	0.453265
0.234675	2.585698	1.462516
0.305906	0.499820	0.305906
0.453265	0.499959	0.453265
0.307065	0.499820	0.307065
0.291480	2.585698	1.820572
0.266344	0.499820	0.266344
0.297095	2.585698	1.864830
0.795303	0.499959	0.795303
0.282737	0.499959	0.282737
0.282737	0.499959	0.282737
0.187164	2.585949	1.159207
0.242583	0.499856	0.242583
0.282737	0.499959	0.282737
0.221547	0.499856	0.221547
0.248721	2.585949	1.547986
0.231250	0.499856	0.231250
0.276790	2.585949	1.734751
0.605888	0.499959	0.605888
0.294726	0.499959	0.294726
0.294726	0.499959	0.294726
0.187212	2.585949	1.164386
0.198114	0.499856	0.198114
0.294726	0.499959	0.294726
0.182992	0.499856	0.182992
0.207417	2.585949	1.292759
0.180355	0.499856	0.180355
0.281953	2.585949	1.784431
0.603545	0.499959	0.603545
0.261336	0.499959	0.261336
0.261336	0.499959	0.261336
0.124254	2.586117	0.757140
0.207960	0.499880	0.207960
0.261336	0.499959	0.261336
0.156756	0.499880	0.156756
0.182891	2.586117	1.133512
0.181026	0.499880	0.181026
0.223319	2.586117	1.411978
0.587879	0.499959	0.587879
0.101378	0.499959	0.101378
0.177534	0.705720	0.245395
0.101378	0.499959	0.101378
0.208107	2.586117	1.289349
0.248881	0.499880	0.248881
0.229761	0.705720	0.319934
0.283984	0.499945	0.283984
0.283984	0.499945	0.283984
0.170736	1.199561	0.476400
0.170736	0.499854	0.170736
0.283984	0.499945	0.283984
0.134554	1.199699	0.352567
0.194173	1.199561	0.524870
0.194173	0.499854	0.194173
0.594580	0.499945	0.594580
0.095749	0.499966	0.095749
0.095749	0.499966	0.095749
0.043620	1.199561	0.120898
0.043620	0.499854	0.043620
0.095749	0.499966	0.095749
0.100915	1.199699	0.257589
0.192383	1.199561	0.525749
0.192383	0.499854	0.192383
0.283325	0.499966	0.283325
