0.076448
0.07472
0.070656
0.071264
0.070464
0.070656
0.0704
0.070656
0.070272
0.07056
0.070624
0.070656
0.070528
0.070304
0.070656
0.077824
0.070624
0.07056
0.070624
0.070464
0.070624
0.069632
0.070016
0.0696
0.070624
0.070464
0.070624
0.063456
0.070432
0.069664
0.0696
0.070656
0.070624
0.070624
0.069632
0.0696
0.070624
0.070528
0.069792
0.070624
0.070656
0.070464
0.073728
0.069664
0.070624
0.069664
0.070464
0.069888
0.070624
0.0696
0.076768
0.07024
0.070624
0.0696
0.069472
0.070304
0.070496
0.070592
0.070656
0.069632
0.070592
0.070368
0.070624
0.069856
0.070624
0.070624
0.0696
0.026592
0.026624
0.026624
0.026624
0.0264
0.026656
0.027296
0.026496
0.026464
0.026624
0.026624
0.026592
0.026592
0.026624
0.026624
0.026528
0.0256
0.026464
0.026624
0.02624
0.026624
0.033632
0.027232
0.027264
0.026496
0.026624
0.026624
0.026624
0.026432
0.026624
0.026432
0.026624
0.026656
0.026624
0.026592
0.026592
0.026656
0.02624
0.025568
0.026336
0.026368
0.026496
0.026624
0.026624
0.026656
0.025632
0.026592
0.026656
0.026656
0.027296
0.027232
0.026624
0.027392
0.027264
0.026304
0.02656
0.026624
0.026624
0.026592
0.026272
0.026592
0.026592
0.026304
0.026624
0.026528
0.0256
0.026592
0.026336
0.026624
0.026624
0.026592
0.026304
0.026624
0.026496
0.026624
0.026656
0.027648
0.026432
0.02048
0.026624
0.026656
0.026624
0.026624
0.026624
0.026656
0.026624
0.026624
0.0256
0.026592
0.0256
0.027456
0.025632
0.03552
0.026624
0.026592
0.026592
0.02752
0.0256
0.026624
0.026656
0.026624
0.032768
0.026624
0.028672
0.026432
0.026624
0.026336
0.026624
0.026432
0.026624
0.026624
0.026624
0.026848
0.027264
0.026592
0.026624
0.026528
0.026624
0.026592
0.026624
0.026592
0.02736
0.0256
0.026656
0.026624
0.026592
0.026624
0.026464
0.026624
0.026656
0.025888
0.026656
0.026624
0.02736
0.0264
0.026592
0.02688
0.026336
0.026624
0.026624
0.027488
0.026656
0.026592
0.026336
0.026624
0.026624
0.026336
0.026624
0.0256
0.025632
0.027488
0.0256
0.026656
0.0256
0.026624
0.027648
0.027648
0.027904
0.028608
0.027456
0.02832
0.027392
0.028384
0.02768
0.027648
0.027616
0.02848
0.027616
0.027616
0.027616
0.028672
0.027648
0.027616
0.027552
0.027392
0.028416
0.029728
0.027616
0.027616
0.027616
0.027648
0.027648
0.027616
0.028672
0.028256
0.02768
0.02864
0.028672
0.027616
0.02864
0.027648
0.028672
0.018176
0.018432
0.019136
0.018208
0.01744
0.018144
0.018464
0.018368
0.018112
0.0184
0.0184
0.018432
0.0184
0.018432
0.0184
0.018304
0.018464
0.01904
0.018464
0.018432
0.018368
0.018336
0.019456
0.017696
0.018432
0.018432
0.018432
0.018432
0.018432
0.018016
0.018432
0.02048
0.018432
0.018464
0.026624
0.0184
0.0184
0.018432
0.01744
0.018432
0.0184
0.019424
0.018144
0.01904
0.018016
0.018432
0.017184
0.017376
0.017408
0.017056
0.01712
0.017152
0.01744
0.017344
0.017408
0.017408
0.017408
0.017408
0.017376
0.016608
0.01744
0.017184
0.017216
0.01728
0.016672
0.017248
0.017408
0.017344
0.016384
0.016384
0.017408
0.017408
0.017312
0.017408
0.016416
0.017408
0.017024
0.017216
0.017408
0.017408
0.017216
0.017408
0.01712
0.016384
0.017312
0.016384
0.017184
0.017088
0.016576
0.016416
0.017184
0.017152
0.017408
0.017376
0.017408
0.017376
0.017408
0.017408
0.017408
0.017408
0.01712
0.017312
0.017216
0.016384
0.016704
0.017408
0.017152
0.017024
0.01712
0.01664
0.01712
0.017376
0.016384
0.01744
0.016384
0.017216
0.017376
0.017184
0.017152
0.017408
0.017184
0.017216
0.016384
0.017056
0.017408
0.017408
0.016384
0.01744
0.017408
0.01744
0.017184
0.017248
0.017408
0.017408
0.017408
0.017312
0.016384
0.017408
0.016384
0.01744
0.017408
0.017344
0.017408
0.017408
0.017344
0.016384
0.016416
0.017408
0.017184
0.017152
0.01744
0.017408
0.017376
0.017376
0.017408
0.017408
0.016384
0.017152
0.017344
0.017408
0.017408
0.01728
0.017408
0.016416
0.017344
0.017408
0.017408
0.01712
0.017216
0.017408
0.017408
0.017376
0.017408
0.016992
0.016416
0.016384
0.017152
0.017184
0.017312
0.017408
0.016384
0.017312
0.016384
0.017184
0.017408
0.017408
0.01712
0.017376
0.017184
0.017312
0.01744
0.01744
0.017408
0.017408
0.017376
0.017088
0.017024
0.01744
0.016384
0.017184
0.017248
0.017024
0.017408
0.01728
0.01744
0.017408
0.016384
0.017376
0.016352
0.017408
0.016384
0.017184
0.017216
0.017088
0.017376
0.016384
0.01728
0.016384
0.017216
0.016384
0.016384
0.017376
0.017376
0.017376
0.016512
0.017376
0.017312
0.016384
0.016416
0.016416
0.017088
0.016416
0.016416
0.01728
0.017408
0.017408
0.016384
0.016384
0.01744
0.016352
0.017312
0.017184
0.017408
0.017408
0.017344
0.017376
0.01744
0.017184
0.017024
0.017344
0.01712
0.017088
0.017184
0.01712
0.016384
0.017408
0.016384
0.017408
0.016352
0.017184
0.017376
0.017024
0.017568
0.017024
0.017184
0.017408
0.017056
0.016384
0.017216
0.01744
0.016416
0.016384
0.017408
0.016384
0.017088
0.016736
0.017056
0.017376
0.016384
0.017376
0.017408
0.016416
0.01712
0.016384
0.017088
0.016384
0.017408
0.017344
0.016768
0.01824
0.017024
0.017408
0.017152
0.016352
0.017408
0.016384
0.017408
0.016384
0.017376
0.016704
0.016352
0.017408
0.017376
0.017024
0.017408
0.017408
0.016384
0.017408
0.016416
0.01744
0.017536
0.017152
0.01728
0.017312
0.016384
0.01744
0.017152
0.017024
0.017216
0.017408
0.01712
0.017376
0.017408
0.01744
0.016352
0.016416
0.016384
0.017248
0.01712
0.017408
0.017408
0.017376
0.016384
0.017056
0.017408
0.017408
0.017184
0.017376
0.017408
0.018816
0.017184
0.01744
0.017056
0.016384
0.017024
0.017088
0.017408
0.017408
0.017152
0.017152
0.017216
0.016384
0.016352
0.017152
0.017152
0.017376
0.017376
0.017408
0.017344
0.017408
0.017408
0.016384
0.016384
0.017152
0.01744
0.017056
0.017248
0.017376
0.017024
0.017152
0.017408
0.017376
0.016384
0.016384
0.016384
0.017024
0.01728
0.016384
0.017216
0.016416
0.017312
0.016384
0.016384
0.01744
0.017376
0.017408
0.017376
0.017248
0.016352
0.024576
0.01744
0.017312
0.017376
0.017408
0.017376
0.016384
0.016384
0.016384
0.017024
0.017376
0.017056
0.017056
0.01744
0.017408
0.017312
0.017376
0.016352
0.017408
0.016416
0.017408
0.017408
0.017376
0.01712
0.016384
0.016384
0.016992
0.017408
0.017056
0.017408
0.017376
0.017408
0.016384
0.017344
0.016384
0.017216
0.017376
0.017408
0.017088
0.017408
0.017408
0.017216
0.016992
0.017024
0.017408
0.016384
0.017408
0.017408
0.016384
0.016992
0.01712
0.016416
0.017408
0.017408
0.017408
0.017408
0.017408
0.017088
0.017056
0.017152
0.017408
0.017184
0.017408
0.017376
0.017408
0.017376
0.017376
0.016992
0.01744
0.017152
0.017216
0.017376
0.017376
0.01728
0.01728
0.016416
0.017376
0.016384
0.01744
0.016672
0.016384
0.017408
0.017184
0.017216
0.016352
0.016384
0.017184
0.017408
0.017152
0.017408
0.01744
0.017248
0.016352
0.016992
0.017408
0.016384
0.017408
0.016416
0.016416
0.016384
0.017408
0.017408
0.016384
0.017344
0.0168
0.016352
0.01728
0.017408
0.017248
0.017312
0.017184
0.01744
0.017408
0.017248
0.016384
0.017248
0.016416
0.016384
0.016704
0.017376
0.016384
0.017408
0.01744
0.017408
0.017312
0.016416
0.016384
0.01744
0.017088
0.016384
0.017408
0.016352
0.017408
0.017376
0.017376
0.01728
0.017408
0.016576
0.017376
0.01744
0.017408
0.017248
0.016384
0.017312
0.017184
0.016384
0.016384
0.017408
0.017344
0.017376
0.019712
0.017408
0.016352
0.017344
0.017344
0.017056
0.017408
0.017408
0.017408
0.017408
0.016384
0.016416
0.016384
0.01744
0.017088
0.016416
0.017216
0.016704
0.016704
0.017184
0.017408
0.01712
0.017344
0.017312
0.017408
0.017184
0.016384
0.017408
0.016352
0.016384
0.017216
0.017376
0.017344
0.017376
0.017248
0.017088
0.01712
0.017376
0.017376
0.017088
0.017312
0.01744
0.017408
0.016416
0.017408
0.017376
0.017408
0.018048
0.016992
0.017248
0.017376
0.017504
0.01744
0.01696
0.017408
0.01728
0.01712
0.017408
0.017408
0.017024
0.017376
0.017376
0.017408
0.017408
0.017376
0.017408
0.017408
0.017312
0.017376
0.017152
0.017408
0.017408
0.01728
0.016384
0.017408
0.01728
0.017408
0.017408
0.01744
0.016384
0.017408
0.01728
0.017376
0.017408
0.017088
0.016416
0.017408
0.016384
0.016704
0.017312
0.017248
0.017408
0.017376
0.017184
0.016352
0.017408
0.01728
0.016416
0.016416
0.017376
0.017376
0.014336
0.014272
0.014336
0.014368
0.014336
0.014144
0.014336
0.014336
0.014336
0.013984
0.014304
0.014176
0.015008
0.014304
0.014304
0.014368
0.014304
0.014368
0.01408
0.013984
0.014336
0.014016
0.014304
0.014336
0.014304
0.014336
0.014048
0.0144
0.014112
0.014464
0.014336
0.014176
0.014304
0.013888
0.014336
0.013344
0.014368
0.014336
0.014336
0.014336
0.014336
0.014336
0.014336
0.014144
0.014304
0.014336
0.014336
0.014336
0.014336
0.014336
0.014048
0.014304
0.014368
0.014208
0.015104
0.014336
0.014336
0.014176
0.01408
0.013984
0.014304
0.014336
0.014368
0.014304
0.013312
0.014144
0.014304
0.014336
0.014304
0.014272
0.014336
0.014336
0.014176
0.014304
0.013312
0.014368
0.014336
0.014336
0.014336
0.014464
0.014272
0.013312
0.013952
0.01408
0.014432
0.014304
0.014176
0.014336
0.014336
0.014336
0.014336
0.014176
0.014208
0.014336
0.014336
0.014368
0.014528
0.014336
0.014336
0.013984
0.014368
0.014336
0.014336
0.014976
0.014336
0.014368
0.014336
0.014336
0.014464
0.013984
0.01424
0.014336
0.014336
0.014336
0.014368
0.01504
0.014304
0.013312
0.014144
0.014272
0.014336
0.014304
0.014336
0.014112
0.013728
0.014112
0.014272
0.014176
0.014208
0.014336
0.014368
0.013952
0.014368
0.014144
0.01408
0.014368
0.014336
0.014368
0.014336
0.014208
0.014176
0.014336
0.014336
0.014336
0.013568
0.014336
0.014304
0.014048
0.014336
0.014944
0.014304
0.014336
0.014048
0.01968
0.013312
0.014208
0.01408
0.014336
0.014304
0.014336
0.014208
0.01408
0.013984
0.014336
0.014208
0.014272
0.014368
0.01424
0.014336
0.014304
0.014336
0.014336
0.014336
0.014336
0.014336
0.021216
0.014304
0.014304
0.01408
0.014336
0.014368
0.014336
0.014368
0.01424
0.014336
0.014336
0.014368
0.014368
0.014336
0.01504
0.014336
0.014304
0.014336
0.014336
0.014336
0.014304
0.014336
0.014336
0.014336
0.014336
0.013984
0.01392
0.014336
0.015008
0.014304
0.014336
0.014336
0.014336
0.01424
0.014336
0.01424
0.01408
0.014944
0.014336
0.014304
0.014304
0.014304
0.014528
0.014336
0.01424
0.02048
0.014368
0.014336
0.014304
0.014368
0.014336
0.01504
0.014336
0.014368
0.014976
0.014112
0.014048
0.013312
0.014208
0.014176
0.014304
0.014304
0.014368
0.014368
0.014336
0.014336
0.014304
0.013312
0.014304
0.014336
0.014336
0.014336
0.014368
0.014336
0.014336
0.014368
0.014208
0.014336
0.014144
0.01424
0.020288
0.014112
0.014176
0.013344
0.014272
0.013312
0.014368
0.014336
0.014336
0.015104
0.013344
0.014304
0.014336
0.014336
0.014336
0.014336
0.014304
0.013952
0.014304
0.014304
0.014336
0.014304
0.014368
0.014336
0.014976
0.014336
0.014368
0.014336
0.014912
0.014336
0.014336
0.014336
0.014368
0.014336
0.014336
0.014304
0.014336
0.014176
0.014272
0.014144
0.01424
0.014336
0.014304
0.014368
0.015104
0.01456
0.013312
0.014336
0.014336
0.014336
0.014304
0.014304
0.014144
0.014272
0.014304
0.014016
0.014944
0.014144
0.014336
0.014304
0.014176
0.014304
0.014112
0.014336
0.014336
0.013952
0.014272
0.014336
0.014368
0.014976
0.014336
0.015072
0.014016
0.014336
0.014336
0.014368
0.014304
0.014336
0.014304
0.014336
0.014368
0.014112
0.014368
0.014368
0.014144
0.014432
0.014336
0.014336
0.01424
0.014144
0.0144
0.014336
0.014976
0.014144
0.014304
0.01424
0.014368
0.013984
0.014304
0.01424
0.014336
0.014336
0.014368
0.014176
0.014112
0.014336
0.01408
0.014304
0.014336
0.01408
0.015072
0.014336
0.014336
0.013312
0.015008
0.013312
0.01408
0.014336
0.014368
0.01424
0.014336
0.014336
0.01408
0.014368
0.01328
0.01504
0.013696
0.014336
0.014144
0.014368
0.014144
0.014304
0.014336
0.014016
0.014336
0.014336
0.013344
0.014304
0.014272
0.014368
0.014144
0.014336
0.013312
0.013344
0.014304
0.014336
0.014208
0.014368
0.014336
0.014016
0.01536
0.014464
0.014368
0.01408
0.0152
0.014336
0.013984
0.014112
0.014336
0.013952
0.014336
0.014336
0.014304
0.01424
0.015104
0.014336
0.014336
0.014336
0.014304
0.014016
0.014304
0.014304
0.014368
0.0144
0.014304
0.014304
0.01408
0.02048
0.014336
0.013344
0.014336
0.014368
0.014368
0.014336
0.013312
0.01424
0.014304
0.013344
0.014112
0.014944
0.014368
0.014336
0.01424
0.015104
0.0144
0.013984
0.014048
0.015072
0.01456
0.014336
0.014368
0.014176
0.014336
0.014336
0.014368
0.014336
0.014048
0.014176
0.014336
0.013984
0.014336
0.01424
0.014304
0.014208
0.014304
0.014112
0.014368
0.01424
0.021312
0.014272
0.014336
0.014368
0.01408
0.014304
0.01328
0.014304
0.014304
0.015104
0.014336
0.014336
0.014176
0.014272
0.014336
0.014304
0.014368
0.014336
0.0144
0.014304
0.014336
0.014336
0.014016
0.014336
0.01408
0.013312
0.014304
0.014336
0.014336
0.014304
0.014304
0.014336
0.014272
0.014336
0.013312
0.014368
0.014112
0.014304
0.014208
0.01424
0.014368
0.014336
0.014368
0.014336
0.01392
0.014336
0.014176
0.014336
0.014336
0.01504
0.013952
0.014336
0.013344
0.014112
0.014336
0.014304
0.013952
0.014048
0.014272
0.016352
0.014336
0.014368
0.014336
0.013984
0.01424
0.014368
0.014368
0.014976
0.01392
0.013888
0.015232
0.014368
0.014336
0.014336
0.014336
0.014336
0.013984
0.014272
0.013984
0.013312
0.0144
0.013312
0.01408
0.014336
0.014368
0.014304
0.014208
0.014336
0.013952
0.014304
0.013312
0.014336
0.014336
0.014304
0.014336
0.014336
0.014208
0.013312
0.013312
0.014368
0.014336
0.014336
0.013312
0.01472
0.014272
0.01504
0.014304
0.013696
0.014336
0.014208
0.014112
0.014336
0.014976
0.014336
0.014336
0.014976
0.014176
0.014336
0.013344
0.013312
0.014176
0.014336
0.014144
0.014336
0.014336
0.014432
0.014336
0.014304
0.014336
0.014336
0.013344
0.014336
0.014304
0.013952
0.014304
0.014368
0.014336
0.016768
0.014336
0.014304
0.014336
0.014336
0.014368
0.01408
0.014208
0.014336
0.014336
0.014336
0.013952
0.014336
0.01424
0.014368
0.01328
0.014336
0.014368
0.015136
0.014336
0.014336
0.0152
0.014336
0.014304
0.014336
0.0152
0.014336
0.014304
0.014304
0.014304
0.014336
0.014304
0.014336
0.014336
0.014304
0.014336
0.014336
0.014624
0.014272
0.016352
0.01504
0.014336
0.014336
0.014336
0.014368
0.014304
0.01424
0.014336
0.014336
0.014336
0.014336
0.014016
0.014336
0.014336
0.014208
0.014336
0.014048
0.014336
0.014176
0.014368
0.014336
0.014048
0.014336
0.014304
0.01424
0.014368
0.014336
0.014368
0.014112
0.014336
0.014304
0.014368
0.014336
0.014304
0.014336
0.014336
0.014112
0.014112
0.014368
0.014336
0.014304
0.014304
0.01504
0.014336
0.014304
0.014176
0.014336
0.014336
0.014208
0.014176
0.014368
0.014368
0.014176
0.014176
0.014336
0.014336
0.014336
0.014336
0.014368
0.014304
0.014336
0.014336
0.014336
0.014144
0.014336
0.014304
0.014336
0.013312
0.014336
0.014336
0.01424
0.014336
0.014336
0.013312
0.013952
0.014336
0.014336
0.013984
0.013312
0.014176
0.014336
0.014336
0.01408
0.014336
0.014304
0.014464
0.013984
0.014304
0.014304
0.014112
0.015264
0.014112
0.014336
0.014336
0.014336
0.014336
0.014336
0.014144
0.014304
0.014048
0.014336
0.014304
0.014368
0.014112
0.014304
0.014336
0.014176
0.013344
0.014144
0.01424
0.014272
0.014336
0.014304
0.014336
0.014336
0.014336
0.014048
0.014336
0.0144
0.014336
0.014016
0.014336
0.014272
0.014112
0.019712
0.014368
0.01424
0.014336
0.014112
0.01504
0.013344
0.014336
0.014336
0.014336
0.015072
0.014336
0.014144
0.014336
0.014112
0.014336
0.014336
0.014368
0.014048
0.014272
0.014304
0.013952
0.014976
0.014304
0.014016
0.014336
0.014944
0.013312
0.014336
0.01456
0.014368
0.014336
0.014208
0.014336
0.013696
0.0136
0.013984
0.014304
0.014304
0.015168
0.01424
0.014336
0.014304
0.014336
0.014176
0.014016
0.014336
0.013312
0.014336
0.014272
0.014176
0.01424
0.014336
0.014432
0.014112
0.015008
0.01408
0.014336
0.014336
0.014304
0.014336
0.014336
0.014144
0.014304
0.014944
0.013344
0.014336
0.014368
0.013312
0.014336
0.020512
0.014496
0.014336
0.014336
0.014112
0.014368
0.014336
0.014368
0.014016
0.014304
0.013952
0.014336
0.014336
0.014336
0.014048
0.014048
0.01408
0.014336
0.014304
0.014144
0.014176
0.014144
0.014944
0.014336
0.014336
0.01408
0.014304
0.014304
0.014336
0.014144
0.014336
0.014304
0.014976
0.014336
0.014432
0.01328
0.014304
0.01504
0.014336
0.014336
0.014336
0.014336
0.014336
0.014304
0.014368
0.015168
0.013312
0.014176
0.014176
0.014368
0.014336
0.013984
0.014336
0.01328
0.014336
0.014336
0.014336
0.014336
0.014368
0.014272
0.014336
0.014336
0.014336
0.014336
0.014336
0.013952
0.014304
0.019456
0.014336
0.014272
0.014304
0.013632
0.013984
0.014016
0.014208
0.014368
0.013984
0.01424
0.014272
0.014368
0.014112
0.015072
0.014368
0.014304
0.014304
0.014336
0.014144
0.014304
0.01408
0.014336
0.013952
0.014336
0.014336
0.014048
0.014336
0.013952
0.013312
0.01424
0.013312
0.01408
0.014336
0.014304
0.014336
0.013344
0.014336
0.014304
0.014336
0.014368
0.014016
0.014048
0.014336
0.01408
0.01424
0.013984
0.014272
0.014368
0.013312
0.014016
0.014336
0.014176
0.014336
0.014304
0.014112
0.014336
0.014112
0.014336
0.014336
0.014112
0.013344
0.014304
0.014208
0.014336
0.014336
0.014336
0.014336
0.014368
0.013952
0.014944
0.02256
0.014176
0.014336
0.01328
0.014144
0.014336
0.014336
0.01392
0.014368
0.014336
0.014016
0.014368
0.015296
0.014336
0.014144
0.014272
0.014304
0.01504
0.014336
0.014304
0.014336
0.013952
0.014368
0.014272
0.01424
0.014048
0.0152
0.014304
0.014016
0.014336
0.014144
0.014336
0.014336
0.015104
0.014336
0.014336
0.014304
0.014336
0.015168
0.014304
0.014336
0.014304
0.014304
0.013952
0.014304
0.014048
0.014336
0.014336
0.014336
0.014176
0.014208
0.014304
0.014144
0.014304
0.014176
0.013952
0.014336
0.014336
0.014304
0.019488
0.014336
0.014208
0.014304
0.013344
0.014304
0.014336
0.014368
0.014144
0.014176
0.014368
0.014368
0.014336
0.015328
0.014336
0.014336
0.015168
0.014304
0.014048
0.014336
0.01408
0.014336
0.014368
0.014368
0.014336
0.014112
0.014336
0.014944
0.014368
0.014368
0.014144
0.014336
0.014336
0.014336
0.014208
0.014336
0.014336
0.014368
0.014208
0.014304
0.014336
0.014336
0.014016
0.014208
0.014336
0.014336
0.02048
0.014336
0.014944
0.015008
0.01392
0.013312
0.014336
0.014336
0.014336
0.014304
0.013312
0.013344
0.013984
0.014336
0.014368
0.014336
0.014304
0.014048
0.014336
0.014976
0.014304
0.014304
0.014336
0.014304
0.014368
0.014176
0.014048
0.014176
0.01424
0.014336
0.014144
0.014336
0.014336
0.014304
0.014336
0.014336
0.014368
0.01408
0.014336
0.014144
0.014368
0.014048
0.014144
0.014112
0.014368
0.014304
0.014304
0.014336
0.014368
0.014112
0.014272
0.014336
0.013312
0.014336
0.014336
0.014336
0.013984
0.014336
0.014336
0.014176
0.014368
0.014304
0.014208
0.014016
0.014336
0.014336
0.014336
0.01408
0.015104
0.014048
0.014336
0.01424
0.014976
0.014336
0.014272
0.014048
0.014368
0.014144
0.014368
0.013312
0.014336
0.015136
0.014368
0.014304
0.014304
0.014336
0.014304
0.01424
0.01408
0.014272
0.014208
0.014304
0.014944
0.014048
0.014304
0.01408
0.014336
0.014304
0.015104
0.01392
0.013312
0.014304
0.014336
0.014272
0.014368
0.014304
0.014336
0.01392
0.014304
0.014976
0.014336
0.013984
0.014336
0.014304
0.014304
0.013312
0.014272
0.013312
0.014336
0.014208
0.014336
0.013312
0.014304
0.014144
0.014112
0.014336
0.013952
0.014368
0.014112
0.013312
0.014336
0.014336
0.014336
0.014336
0.014176
0.014336
0.013312
0.014112
0.014336
0.014368
0.014336
0.014336
0.014048
0.013344
0.01712
0.014336
0.013952
0.014368
0.013984
0.014336
0.01424
0.014336
0.014336
0.014336
0.014272
0.014336
0.014304
0.014336
0.014336
0.014304
0.014304
0.01408
0.014368
0.0136
0.014336
0.014304
0.013344
0.01328
0.014336
0.014336
0.014336
0.014336
0.013952
0.014304
0.014336
0.014336
0.014112
0.014336
0.014336
0.014272
0.014368
0.014368
0.01408
0.014336
0.014432
0.014304
0.014336
0.014336
0.014368
0.014304
0.014272
0.014304
0.013312
0.012288
0.01216
0.011296
0.011264
0.012032
0.011616
0.011264
0.011232
0.012256
0.011264
0.011264
0.011488
0.012288
0.012128
0.011264
0.012192
0.012224
0.011232
0.011296
0.012256
0.011936
0.011296
0.011264
0.011264
0.011264
0.011232
0.011264
0.011264
0.011264
0.012288
0.012224
0.012032
0.011296
0.011232
0.012032
0.012064
0.011232
0.011296
0.011232
0.011264
0.017408
0.012288
0.011968
0.012
0.012256
0.012
0.01232
0.011232
0.012
0.012256
0.011264
0.011264
0.019456
0.012256
0.011328
0.01216
0.011936
0.011232
0.011264
0.011264
0.011904
0.012064
0.011968
0.011264
0.011232
0.011488
0.011264
0.011264
0.011456
0.012192
0.012192
0.012224
0.012256
0.011264
0.012
0.011264
0.012256
0.012096
0.012064
0.011264
0.012064
0.012288
0.011264
0.011296
0.011968
0.011264
0.011936
0.011296
0.012288
0.011296
0.01216
0.012192
0.011904
0.011296
0.012288
0.01216
0.012
0.011936
0.011264
0.011328
0.012288
0.011264
0.011296
0.011296
0.011264
0.01216
0.012288
0.012288
0.012
0.011296
0.012064
0.011296
0.011264
0.011968
0.012064
0.012288
0.011264
0.011936
0.011968
0.011264
0.012032
0.011264
0.011424
0.011264
0.011232
0.011264
0.011296
0.011296
0.011968
0.011904
0.012032
0.012256
0.011872
0.011264
0.011264
0.012
0.011904
0.012128
0.011264
0.012032
0.011232
0.011904
0.011616
0.011264
0.012032
0.012928
0.012288
0.011264
0.011904
0.012256
0.012192
0.012288
0.012288
0.011488
0.012128
0.012128
0.011232
0.011264
0.011264
0.011264
0.012256
0.011264
0.012224
0.011264
0.011232
0.011264
0.012256
0.012224
0.011296
0.012256
0.012192
0.012032
0.012224
0.011264
0.011264
0.011232
0.011264
0.011232
0.011264
0.012288
0.012288
0.012096
0.012288
0.011264
0.012096
0.011296
0.012288
0.01152
0.011264
0.011936
0.011264
0.011264
0.011264
0.012192
0.011264
0.012
0.012256
0.011872
0.012288
0.012288
0.011264
0.011264
0.01808
0.011264
0.011264
0.011296
0.011264
0.011264
0.012096
0.011232
0.012224
0.01216
0.011296
0.012288
0.011968
0.012288
0.012032
0.011296
0.011904
0.012064
0.011296
0.012288
0.012
0.012256
0.011296
0.011264
0.011232
0.012032
0.012256
0.011264
0.011264
0.012256
0.011264
0.0112
0.012288
0.012256
0.012192
0.011296
0.012288
0.011264
0.011296
0.011264
0.011872
0.011296
0.01216
0.011264
0.012128
0.011264
0.012256
0.011936
0.011264
0.011296
0.011264
0.011296
0.011264
0.012128
0.011968
0.011264
0.012256
0.011264
0.011264
0.011904
0.012256
0.011232
0.011968
0.012128
0.01232
0.012256
0.011232
0.01216
0.012288
0.011456
0.011264
0.01216
0.012032
0.011264
0.012224
0.011264
0.011296
0.012192
0.011264
0.011232
0.012192
0.012288
0.011264
0.012288
0.011232
0.01264
0.011264
0.011296
0.012288
0.012096
0.011296
0.011264
0.011264
0.011264
0.012
0.012288
0.011296
0.011264
0.011264
0.012288
0.011264
0.012224
0.012288
0.012288
0.012288
0.012192
0.011968
0.011232
0.012
0.012288
0.011264
0.011264
0.01232
0.012288
0.012128
0.011872
0.012224
0.012224
0.011264
0.011264
0.012096
0.011264
0.011264
0.012224
0.012064
0.012288
0.011296
0.011264
0.011904
0.012224
0.01184
0.011296
0.011264
0.012256
0.012224
0.012224
0.011264
0.011968
0.01216
0.012256
0.012256
0.011232
0.012256
0.012192
0.011264
0.011296
0.012256
0.012448
0.012288
0.011296
0.01232
0.011904
0.012256
0.011264
0.011296
0.011264
0.011232
0.011264
0.012288
0.011296
0.011264
0.012288
0.011264
0.01216
0.012128
0.011904
0.011232
0.012192
0.011296
0.011904
0.011232
0.011264
0.011264
0.012288
0.011264
0.012224
0.01312
0.012032
0.012032
0.011264
0.011296
0.011232
0.011264
0.012096
0.012096
0.012096
0.012256
0.011264
0.011264
0.011264
0.017344
0.011936
0.012032
0.011904
0.011296
0.011264
0.011264
0.021248
0.017504
0.012192
0.01216
0.011296
0.011264
0.011968
0.011264
0.011904
0.012096
0.012224
0.011264
0.011264
0.011296
0.011968
0.012288
0.012256
0.011296
0.011264
0.011264
0.012128
0.012288
0.011296
0.011968
0.011968
0.012224
0.011264
0.012128
0.012288
0.011264
0.011264
0.011264
0.011264
0.012096
0.011264
0.012064
0.011936
0.011264
0.012288
0.012064
0.011968
0.011904
0.012032
0.012
0.011456
0.012
0.011264
0.011264
0.011232
0.011904
0.012
0.012128
0.011264
0.012128
0.011264
0.012128
0.011872
0.011264
0.011264
0.012288
0.012032
0.0112
0.011296
0.011968
0.011264
0.012192
0.012096
0.011264
0.01216
0.012096
0.012032
0.012
0.012256
0.011264
0.011264
0.01232
0.012096
0.011232
0.012256
0.011264
0.012256
0.011872
0.011264
0.012288
0.011264
0.011264
0.011264
0.01232
0.012192
0.012224
0.011968
0.011264
0.012128
0.012128
0.011264
0.011264
0.011232
0.011264
0.011232
0.011264
0.012064
0.011296
0.011648
0.012224
0.011232
0.011904
0.011904
0.011264
0.011328
0.012
0.011264
0.012288
0.012096
0.012256
0.012064
0.012288
0.012128
0.011264
0.012192
0.0112
0.012288
0.011264
0.011264
0.011264
0.011296
0.011968
0.012288
0.012288
0.011936
0.011264
0.011232
0.011264
0.012224
0.012288
0.011232
0.011936
0.011264
0.012096
0.011232
0.012256
0.01216
0.011264
0.01216
0.012224
0.011264
0.011264
0.011264
0.011264
0.011264
0.012256
0.011168
0.012192
0.01232
0.01216
0.01296
0.011968
0.012288
0.01216
0.012064
0.012096
0.011264
0.012288
0.011872
0.012192
0.012064
0.011264
0.012256
0.011904
0.011904
0.011296
0.011296
0.011296
0.011264
0.011264
0.012256
0.011264
0.011232
0.012032
0.011232
0.012256
0.011904
0.011872
0.011232
0.011232
0.011264
0.011232
0.011232
0.012128
0.012032
0.012288
0.011904
0.011264
0.011264
0.01216
0.012288
0.011936
0.011264
0.011264
0.012256
0.012288
0.012256
0.012032
0.011232
0.012128
0.01184
0.011296
0.012096
0.012192
0.012192
0.012288
0.012192
0.012032
0.011264
0.011872
0.012
0.012288
0.012128
0.012256
0.011296
0.011264
0.011264
0.011264
0.011232
0.011264
0.011232
0.011264
0.01216
0.011264
0.011264
0.011264
0.012288
0.011264
0.011264
0.011296
0.011264
0.011264
0.011264
0.011904
0.01232
0.011264
0.011264
0.012192
0.011296
0.012288
0.012
0.011264
0.011264
0.011264
0.011264
0.011872
0.01232
0.011232
0.012064
0.012256
0.012064
0.011264
0.012192
0.012128
0.012032
0.011968
0.011264
0.012288
0.012128
0.011904
0.011296
0.012288
0.012096
0.012064
0.011264
0.011968
0.012224
0.011232
0.011232
0.012256
0.011264
0.011264
0.011136
0.011264
0.011264
0.011264
0.011264
0.011264
0.011296
0.011264
0.012288
0.012
0.011264
0.011264
0.011264
0.012032
0.011296
0.011264
0.012064
0.01216
0.012256
0.011264
0.012192
0.012
0.011264
0.011968
0.011264
0.012096
0.011264
0.011264
0.011936
0.012288
0.012288
0.012256
0.011456
0.011296
0.01232
0.011264
0.012288
0.011264
0.011936
0.012192
0.011296
0.011488
0.011232
0.011936
0.012288
0.011232
0.012288
0.012256
0.012288
0.011264
0.011264
0.011264
0.011968
0.011264
0.011296
0.012224
0.011968
0.012
0.011264
0.012096
0.011296
0.011264
0.012256
0.011264
0.012
0.011968
0.01216
0.011264
0.011296
0.011264
0.012288
0.011232
0.011392
0.011264
0.011264
0.011264
0.011936
0.011264
0.011936
0.011264
0.012224
0.012
0.012992
0.011264
0.011968
0.011264
0.011264
0.011232
0.012192
0.012288
0.011264
0.011232
0.012096
0.012096
0.011264
0.012064
0.011904
0.012288
0.011296
0.011936
0.011264
0.012288
0.011232
0.01216
0.011264
0.012288
0.011936
0.011264
0.012256
0.011232
0.011232
0.011264
0.011264
0.011296
0.012224
0.011264
0.01216
0.011232
0.012288
0.011264
0.011264
0.011232
0.011904
0.012128
0.012
0.01216
0.011264
0.012064
0.011904
0.018336
0.020512
0.011232
0.012224
0.012064
0.012288
0.011264
0.012096
0.012288
0.011296
0.011232
0.011232
0.011936
0.011264
0.011936
0.011296
0.011232
0.011264
0.012192
0.011264
0.011936
0.011264
0.01216
0.011264
0.012192
0.011264
0.012128
0.011264
0.012032
0.011264
0.012256
0.01232
0.011264
0.011264
0.011232
0.012288
0.012192
0.011232
0.012256
0.011264
0.011264
0.011392
0.012
0.011296
0.011232
0.012
0.012224
0.011264
0.011264
0.011264
0.011264
0.0112
0.012032
0.012288
0.011264
0.011264
0.011232
0.012288
0.011264
0.012256
