0.089088
0.078816
0.073696
0.07472
0.053984
0.073728
0.074752
0.07472
0.048096
0.071648
0.067552
0.070656
0.05424
0.07472
0.055264
0.067584
0.053216
0.052256
0.064384
0.074432
0.067424
0.059264
0.0624
0.0576
0.073728
0.048128
0.062464
0.053984
0.068608
0.07248
0.067552
0.05424
0.071648
0.068512
0.067552
0.040928
0.07552
0.072672
0.073312
0.042976
0.075744
0.061408
0.044
0.05648
0.067552
0.07376
0.053216
0.060384
0.073696
0.077792
0.073728
0.066528
0.05936
0.047072
0.072672
0.072288
0.06928
0.062368
0.056288
0.070624
0.060352
0.073504
0.074048
0.072064
0.040928
0.073696
0.07472
0.032736
0.032736
0.031712
0.033408
0.032704
0.032768
0.03376
0.031776
0.031712
0.032768
0.03344
0.032768
0.032768
0.032768
0.032768
0.033472
0.03136
0.03376
0.0336
0.038912
0.032768
0.032768
0.031744
0.032768
0.031744
0.031744
0.032896
0.0336
0.032768
0.032736
0.032736
0.031744
0.032768
0.033664
0.032768
0.032736
0.032768
0.032736
0.031776
0.03376
0.032768
0.032768
0.032736
0.033152
0.0328
0.031744
0.032768
0.032736
0.032768
0.032672
0.032736
0.029696
0.03248
0.033408
0.0328
0.033536
0.03344
0.032768
0.032736
0.032416
0.032768
0.032736
0.032736
0.03264
0.022528
0.032736
0.032768
0.032736
0.033472
0.033504
0.031712
0.033536
0.033792
0.032768
0.0336
0.032768
0.032768
0.030592
0.032576
0.032768
0.033408
0.03344
0.032736
0.032736
0.033696
0.03344
0.0328
0.0336
0.033792
0.033504
0.032736
0.032608
0.03376
0.032736
0.03376
0.026304
0.03376
0.032736
0.032768
0.030592
0.033792
0.032736
0.0328
0.032352
0.033408
0.026656
0.032736
0.024608
0.033536
0.032736
0.032768
0.032736
0.032768
0.028672
0.032704
0.033792
0.032768
0.032576
0.032736
0.032736
0.032736
0.02976
0.032608
0.032736
0.028672
0.033792
0.039904
0.03376
0.032736
0.033472
0.033408
0.031744
0.033792
0.031744
0.032736
0.032736
0.032608
0.03376
0.032768
0.032384
0.032736
0.032768
0.032736
0.033664
0.032416
0.031776
0.033696
0.033504
0.032768
0.03264
0.032992
0.032768
0.032736
0.03248
0.032736
0.032736
0.032768
0.032768
0.032736
0.030688
0.033376
0.031776
0.03296
0.032704
0.032768
0.032736
0.032736
0.032736
0.032768
0.031744
0.033824
0.032736
0.02768
0.032384
0.033792
0.032544
0.035808
0.032736
0.032736
0.032736
0.032736
0.033728
0.033472
0.032736
0.03344
0.032928
0.032864
0.024608
0.032864
0.031744
0.032736
0.033568
0.0224
0.023232
0.022496
0.02256
0.023584
0.02352
0.030688
0.022496
0.022496
0.022528
0.02352
0.02256
0.022496
0.029696
0.02256
0.02256
0.023328
0.023552
0.023552
0.023456
0.022528
0.02352
0.023552
0.023584
0.023552
0.022496
0.022528
0.023264
0.022528
0.023264
0.022528
0.025248
0.022528
0.022528
0.023296
0.023424
0.02256
0.02256
0.0232
0.023424
0.022496
0.023488
0.022496
0.022496
0.023264
0.023328
0.022528
0.02352
0.022432
0.022496
0.022528
0.022528
0.023552
0.022528
0.022496
0.02256
0.022176
0.0232
0.023552
0.022528
0.022304
0.023232
0.02352
0.023552
0.022528
0.02256
0.023584
0.02256
0.022528
0.023136
0.022528
0.022144
0.023168
0.023296
0.022528
0.023392
0.020512
0.023328
0.02256
0.023328
0.022528
0.022496
0.022496
0.022528
0.022528
0.023232
0.02256
0.022496
0.022272
0.022528
0.023168
0.02256
0.022528
0.022496
0.023488
0.022432
0.02224
0.02256
0.022528
0.022528
0.0224
0.022528
0.022368
0.023552
0.023392
0.022528
0.0224
0.022336
0.023232
0.02256
0.022528
0.02256
0.022816
0.022464
0.023232
0.023328
0.02336
0.023232
0.022528
0.022528
0.023136
0.023296
0.023296
0.022528
0.022528
0.022496
0.023424
0.023328
0.023168
0.022528
0.022432
0.022528
0.02256
0.022528
0.0232
0.02224
0.022528
0.022432
0.023168
0.022528
0.02272
0.023488
0.02256
0.023136
0.02352
0.022528
0.022528
0.02336
0.023296
0.023264
0.02256
0.022528
0.02256
0.023296
0.023584
0.023552
0.022496
0.022528
0.023232
0.023552
0.023392
0.02256
0.022496
0.023136
0.021472
0.022528
0.029792
0.022528
0.02256
0.024576
0.023584
0.023168
0.02336
0.02256
0.022528
0.023168
0.023584
0.022528
0.022528
0.022528
0.023552
0.023552
0.030688
0.02256
0.023552
0.02256
0.023232
0.022528
0.022688
0.022368
0.0232
0.022528
0.02256
0.022528
0.022528
0.022528
0.02352
0.023328
0.022528
0.022496
0.0232
0.023584
0.023264
0.023232
0.023232
0.023584
0.023488
0.023392
0.022496
0.023552
0.022592
0.023168
0.022496
0.022528
0.023168
0.022496
0.023328
0.022528
0.02336
0.0232
0.022496
0.022496
0.02256
0.022528
0.022496
0.022528
0.023456
0.023552
0.022528
0.023584
0.023168
0.022848
0.02256
0.02256
0.022528
0.022528
0.022496
0.0232
0.023264
0.02256
0.019456
0.023232
0.023456
0.02352
0.022528
0.022496
0.022528
0.023392
0.022432
0.022528
0.022528
0.023392
0.023264
0.023168
0.02256
0.022464
0.023232
0.023456
0.023552
0.022528
0.022528
0.02352
0.023168
0.023168
0.02256
0.022528
0.02256
0.023552
0.023296
0.023296
0.0232
0.023488
0.022528
0.023552
0.022528
0.022528
0.02256
0.022496
0.022528
0.022528
0.022528
0.022528
0.022528
0.023456
0.023584
0.029696
0.022336
0.022528
0.022528
0.02352
0.023232
0.02256
0.02336
0.022528
0.02352
0.022784
0.022528
0.022816
0.022496
0.02256
0.022496
0.02256
0.020512
0.02256
0.023584
0.023456
0.022528
0.022528
0.023168
0.024576
0.022528
0.023232
0.023168
0.022528
0.02256
0.023552
0.022528
0.022528
0.022528
0.023456
0.023392
0.022496
0.023296
0.023328
0.023424
0.022528
0.023168
0.02352
0.023168
0.022496
0.022528
0.022528
0.022528
0.023584
0.022752
0.022496
0.023328
0.023392
0.02352
0.023424
0.022688
0.02256
0.023552
0.022496
0.022528
0.022528
0.02256
0.022496
0.023296
0.022528
0.022496
0.022496
0.022528
0.022528
0.023424
0.022528
0.022528
0.022528
0.023424
0.023168
0.02336
0.023456
0.022528
0.023168
0.022496
0.023552
0.02256
0.022528
0.022528
0.022528
0.02256
0.023552
0.022528
0.023328
0.023296
0.023328
0.022528
0.022496
0.023296
0.02256
0.022496
0.022784
0.025536
0.02256
0.022496
0.022528
0.022496
0.023328
0.023552
0.02256
0.022496
0.023296
0.0232
0.023424
0.022528
0.02256
0.022496
0.022528
0.023552
0.023552
0.02352
0.023552
0.022528
0.02336
0.022528
0.022528
0.022528
0.02256
0.0232
0.023456
0.0232
0.022368
0.02256
0.023488
0.022528
0.022496
0.022592
0.022528
0.02256
0.023552
0.024576
0.022528
0.0232
0.022528
0.022528
0.022528
0.024576
0.022528
0.022528
0.023424
0.022528
0.0224
0.02352
0.023456
0.023488
0.0232
0.023552
0.0232
0.022528
0.022528
0.041632
0.022496
0.023232
0.022496
0.02288
0.02256
0.022528
0.023296
0.022528
0.023488
0.022528
0.02256
0.022528
0.02256
0.023552
0.023392
0.0232
0.022528
0.022528
0.022528
0.022496
0.022496
0.02256
0.02256
0.022496
0.023168
0.02256
0.022528
0.022432
0.022528
0.022528
0.022528
0.022272
0.023456
0.022528
0.02256
0.022496
0.023328
0.023552
0.022464
0.022528
0.02256
0.02256
0.02256
0.022496
0.023552
0.022528
0.02256
0.022304
0.022528
0.022496
0.023488
0.02256
0.022816
0.022528
0.023584
0.022528
0.0232
0.023168
0.022528
0.022432
0.023584
0.02256
0.023296
0.023424
0.023232
0.022528
0.022496
0.022496
0.02336
0.022528
0.024544
0.022528
0.022496
0.02256
0.023424
0.022496
0.02256
0.022496
0.023296
0.022528
0.022592
0.022528
0.022528
0.022528
0.02256
0.022528
0.022496
0.02336
0.023552
0.023296
0.022528
0.022496
0.023552
0.022528
0.022528
0.023424
0.02256
0.02272
0.023392
0.022496
0.023584
0.022528
0.023296
0.022528
0.022528
0.02352
0.023168
0.022528
0.023392
0.022528
0.02256
0.023392
0.023552
0.023424
0.022528
0.022528
0.022528
0.023456
0.023456
0.023136
0.022528
0.022528
0.022272
0.021536
0.022528
0.023232
0.02336
0.023456
0.023264
0.023552
0.022528
0.023456
0.022272
0.023552
0.022528
0.022336
0.02256
0.022496
0.022528
0.022528
0.022528
0.023232
0.02256
0.022528
0.022336
0.023328
0.023424
0.022528
0.022496
0.02256
0.023232
0.022528
0.023232
0.02256
0.02352
0.023584
0.02256
0.0232
0.023552
0.023328
0.02336
0.022528
0.02352
0.023552
0.023552
0.02128
0.022496
0.022496
0.022528
0.022528
0.0232
0.02256
0.02336
0.023328
0.022528
0.023488
0.022528
0.023168
0.022528
0.024576
0.0224
0.023552
0.02256
0.023232
0.02256
0.022304
0.022496
0.023296
0.023552
0.022528
0.022528
0.022528
0.023456
0.02256
0.02256
0.02336
0.023552
0.023168
0.022496
0.0184
0.018304
0.018464
0.01744
0.01616
0.01824
0.018432
0.0184
0.017408
0.018304
0.0184
0.018432
0.017408
0.017408
0.018432
0.018336
0.018464
0.018048
0.018432
0.018432
0.017216
0.016352
0.017408
0.01824
0.017408
0.0184
0.0184
0.018432
0.01744
0.017408
0.0184
0.017408
0.017408
0.018464
0.018048
0.017376
0.017408
0.0184
0.018304
0.0184
0.016352
0.017408
0.018304
0.017408
0.018272
0.0184
0.018432
0.01728
0.017408
0.026624
0.018432
0.017376
0.01744
0.018336
0.017376
0.018432
0.01744
0.017408
0.01744
0.01824
0.018432
0.017408
0.0184
0.017408
0.018208
0.017216
0.018336
0.017376
0.018368
0.017408
0.018432
0.0184
0.018368
0.017408
0.017568
0.017376
0.017376
0.01824
0.01824
0.018432
0.017408
0.0184
0.01744
0.017376
0.018016
0.018048
0.018272
0.018176
0.01744
0.0184
0.0184
0.018144
0.017376
0.018176
0.017376
0.018432
0.01744
0.017408
0.018336
0.018432
0.018272
0.018176
0.017152
0.0184
0.017408
0.018336
0.018368
0.01744
0.018432
0.017408
0.017376
0.01808
0.018432
0.018464
0.018272
0.01824
0.017408
0.0184
0.017376
0.018144
0.0184
0.017408
0.018432
0.0184
0.01744
0.0184
0.017408
0.01824
0.0184
0.01824
0.017376
0.018272
0.0184
0.018336
0.017408
0.017792
0.018432
0.018464
0.0184
0.018432
0.017408
0.018464
0.018048
0.018432
0.017408
0.017408
0.018112
0.0184
0.017408
0.017376
0.017408
0.018304
0.018304
0.018432
0.017408
0.017408
0.018464
0.018272
0.018048
0.0184
0.018368
0.018016
0.017408
0.018464
0.01744
0.018272
0.0184
0.017408
0.01744
0.018176
0.017408
0.018272
0.017408
0.017376
0.018432
0.018432
0.01824
0.018432
0.017344
0.018432
0.017376
0.018144
0.018368
0.0184
0.018496
0.018432
0.018112
0.018432
0.01744
0.017408
0.017376
0.017376
0.017376
0.01824
0.018432
0.018304
0.018432
0.018464
0.018208
0.018432
0.017408
0.017408
0.017408
0.018432
0.018432
0.018304
0.017408
0.018464
0.016352
0.018208
0.017376
0.018208
0.018112
0.017408
0.018016
0.0184
0.018272
0.018208
0.018432
0.0184
0.018368
0.0184
0.018432
0.018432
0.018464
0.018464
0.017408
0.018368
0.016384
0.017408
0.018432
0.018112
0.018144
0.01824
0.018144
0.018304
0.017408
0.016352
0.017376
0.018432
0.018432
0.018112
0.0184
0.018432
0.01744
0.018272
0.018432
0.018176
0.018048
0.0184
0.018336
0.018176
0.018432
0.018432
0.018432
0.018176
0.018432
0.018016
0.018208
0.017408
0.01648
0.0184
0.017376
0.018432
0.018432
0.017408
0.018432
0.01824
0.01824
0.018432
0.01744
0.018464
0.01728
0.01744
0.018336
0.018432
0.017408
0.01824
0.01824
0.017408
0.018432
0.023552
0.018432
0.0184
0.018272
0.018432
0.01808
0.016384
0.018144
0.0184
0.018432
0.018432
0.018368
0.018208
0.01824
0.018368
0.018176
0.017408
0.018304
0.018144
0.017408
0.016352
0.018432
0.017408
0.01808
0.017408
0.018432
0.018432
0.018432
0.017408
0.018112
0.018304
0.018368
0.018272
0.018464
0.018464
0.017088
0.018432
0.018432
0.018432
0.018432
0.018464
0.0184
0.017376
0.018432
0.018368
0.018464
0.023584
0.017056
0.01744
0.018304
0.017408
0.0184
0.017024
0.01808
0.018432
0.018368
0.016352
0.018432
0.016384
0.018464
0.018176
0.017376
0.018432
0.018272
0.01776
0.017408
0.018048
0.018432
0.016352
0.017408
0.017408
0.017408
0.01744
0.017408
0.017408
0.018432
0.01744
0.018432
0.018432
0.018464
0.0184
0.01808
0.01744
0.018464
0.017408
0.018432
0.0184
0.018208
0.018272
0.0184
0.01808
0.018304
0.017408
0.018048
0.018432
0.017408
0.015392
0.01744
0.018464
0.018432
0.018176
0.018048
0.017408
0.017408
0.016512
0.018208
0.017376
0.018432
0.018048
0.0184
0.017248
0.017408
0.018432
0.018304
0.018208
0.018432
0.018176
0.017408
0.017408
0.01744
0.016384
0.017408
0.0184
0.017376
0.02048
0.017408
0.018336
0.018432
0.0184
0.017376
0.01824
0.017216
0.018208
0.018432
0.017216
0.0184
0.017408
0.017408
0.017376
0.018432
0.017408
0.018272
0.017376
0.01824
0.018176
0.017632
0.018368
0.0192
0.018144
0.01808
0.018208
0.018432
0.018016
0.018368
0.017408
0.018368
0.018208
0.018464
0.018464
0.01808
0.018464
0.0184
0.018464
0.018432
0.018432
0.018176
0.017408
0.0184
0.018432
0.018432
0.017408
0.0184
0.018272
0.0184
0.017376
0.017376
0.018432
0.017376
0.017376
0.018464
0.016416
0.018208
0.0184
0.018432
0.01536
0.01808
0.017408
0.018432
0.018432
0.017408
0.017408
0.01744
0.017408
0.018112
0.016064
0.017408
0.018432
0.018368
0.017376
0.01824
0.017408
0.01808
0.018144
0.018144
0.018336
0.01824
0.01808
0.018112
0.018112
0.01824
0.01744
0.01744
0.017408
0.017408
0.017408
0.017408
0.018432
0.018144
0.016384
0.018432
0.017408
0.01728
0.017376
0.0184
0.017408
0.018464
0.017408
0.017408
0.018432
0.018304
0.017312
0.0184
0.018368
0.018336
0.018368
0.018048
0.018432
0.01824
0.017408
0.017408
0.01744
0.016384
0.018432
0.018432
0.018272
0.018432
0.018432
0.018432
0.01824
0.016384
0.018176
0.018368
0.017408
0.018432
0.017792
0.01744
0.018048
0.017408
0.017408
0.01744
0.017408
0.018112
0.018368
0.018272
0.017408
0.017408
0.01744
0.0184
0.018272
0.018432
0.017408
0.018464
0.018176
0.015392
0.01808
0.0184
0.018432
0.018432
0.017408
0.018464
0.017408
0.0184
0.0184
0.0184
0.015168
0.01824
0.018432
0.018368
0.018368
0.018016
0.017408
0.0184
0.01776
0.018112
0.018368
0.01744
0.018336
0.017408
0.018464
0.017408
0.01744
0.01808
0.016384
0.017376
0.018432
0.018432
0.017696
0.017408
0.017408
0.017376
0.018432
0.017376
0.018304
0.018144
0.017408
0.018432
0.018272
0.018048
0.018432
0.01808
0.018336
0.01824
0.018112
0.017344
0.017376
0.018112
0.018432
0.017376
0.01808
0.018432
0.018112
0.018464
0.017408
0.018432
0.018144
0.018464
0.016384
0.01744
0.017408
0.017376
0.01744
0.017376
0.017408
0.0184
0.018464
0.017408
0.01744
0.018432
0.01744
0.018176
0.017408
0.018048
0.018432
0.01824
0.0184
0.018336
0.018208
0.0184
0.018432
0.018432
0.018432
0.018336
0.015392
0.018432
0.018432
0.017408
0.018272
0.01744
0.01808
0.018432
0.018432
0.024544
0.018432
0.017376
0.01744
0.015392
0.018432
0.018432
0.017408
0.01744
0.01808
0.018464
0.018368
0.017376
0.018432
0.017408
0.018336
0.017408
0.018432
0.017408
0.018304
0.018272
0.018176
0.017376
0.017408
0.018432
0.017984
0.016384
0.01808
0.018464
0.018432
0.0184
0.018112
0.018432
0.018464
0.01616
0.017408
0.018304
0.018432
0.018432
0.018304
0.018336
0.0184
0.018144
0.018464
0.01808
0.017408
0.018432
0.017408
0.018432
0.016
0.018432
0.018432
0.017408
0.018112
0.01744
0.0184
0.016352
0.017408
0.017408
0.0184
0.018432
0.017408
0.018432
0.01744
0.018112
0.017408
0.018144
0.018368
0.01744
0.017408
0.018368
0.0184
0.0184
0.018368
0.018432
0.017504
0.0184
0.017408
0.018432
0.017376
0.017408
0.018272
0.017376
0.0184
0.018176
0.017376
0.018432
0.018432
0.0184
0.01824
0.018176
0.018432
0.017408
0.018112
0.018048
0.018464
0.018432
0.01824
0.017408
0.017408
0.018112
0.01744
0.01744
0.01744
0.016704
0.017408
0.018432
0.017408
0.018432
0.01744
0.017408
0.017408
0.0184
0.018304
0.018432
0.018432
0.016
0.018304
0.018048
0.018464
0.017376
0.018176
0.017408
0.01744
0.018144
0.0184
0.01808
0.018432
0.018432
0.017376
0.018464
0.018432
0.018048
0.017408
0.016352
0.017184
0.01744
0.018272
0.017408
0.018208
0.017408
0.017408
0.018336
0.018368
0.018272
0.018432
0.018176
0.017024
0.018432
0.018368
0.018144
0.01744
0.018208
0.017408
0.0184
0.017408
0.0184
0.017408
0.018432
0.018464
0.0184
0.017312
0.015968
0.0184
0.0184
0.018112
0.0184
0.01744
0.018432
0.016064
0.018464
0.017664
0.01808
0.017376
0.01744
0.018432
0.018208
0.0184
0.018432
0.018112
0.016288
0.018432
0.018432
0.018432
0.018432
0.018464
0.018432
0.018432
0.01744
0.018272
0.01776
0.018432
0.017408
0.017408
0.01536
0.017248
0.017408
0.017408
0.017408
0.017184
0.018432
0.01744
0.017408
0.015264
0.01808
0.017408
0.017408
0.01744
0.016384
0.017376
0.0184
0.017056
0.018272
0.0184
0.017408
0.01824
0.017408
0.018432
0.017408
0.01744
0.017408
0.018304
0.018368
0.01536
0.018336
0.018432
0.018368
0.016416
0.017408
0.0184
0.01744
0.016384
0.018176
0.017408
0.016352
0.018432
0.018048
0.017408
0.017408
0.018464
0.017344
0.01824
0.018048
0.018112
0.016352
0.017408
0.01744
0.017376
0.017408
0.01744
0.018112
0.018272
0.018336
0.017408
0.017056
0.017408
0.018432
0.018048
0.017408
0.01808
0.017408
0.017408
0.018432
0.018112
0.018304
0.01808
0.017408
0.018432
0.018432
0.016416
0.018336
0.015328
0.0184
0.018432
0.018208
0.017408
0.018336
0.01744
0.017408
0.017376
0.016224
0.018208
0.018144
0.01824
0.0184
0.017408
0.018432
0.017376
0.01712
0.017376
0.017408
0.016416
0.017408
0.0184
0.018432
0.018208
0.018368
0.018368
0.0184
0.016384
0.018304
0.017312
0.016384
0.0184
0.018432
0.018464
0.018432
0.017408
0.017408
0.018432
0.01744
0.017472
0.017408
0.018432
0.017408
0.017408
0.017408
0.018336
0.016384
0.0184
0.017408
0.016352
0.018432
0.018272
0.017408
0.016416
0.018016
0.017408
0.016352
0.018432
0.01824
0.018432
0.018048
0.017408
0.016384
0.018432
0.017408
0.018432
0.018336
0.018112
0.018336
0.014336
0.0184
0.01536
0.018432
0.018208
0.017408
0.017408
0.017376
0.01808
0.018176
0.018048
0.017056
0.017024
0.016192
0.018464
0.018208
0.017376
0.017408
0.016384
0.01744
0.01744
0.017408
0.01744
0.018112
0.018432
0.0184
0.01744
0.016384
0.018176
0.016416
0.016384
0.018176
0.0184
0.017376
0.01744
0.019456
0.01744
0.018112
0.018144
0.017408
0.0184
0.018208
0.017376
0.018112
0.018432
0.018432
0.01744
0.0184
0.018368
0.018432
0.01744
0.018336
0.016384
0.015392
0.018144
0.017408
0.017408
0.018144
0.018432
0.01744
0.016384
0.0184
0.018144
0.01744
0.016544
0.0184
0.018304
0.01808
0.018464
0.0184
0.018432
0.018432
0.018272
0.017408
0.01808
0.018432
0.016352
0.017408
0.018272
0.018432
0.0184
0.0184
0.0184
0.018464
0.018368
0.018144
0.015328
0.018464
0.017376
0.017408
0.0184
0.016384
0.018144
0.025504
0.018432
0.018432
0.018368
0.018432
0.018432
0.01744
0.017408
0.0184
0.0184
0.01824
0.017408
0.018336
0.018112
0.01744
0.018368
0.018016
0.018272
0.01744
0.017408
0.01808
0.018432
0.018464
0.018336
0.017408
0.018432
0.018368
0.018272
0.01824
0.017408
0.017408
0.018432
0.0184
0.018368
0.016384
0.018432
0.018368
0.024352
0.018432
0.017408
0.026624
0.016384
0.018464
0.017408
0.017408
0.018432
0.018368
0.017408
0.0184
0.018208
0.018144
0.018272
0.018304
0.018432
0.018336
0.0184
0.018432
0.01744
0.017408
0.0176
0.017184
0.017248
0.016384
0.017408
0.017376
0.018208
0.017632
0.01744
0.018112
0.018112
0.017408
0.01744
0.01744
0.016384
0.01824
0.017408
0.017408
0.018368
0.017408
0.018432
0.017376
0.018048
0.0184
0.0184
0.018432
0.016352
0.016352
0.018432
0.018432
0.018432
0.017408
0.015328
0.018304
0.017408
0.017408
0.017408
0.018464
0.01824
0.018464
0.018464
0.018432
0.018336
0.018048
0.016032
0.018176
0.018432
0.018432
0.01824
0.0184
0.0184
0.0184
0.017792
0.017408
0.016416
0.017408
0.017408
0.017408
0.018048
0.01808
0.01536
0.018304
0.017504
0.016384
0.018176
0.018432
0.01808
0.01744
0.018432
0.018112
0.015488
0.016384
0.016192
0.018112
0.018464
0.018336
0.023552
0.018432
0.01824
0.018208
0.018176
0.017408
0.01808
0.017408
0.0184
0.018432
0.0184
0.018112
0.017312
0.018432
0.0184
0.017408
0.017408
0.018432
0.017408
0.018464
0.018368
0.01712
0.01536
0.018144
0.017408
0.017312
0.017504
0.018208
0.018432
0.017376
0.016352
0.018432
0.018464
0.036864
0.018368
0.01536
0.018208
0.016384
0.01536
0.018432
0.018336
0.018336
0.01536
0.01712
0.018112
0.016992
0.0184
0.01808
0.01744
0.018368
0.018432
0.016384
0.018272
0.018144
0.0184
0.017408
0.018208
0.018144
0.01744
0.013312
0.01408
0.014272
0.014272
0.014368
0.014272
0.014112
0.013312
0.014048
0.014336
0.013312
0.01408
0.01328
0.013312
0.013984
0.014208
0.0136
0.01424
0.013312
0.013568
0.01328
0.013344
0.01392
0.014208
0.014016
0.013312
0.014112
0.013984
0.01408
0.013568
0.014176
0.01328
0.022496
0.013312
0.014048
0.014048
0.013312
0.014048
0.013312
0.014336
0.013312
0.014304
0.013312
0.013248
0.013344
0.013184
0.013312
0.013344
0.014048
0.01328
0.014336
0.013312
0.01328
0.01408
0.013312
0.013344
0.013632
0.013984
0.014048
0.013312
0.01424
0.014208
0.01328
0.01328
0.013312
0.014368
0.013312
0.01328
0.014176
0.01328
0.013344
0.014336
0.01328
0.013312
0.01424
0.014176
0.013056
0.013312
0.013984
0.013056
0.01328
0.014048
0.014112
0.014144
0.013312
0.014368
0.014048
0.014112
0.014368
0.013312
0.01328
0.013344
0.0136
0.013312
0.014144
0.013952
0.014048
0.014176
0.01408
0.014272
0.013344
0.013312
0.014208
0.013984
0.014144
0.013312
0.013312
0.014112
0.014304
0.013312
0.013344
0.01328
0.013312
0.014304
0.014336
0.013984
0.01328
0.013312
0.013312
0.014336
0.013312
0.014336
0.013312
0.013312
0.01328
0.013312
0.014016
0.013984
0.013952
0.013312
0.014016
0.013312
0.01328
0.013312
0.013344
0.013248
0.013312
0.014304
0.014112
0.014336
0.013312
0.014304
0.014336
0.013312
0.013312
0.013984
0.01536
0.013344
0.01328
0.014208
0.014048
0.013312
0.014016
0.014304
0.014336
0.013952
0.01408
0.012928
0.014176
0.014112
0.01328
0.014144
0.013312
0.013344
0.014336
0.013312
0.013312
0.014272
0.013312
0.013312
0.014304
0.013312
0.014208
0.014144
0.014336
0.013312
0.013312
0.013312
0.013344
0.013312
0.017408
0.013312
0.013984
0.01328
0.013312
0.014336
0.01328
0.013376
0.013312
0.013344
0.013312
0.013312
0.014336
0.013312
0.013312
0.01312
0.014016
0.013216
0.01424
0.013312
0.013344
0.013312
0.014176
0.01408
0.013344
0.013312
0.014112
0.01424
0.013312
0.013312
0.014176
0.014144
0.013312
0.013312
0.013184
0.01328
0.013024
0.013312
0.013312
0.013216
0.014176
0.01328
0.01328
0.013312
0.013312
0.013312
0.01328
0.013312
0.013312
0.014336
0.013344
0.014336
0.013312
0.013344
0.013312
0.014016
0.014112
0.014016
0.014208
0.013312
0.014336
0.01328
0.013312
0.013312
0.014336
0.01408
0.014208
0.014336
0.013344
0.014176
0.014304
0.014208
0.013312
0.013216
0.013312
0.01328
0.013312
0.014144
0.014272
0.013312
0.01408
0.01328
0.013344
0.013312
0.013312
0.01408
0.01408
0.01328
0.01424
0.013312
0.013152
0.013312
0.013984
0.01424
0.013312
0.013344
0.013312
0.013312
0.013312
0.013536
0.014208
0.013312
0.014144
0.013344
0.01328
0.013312
0.013312
0.013312
0.013248
0.013312
0.014112
0.014112
0.013344
0.01328
0.0136
0.013312
0.013312
0.014304
0.013344
0.013408
0.014112
0.014144
0.013632
0.013312
0.014368
0.014144
0.014272
0.01328
0.013312
0.014304
0.01328
0.013312
0.013984
0.014176
0.01312
0.013312
0.01392
0.014144
0.014048
0.014048
0.013312
0.013312
0.013984
0.013344
0.013312
0.013312
0.014272
0.013312
0.014048
0.014336
0.013344
0.013312
0.016768
0.01328
0.013312
0.01328
0.013984
0.01328
0.013344
0.013312
0.013984
0.013376
0.014272
0.013344
0.014208
0.013312
0.014176
0.014176
0.013312
0.014336
0.013344
0.013312
0.014176
0.013344
0.013312
0.013312
0.013312
0.014176
0.014304
0.013152
0.013312
0.013344
0.014304
0.013312
0.013344
0.013312
0.013248
0.013696
0.0136
0.013312
0.014016
0.013312
0.013312
0.013152
0.013344
0.013312
0.014304
0.013312
0.014176
0.013344
0.013344
0.013312
0.013344
0.013312
0.013344
0.014144
0.014336
0.013312
0.013472
0.014176
0.014304
0.013632
0.013312
0.014304
0.01328
0.013312
0.014272
0.01328
0.013312
0.013344
0.014112
0.013312
0.031712
0.014336
0.013312
0.014208
0.013312
0.014336
0.013312
0.013312
0.013312
0.013312
0.013312
0.013984
0.014208
0.014368
0.01328
0.013984
0.01424
0.013952
0.013344
0.013312
0.013312
0.013952
0.014112
0.013312
0.013248
0.013312
0.013312
0.014112
0.014304
0.01328
0.014368
0.013312
0.013312
0.014272
0.014208
0.01328
0.01328
0.013344
0.013312
0.014336
0.014336
0.013312
0.013536
0.013984
0.013344
0.013952
0.013312
0.013344
0.01408
0.013312
0.013312
0.013344
0.014336
0.013344
0.013344
0.013344
0.014336
0.014144
0.013312
0.01328
0.014304
0.014304
0.014208
0.013248
0.014272
0.013312
0.013312
0.013312
0.013952
0.013344
0.014048
0.013312
0.013312
0.013312
0.014176
0.014176
0.01328
0.014048
0.013312
0.013312
0.013312
0.014336
0.013312
0.014336
0.01392
0.024544
0.01392
0.014176
0.014304
0.013312
0.013312
0.014016
0.014176
0.013344
0.01328
0.013312
0.013312
0.01328
0.014304
0.01328
0.013312
0.013312
0.01328
0.013024
0.01328
0.01424
0.013312
0.01328
0.013344
0.014304
0.014016
0.013984
0.013344
0.014208
0.014336
0.014304
0.013344
0.013344
0.013408
0.013312
0.014176
0.014048
0.014016
0.013312
0.013312
0.014336
0.014336
0.013056
0.014336
0.014368
0.014048
0.014272
0.013984
0.014048
0.013344
0.013984
0.013312
0.01328
0.014336
0.013344
0.013248
0.014112
0.014304
0.013504
0.013312
0.013312
0.014016
0.014336
0.013312
0.014048
0.014336
0.013312
0.014144
0.013344
0.014176
0.013312
0.013312
0.013312
0.014144
0.01408
0.01328
0.01328
0.013312
0.013984
0.01312
0.014208
0.013312
0.013312
0.014016
0.013312
0.01424
0.014304
0.014176
0.013312
0.013344
0.013312
0.01328
0.013312
0.013344
0.014016
0.01328
0.013952
0.01328
0.01424
0.013312
0.013312
0.01424
0.01328
0.013248
0.013984
0.014016
0.013344
0.014144
0.014336
0.013312
0.01408
0.013664
0.014304
0.014304
0.014304
0.014048
0.013312
0.014176
0.01392
0.013312
0.01328
0.01328
0.013312
0.01328
0.01408
0.013952
0.013312
0.014304
0.014176
0.013408
0.014016
0.014368
0.014208
0.013312
0.014336
0.01328
0.014208
0.014368
0.013312
0.013312
0.014336
0.013312
0.013312
0.014336
0.014336
0.01328
0.01328
0.013344
0.013312
0.014112
0.01328
0.01296
0.01328
0.014336
0.014112
0.014208
0.014208
0.01328
0.013344
0.013312
0.014368
0.014112
0.013344
0.014304
0.013312
0.013984
0.014112
0.013344
0.014304
0.014304
0.014112
0.01392
0.013344
0.013312
0.013312
0.01328
0.013312
0.014368
0.01328
0.014272
0.013312
0.01408
0.014336
0.013312
0.013312
0.014272
0.014048
0.014336
0.014336
0.01328
0.013312
0.014016
0.013952
0.014144
0.013344
0.013984
0.013312
0.013312
0.01408
0.01408
0.01328
0.013312
0.013952
0.014272
0.014336
0.01328
0.01328
0.013312
0.013312
0.014048
0.013952
0.014336
0.014336
0.014208
0.013312
0.014336
0.013312
0.013312
0.014208
0.013312
0.01424
0.013312
0.014016
0.013312
0.0136
0.01328
0.01328
0.013312
0.013312
0.01328
0.01328
0.014048
0.014144
0.014144
0.013248
0.01328
0.013344
0.01392
0.014336
0.01408
0.01328
0.01424
0.013312
0.014048
0.014176
0.014304
0.013312
0.013312
0.014208
0.013312
0.014112
0.014112
0.01392
0.013984
0.013312
0.013344
0.013312
0.014016
0.013984
0.013216
0.013984
0.013312
0.013344
0.013664
0.013312
0.01328
0.014336
0.014304
0.013312
0.013344
0.013888
0.014336
0.01408
0.013312
0.013568
0.013952
0.01328
0.01328
0.013312
0.013312
0.013312
0.014304
0.013056
0.013312
0.013312
0.013312
0.013504
0.013312
0.013344
0.013344
0.01408
0.013312
0.013312
0.014048
0.013312
0.013344
0.012288
0.014176
0.013312
0.013312
0.014272
0.013344
0.013312
0.013888
0.013952
0.013312
0.013312
0.013312
0.013344
0.014304
0.013952
0.013344
0.014336
0.013312
0.01328
0.013312
0.013312
0.014336
0.014304
0.013312
0.013312
0.013312
0.01392
0.01328
0.01312
0.01328
0.013312
0.014176
0.013312
0.013344
0.01328
0.013184
0.013312
0.013312
0.013312
0.01328
0.013312
0.014016
0.013312
0.014368
0.014176
0.013312
0.013344
0.013312
0.013312
0.013952
0.01328
0.013312
0.013344
0.014016
0.014336
0.013312
0.013312
0.013312
0.014144
0.019648
0.014272
0.014336
0.01328
0.014176
0.014112
0.013344
0.014144
0.01328
0.013312
0.013312
0.014336
0.013312
0.013664
0.012256
0.013984
0.014304
0.013312
0.013344
0.013344
0.013312
0.013312
