0.093024
0.0768
0.072672
0.071648
0.071552
0.070624
0.070624
0.070432
0.070464
0.069664
0.070624
0.071424
0.070464
0.094176
0.070624
0.071488
0.070624
0.070656
0.070656
0.07056
0.069856
0.07024
0.070368
0.069664
0.070624
0.070432
0.07056
0.062432
0.070624
0.070656
0.070464
0.069632
0.070624
0.0696
0.070592
0.070432
0.071328
0.070304
0.070368
0.069664
0.070624
0.069888
0.082976
0.0704
0.07056
0.0696
0.070368
0.070528
0.07744
0.069632
0.070624
0.070624
0.070656
0.070592
0.070592
0.070624
0.070336
0.070624
0.0696
0.070624
0.070656
0.0696
0.070656
0.070464
0.070656
0.070592
0.070368
0.02736
0.026624
0.027328
0.02624
0.026592
0.026592
0.027456
0.026624
0.027456
0.026624
0.027424
0.027456
0.026624
0.026656
0.027456
0.027648
0.026624
0.026624
0.027424
0.026432
0.026656
0.026624
0.027488
0.027296
0.026624
0.026464
0.026624
0.027328
0.026592
0.027488
0.027616
0.026656
0.026624
0.02768
0.026848
0.027616
0.026592
0.026624
0.026592
0.027648
0.027328
0.026656
0.026656
0.027296
0.026624
0.027616
0.026624
0.027648
0.027328
0.027456
0.027648
0.027488
0.026624
0.027264
0.026624
0.026624
0.026592
0.026624
0.027584
0.027616
0.027264
0.026688
0.027648
0.027648
0.027264
0.026624
0.026624
0.02656
0.027488
0.026624
0.02752
0.026592
0.027456
0.027552
0.026592
0.026464
0.027456
0.026592
0.027296
0.02048
0.027648
0.026656
0.026624
0.026624
0.027616
0.034784
0.026624
0.026624
0.027648
0.02736
0.027616
0.026464
0.027648
0.026624
0.034784
0.026656
0.027584
0.02736
0.026624
0.027296
0.026368
0.026624
0.026624
0.027392
0.026304
0.027232
0.027648
0.026592
0.026592
0.02768
0.026656
0.026624
0.026624
0.027328
0.026624
0.026624
0.026592
0.027328
0.026592
0.026976
0.027616
0.027488
0.027296
0.027456
0.026624
0.02752
0.026624
0.026656
0.026624
0.027456
0.026592
0.026592
0.026624
0.027296
0.026624
0.02752
0.026496
0.026656
0.026624
0.027392
0.026624
0.026656
0.027552
0.026624
0.027456
0.026624
0.027328
0.026656
0.026624
0.026496
0.026624
0.026624
0.026624
0.026432
0.027616
0.027584
0.026624
0.027456
0.027648
0.026656
0.026432
0.026624
0.026624
0.026624
0.02768
0.02736
0.026624
0.026624
0.026272
0.026624
0.026624
0.02672
0.02736
0.027232
0.026592
0.027456
0.027616
0.026432
0.026656
0.026624
0.026624
0.027392
0.026624
0.03376
0.027424
0.027296
0.026592
0.027648
0.027552
0.026624
0.026624
0.027616
0.017408
0.01744
0.017568
0.017312
0.017376
0.017152
0.017408
0.017408
0.017408
0.01744
0.017408
0.017248
0.017312
0.017408
0.018016
0.017344
0.017408
0.017024
0.018048
0.016384
0.017408
0.017376
0.017408
0.017184
0.017408
0.017408
0.017408
0.017216
0.01824
0.017408
0.017376
0.019456
0.017312
0.017056
0.017408
0.017312
0.017504
0.017376
0.017376
0.01824
0.017088
0.01744
0.017184
0.01744
0.017408
0.0184
0.016384
0.01808
0.016416
0.01808
0.018272
0.017408
0.017408
0.016384
0.017376
0.017408
0.017408
0.016384
0.017312
0.017408
0.017376
0.017408
0.016384
0.017376
0.017408
0.017408
0.01744
0.01744
0.017376
0.017376
0.017344
0.017408
0.017344
0.01808
0.017216
0.018272
0.017408
0.017408
0.018272
0.01744
0.017376
0.017408
0.01712
0.018048
0.017408
0.017184
0.017408
0.017408
0.017408
0.017344
0.017216
0.017312
0.017408
0.017312
0.017024
0.01712
0.017408
0.017088
0.016416
0.01728
0.017408
0.01744
0.017184
0.017216
0.016384
0.01744
0.017056
0.018048
0.017088
0.017408
0.016352
0.017408
0.018048
0.017088
0.017248
0.017408
0.017408
0.017408
0.017408
0.017408
0.017408
0.01744
0.017408
0.017408
0.017376
0.017408
0.017408
0.017376
0.017408
0.016416
0.017408
0.017408
0.017408
0.017408
0.016352
0.017184
0.017376
0.017024
0.017408
0.017632
0.017216
0.017376
0.018048
0.017344
0.01824
0.017376
0.017408
0.017376
0.018112
0.017408
0.017408
0.017664
0.017408
0.017408
0.017408
0.017408
0.016384
0.017376
0.017088
0.01728
0.017024
0.017376
0.017408
0.017408
0.01744
0.016992
0.017408
0.017376
0.017408
0.01744
0.01744
0.018304
0.0184
0.017376
0.01744
0.017408
0.017376
0.01744
0.017376
0.017408
0.016384
0.017408
0.017408
0.025376
0.017376
0.017408
0.017408
0.017408
0.017408
0.017376
0.01744
0.017408
0.01744
0.017408
0.017184
0.017408
0.017408
0.017472
0.018272
0.017408
0.017376
0.017408
0.017408
0.017408
0.017408
0.018272
0.017216
0.016384
0.017088
0.016992
0.017408
0.018048
0.017184
0.017408
0.01744
0.017408
0.01744
0.017408
0.0176
0.01696
0.016416
0.017536
0.017376
0.017248
0.01744
0.017024
0.017408
0.017408
0.01744
0.017504
0.016992
0.017152
0.017408
0.017408
0.017408
0.018112
0.017312
0.017408
0.01728
0.017376
0.017408
0.017408
0.017408
0.018144
0.017376
0.017408
0.017408
0.017408
0.017376
0.01744
0.017408
0.017408
0.017408
0.017408
0.017408
0.018208
0.016416
0.018016
0.017408
0.017408
0.017152
0.017088
0.017408
0.017408
0.01728
0.017408
0.017408
0.017088
0.017408
0.017248
0.017408
0.017184
0.017344
0.017408
0.01728
0.01744
0.017344
0.017376
0.01744
0.017248
0.017408
0.017408
0.017408
0.017376
0.01744
0.017408
0.017408
0.018048
0.017408
0.01744
0.017408
0.018208
0.017408
0.01744
0.016384
0.017408
0.01744
0.017376
0.017344
0.017408
0.017408
0.017344
0.017312
0.017376
0.016992
0.018112
0.017376
0.017248
0.017408
0.01744
0.017312
0.017376
0.017216
0.017152
0.017408
0.018336
0.017408
0.017408
0.017376
0.01744
0.017408
0.017408
0.017408
0.01744
0.017408
0.016384
0.017216
0.01744
0.016384
0.017408
0.017408
0.01744
0.017152
0.017152
0.017408
0.017408
0.017408
0.018144
0.017408
0.017408
0.017408
0.017408
0.017408
0.016416
0.017408
0.017344
0.017408
0.017408
0.017408
0.017408
0.017248
0.017152
0.017408
0.017408
0.017376
0.017408
0.016416
0.016992
0.01744
0.017376
0.017376
0.01744
0.01744
0.01728
0.01744
0.017408
0.01744
0.017312
0.017408
0.017088
0.017376
0.017408
0.017408
0.017408
0.017408
0.017408
0.017408
0.017376
0.017408
0.017472
0.017376
0.025568
0.017408
0.017376
0.025376
0.01712
0.017408
0.018336
0.017088
0.017376
0.017376
0.017376
0.017376
0.017408
0.01744
0.017312
0.017408
0.017408
0.017408
0.01808
0.017376
0.01744
0.017056
0.017408
0.01744
0.017376
0.01712
0.016352
0.017312
0.017248
0.018368
0.016992
0.01744
0.017312
0.017088
0.016384
0.017408
0.017408
0.017568
0.01808
0.016384
0.016352
0.016384
0.017408
0.017408
0.017248
0.017408
0.017376
0.017376
0.017376
0.017408
0.017376
0.01712
0.017152
0.017248
0.017216
0.017408
0.016384
0.017408
0.01744
0.018432
0.01712
0.017408
0.017408
0.0184
0.017024
0.017184
0.017408
0.017376
0.017568
0.020448
0.01728
0.017408
0.017024
0.017408
0.017088
0.016384
0.017376
0.017376
0.017408
0.017408
0.017376
0.01728
0.017408
0.01808
0.016384
0.017216
0.017408
0.017408
0.01744
0.01808
0.017408
0.017024
0.017408
0.01744
0.017408
0.017408
0.018208
0.017408
0.017408
0.017312
0.017408
0.017344
0.01744
0.017408
0.018208
0.017408
0.017408
0.017344
0.017408
0.017152
0.016352
0.016416
0.017248
0.016416
0.01744
0.017312
0.017216
0.016416
0.017376
0.017408
0.017408
0.01808
0.017408
0.017408
0.017408
0.017408
0.018016
0.017408
0.017408
0.017216
0.017312
0.017152
0.017408
0.017408
0.017408
0.017408
0.017408
0.017184
0.017216
0.018272
0.017376
0.017376
0.01712
0.017408
0.017408
0.01744
0.01712
0.017408
0.017056
0.01744
0.018144
0.018016
0.01744
0.017536
0.01712
0.017408
0.017184
0.017408
0.017408
0.017408
0.017408
0.01744
0.017376
0.017408
0.017056
0.017408
0.01744
0.017312
0.017408
0.017408
0.017408
0.017248
0.017408
0.017408
0.017024
0.01664
0.017376
0.01728
0.017408
0.017152
0.016384
0.018112
0.016384
0.017408
0.01824
0.017408
0.01712
0.017248
0.017024
0.017408
0.017376
0.017408
0.017408
0.017376
0.017408
0.017408
0.017376
0.016384
0.017408
0.017632
0.017376
0.0176
0.017408
0.017408
0.017408
0.017408
0.017376
0.017376
0.017408
0.017408
0.017344
0.01744
0.017408
0.01712
0.018208
0.01728
0.017376
0.017408
0.017664
0.017376
0.017408
0.01744
0.017408
0.017344
0.018048
0.017376
0.017344
0.01744
0.017408
0.01744
0.017408
0.01744
0.017216
0.017248
0.01744
0.017312
0.017312
0.017184
0.017184
0.017408
0.017408
0.017376
0.017408
0.017088
0.017408
0.01712
0.017408
0.01744
0.017152
0.017312
0.017088
0.016384
0.01712
0.017408
0.017408
0.017088
0.017408
0.01744
0.0184
0.014336
0.014336
0.015328
0.014944
0.014336
0.015008
0.0152
0.020224
0.014304
0.014336
0.014368
0.014304
0.014336
0.014336
0.014336
0.014336
0.014336
0.014336
0.014528
0.015168
0.015072
0.015072
0.014336
0.01504
0.014304
0.01456
0.014336
0.0152
0.014976
0.0152
0.014368
0.01472
0.014336
0.015008
0.014336
0.014336
0.015136
0.014304
0.014208
0.014304
0.014336
0.014336
0.01536
0.014976
0.015008
0.014336
0.014368
0.014688
0.014592
0.014336
0.01536
0.015168
0.015328
0.014368
0.01504
0.014336
0.014368
0.014304
0.014336
0.014048
0.014336
0.014368
0.015136
0.015136
0.023424
0.014336
0.015072
0.014336
0.014336
0.014368
0.015168
0.015072
0.015296
0.0144
0.014304
0.014336
0.015328
0.014336
0.01472
0.014304
0.015072
0.014368
0.014304
0.015008
0.01504
0.01472
0.014336
0.014368
0.014336
0.014336
0.014176
0.014368
0.01504
0.015168
0.017792
0.01504
0.014336
0.015136
0.015168
0.014336
0.014304
0.015136
0.014368
0.014336
0.014368
0.014336
0.014336
0.01536
0.015232
0.014304
0.015072
0.014304
0.014432
0.014176
0.014336
0.014368
0.014336
0.01424
0.014304
0.014368
0.014976
0.0152
0.015296
0.014336
0.014304
0.01536
0.01504
0.014336
0.014336
0.015136
0.015104
0.014368
0.01424
0.015104
0.01536
0.014304
0.014336
0.014336
0.014336
0.014336
0.014368
0.014336
0.0152
0.01456
0.015136
0.015072
0.014336
0.015264
0.014336
0.014336
0.014336
0.014336
0.014336
0.014176
0.014976
0.014336
0.014336
0.014304
0.01536
0.014304
0.015264
0.014336
0.014336
0.015136
0.014336
0.014336
0.014336
0.014336
0.014976
0.014336
0.014336
0.015232
0.015328
0.0152
0.014304
0.014336
0.015296
0.014976
0.015168
0.014336
0.014336
0.014336
0.014144
0.015296
0.014304
0.014336
0.014336
0.014336
0.014336
0.01536
0.014336
0.014976
0.014336
0.014144
0.014336
0.014336
0.015232
0.014336
0.014976
0.014336
0.014336
0.014336
0.014528
0.014336
0.015296
0.014336
0.014304
0.01536
0.015008
0.01536
0.015328
0.014336
0.014336
0.015104
0.01536
0.014336
0.014336
0.014368
0.015296
0.014368
0.014304
0.015104
0.014336
0.015136
0.015104
0.014336
0.014368
0.014368
0.014336
0.014336
0.015168
0.014336
0.014304
0.015168
0.0152
0.015232
0.014336
0.014336
0.015104
0.01456
0.014336
0.014944
0.014272
0.015328
0.015232
0.015296
0.015008
0.01472
0.014336
0.014336
0.014336
0.01536
0.014336
0.014976
0.014336
0.014624
0.015328
0.015392
0.014336
0.014336
0.014336
0.014272
0.014336
0.015232
0.015296
0.014304
0.014336
0.015328
0.014336
0.014336
0.014368
0.014592
0.014464
0.015264
0.014336
0.014304
0.014336
0.014336
0.014304
0.014304
0.0152
0.014336
0.015008
0.015072
0.015104
0.014336
0.014336
0.014176
0.014272
0.015008
0.015072
0.014304
0.014304
0.014336
0.015328
0.014656
0.015264
0.014368
0.014336
0.014336
0.015264
0.014336
0.015296
0.014336
0.014336
0.014336
0.014592
0.01504
0.015232
0.014112
0.014304
0.01424
0.015104
0.014336
0.014656
0.015136
0.015232
0.014336
0.014304
0.014368
0.015104
0.01504
0.014432
0.014336
0.01456
0.01536
0.014336
0.014336
0.014336
0.015136
0.015264
0.014336
0.014336
0.015168
0.01424
0.014336
0.014368
0.014464
0.015168
0.01536
0.0152
0.014336
0.015328
0.014336
0.014336
0.014336
0.014336
0.015008
0.014336
0.014304
0.014304
0.015104
0.014368
0.014112
0.014368
0.014336
0.014656
0.014336
0.014368
0.014368
0.014208
0.014336
0.014144
0.01504
0.014304
0.01424
0.014336
0.014336
0.015008
0.015328
0.015072
0.014336
0.01504
0.014336
0.014336
0.01536
0.014464
0.014336
0.01536
0.014944
0.0152
0.015328
0.015232
0.015008
0.01504
0.014304
0.014336
0.014336
0.015232
0.014336
0.015008
0.014336
0.0152
0.01536
0.014336
0.01536
0.014176
0.014336
0.014688
0.014368
0.020608
0.015136
0.014976
0.014336
0.01456
0.01616
0.014592
0.015328
0.015072
0.015328
0.01536
0.01504
0.015264
0.014304
0.01504
0.01504
0.014336
0.014336
0.014336
0.014336
0.01536
0.0152
0.014336
0.01504
0.014368
0.014336
0.014336
0.015264
0.015072
0.01536
0.026624
0.014336
0.015168
0.014336
0.014368
0.015264
0.014336
0.01536
0.014304
0.015328
0.015392
0.014336
0.014336
0.014336
0.015328
0.014336
0.014112
0.015008
0.014688
0.014336
0.015168
0.014336
0.014336
0.014304
0.014336
0.015328
0.01456
0.014336
0.01536
0.01536
0.014304
0.015104
0.014336
0.014016
0.014336
0.014336
0.014304
0.015104
0.015136
0.01504
0.015232
0.014272
0.014336
0.015392
0.014304
0.015104
0.015136
0.014304
0.015296
0.014304
0.014336
0.014304
0.015072
0.014368
0.014336
0.01504
0.015168
0.0152
0.014304
0.01504
0.014304
0.01504
0.015328
0.015296
0.015072
0.014304
0.014336
0.015264
0.01472
0.015328
0.015264
0.01504
0.014336
0.014336
0.014368
0.015392
0.015328
0.014304
0.014336
0.014368
0.0152
0.014336
0.015232
0.01536
0.015328
0.014336
0.014368
0.015008
0.014336
0.014976
0.014368
0.01504
0.015392
0.015072
0.02528
0.014336
0.015328
0.014304
0.015296
0.015008
0.014336
0.015232
0.015104
0.015072
0.014336
0.014336
0.015168
0.014304
0.015168
0.0152
0.014304
0.015008
0.015232
0.015168
0.015168
0.014944
0.014336
0.015136
0.015104
0.014304
0.014304
0.01536
0.015328
0.015072
0.014336
0.014336
0.014336
0.015104
0.014336
0.014336
0.014336
0.01504
0.015328
0.014336
0.015168
0.014336
0.014496
0.01456
0.014336
0.015072
0.014368
0.01536
0.014368
0.014272
0.014976
0.014208
0.014528
0.014368
0.015392
0.014368
0.014336
0.014304
0.01536
0.014336
0.015392
0.015136
0.01536
0.01536
0.01536
0.014336
0.016064
0.014368
0.014304
0.014528
0.0152
0.014368
0.014304
0.014976
0.014336
0.014144
0.015264
0.015392
0.015264
0.014336
0.015072
0.014336
0.014208
0.014336
0.014368
0.014304
0.014976
0.015264
0.015168
0.014336
0.01536
0.01504
0.014336
0.015264
0.014336
0.014336
0.018496
0.014336
0.014272
0.015264
0.014336
0.015008
0.015104
0.014336
0.014592
0.014336
0.015136
0.014336
0.014368
0.014336
0.014336
0.014336
0.01504
0.014304
0.014336
0.014336
0.014336
0.015168
0.01536
0.015072
0.014368
0.01536
0.014976
0.014368
0.014368
0.014304
0.015232
0.014336
0.014944
0.015392
0.015072
0.015168
0.014336
0.014976
0.014368
0.015136
0.014336
0.015136
0.014304
0.014368
0.014336
0.014336
0.014368
0.014944
0.014688
0.014336
0.015104
0.014304
0.014336
0.015264
0.014368
0.014336
0.014336
0.014336
0.014336
0.014304
0.014528
0.014336
0.015072
0.014304
0.014368
0.014336
0.014304
0.015168
0.014368
0.014336
0.014944
0.01776
0.014336
0.01536
0.014272
0.014336
0.015232
0.014944
0.015104
0.014336
0.015232
0.014976
0.01504
0.015296
0.015392
0.014336
0.014976
0.015264
0.015072
0.014336
0.014336
0.014976
0.015136
0.014336
0.014336
0.01536
0.014208
0.014336
0.014336
0.014944
0.014336
0.014336
0.014336
0.01504
0.014336
0.015392
0.014304
0.014368
0.014336
0.014304
0.014336
0.014336
0.014144
0.014336
0.014336
0.014304
0.014336
0.014304
0.014336
0.014304
0.015264
0.014336
0.01504
0.014368
0.014336
0.014976
0.014336
0.015072
0.014336
0.014368
0.014336
0.014336
0.014336
0.014304
0.014336
0.014944
0.034688
0.015072
0.014336
0.014336
0.015168
0.015328
0.02528
0.014336
0.015296
0.01504
0.014336
0.014368
0.014976
0.014752
0.014336
0.01472
0.01536
0.014944
0.014304
0.015168
0.014304
0.014336
0.01536
0.014336
0.014272
0.01456
0.014336
0.015104
0.015264
0.014336
0.015328
0.015264
0.015168
0.01536
0.014336
0.014336
0.014336
0.014336
0.015296
0.014272
0.014336
0.015008
0.015104
0.015104
0.015392
0.0152
0.0144
0.015136
0.014336
0.014112
0.015136
0.014304
0.01536
0.0152
0.014304
0.014976
0.014336
0.014336
0.014976
0.014336
0.014336
0.014368
0.014336
0.014336
0.0152
0.015168
0.014304
0.015232
0.014336
0.01504
0.01424
0.014336
0.014976
0.014304
0.014336
0.015104
0.014304
0.01456
0.014336
0.015296
0.015104
0.014336
0.015072
0.014368
0.014336
0.014944
0.014336
0.014336
0.015168
0.014336
0.015008
0.015072
0.015328
0.015072
0.015392
0.015296
0.014336
0.014624
0.014304
0.014944
0.014368
0.015264
0.014304
0.014336
0.014336
0.015328
0.015232
0.014336
0.01504
0.015264
0.014368
0.014368
0.0144
0.014336
0.015136
0.01504
0.015168
0.015328
0.015328
0.015168
0.0152
0.014336
0.014304
0.014336
0.015072
0.01536
0.014304
0.014144
0.028672
0.014336
0.014336
0.015264
0.014336
0.014336
0.01536
0.015328
0.014272
0.015168
0.014336
0.01536
0.015072
0.01536
0.014336
0.014304
0.014368
0.014944
0.0152
0.01536
0.014368
0.015104
0.015104
0.014336
0.014976
0.014208
0.014336
0.014368
0.0152
0.015328
0.014336
0.014336
0.014208
0.014976
0.015328
0.015136
0.014176
0.015264
0.014368
0.014368
0.014304
0.015168
0.014336
0.015168
0.014304
0.014368
0.014336
0.014336
0.015264
0.015168
0.01408
0.014336
0.015104
0.015328
0.014304
0.014304
0.014688
0.014976
0.015136
0.014336
0.014368
0.014336
0.014336
0.015296
0.014976
0.015072
0.014336
0.015072
0.015104
0.014432
0.014368
0.015264
0.014304
0.0152
0.015008
0.014368
0.015328
0.014336
0.014336
0.014336
0.015136
0.014336
0.015136
0.014944
0.014336
0.014368
0.014336
0.014336
0.014336
0.014368
0.014304
0.014336
0.014336
0.015104
0.015168
0.014976
0.014528
0.015328
0.014368
0.015072
0.01536
0.014336
0.015264
0.015104
0.014304
0.014336
0.014336
0.014336
0.014336
0.015008
0.014304
0.01504
0.01536
0.015328
0.01536
0.01536
0.015008
0.015392
0.015328
0.014304
0.015296
0.014336
0.014336
0.021504
0.014368
0.014304
0.014304
0.014336
0.015104
0.014336
0.014336
0.01504
0.015168
0.014336
0.014336
0.015264
0.014336
0.014336
0.014304
0.014336
0.014368
0.014336
0.01424
0.014336
0.015296
0.014304
0.014368
0.01536
0.014304
0.014336
0.014368
0.014336
0.015328
0.014336
0.014336
0.015104
0.014304
0.015008
0.01536
0.014336
0.014336
0.014336
0.015328
0.014464
0.01536
0.015104
0.014368
0.015392
0.014304
0.014368
0.014272
0.014336
0.014496
0.014304
0.014336
0.014336
0.014304
0.014304
0.01504
0.014176
0.014336
0.014624
0.015136
0.014304
0.014304
0.015328
0.014336
0.015072
0.014336
0.014368
0.01536
0.014304
0.015264
0.014336
0.014976
0.015072
0.014336
0.015008
0.015136
0.015008
0.014336
0.014144
0.014368
0.014368
0.015072
0.014336
0.01536
0.015008
0.014272
0.015168
0.014624
0.015072
0.014368
0.014336
0.015008
0.015296
0.014368
0.014368
0.014336
0.014336
0.014112
0.015072
0.014976
0.014336
0.014336
0.014336
0.013952
0.01536
0.015008
0.014336
0.014336
0.014336
0.014368
0.015008
0.014336
0.014336
0.014336
0.015104
0.01424
0.014432
0.014336
0.015008
0.015328
0.01536
0.014336
0.014336
0.015328
0.015104
0.015296
0.014944
0.015392
0.014336
0.028672
0.014272
0.014304
0.015104
0.014368
0.014336
0.01504
0.014336
0.014976
0.014336
0.014336
0.024576
0.014368
0.01424
0.015008
0.014336
0.014336
0.014336
0.014304
0.025536
0.014208
0.015296
0.014336
0.014432
0.015328
0.014336
0.015104
0.014304
0.014336
0.0152
0.015008
0.01536
0.0152
0.014304
0.01504
0.014208
0.0152
0.014336
0.01504
0.01424
0.014368
0.01536
0.014336
0.014976
0.014336
0.014336
0.014976
0.014304
0.014528
0.014336
0.014336
0.014336
0.014304
0.014336
0.014336
0.015168
0.015104
0.01504
0.014336
0.014976
0.014336
0.015328
0.014336
0.01504
0.01824
0.0144
0.015104
0.014304
0.014336
0.014272
0.014336
0.014368
0.01408
0.015072
0.014368
0.014976
0.014368
0.015072
0.015392
0.015072
0.015008
0.014304
0.014336
0.014336
0.014336
0.015264
0.014368
0.014624
0.014592
0.015104
0.015136
0.014368
0.015232
0.014336
0.014336
0.014336
0.014976
0.014976
0.015104
0.015168
0.014336
0.014144
0.014368
0.015072
0.015328
0.015168
0.015328
0.014976
0.014304
0.02048
0.01536
0.014336
0.014336
0.014304
0.014336
0.014336
0.01536
0.014368
0.015392
0.014176
0.014976
0.014336
0.01536
0.014336
0.015392
0.014336
0.01504
0.0152
0.014368
0.014304
0.014176
0.0152
0.014272
0.015008
0.014336
0.015104
0.015232
0.014336
0.014304
0.014336
0.015104
0.014304
0.0152
0.014304
0.01232
0.012288
0.011904
0.012256
0.012256
0.013216
0.012256
0.011936
0.012288
0.012064
0.01248
0.013312
0.012
0.012288
0.012288
0.01264
0.022528
0.012256
0.012192
0.012192
0.022496
0.012288
0.012256
0.012288
0.012256
0.012288
0.012256
0.012
0.01216
0.011264
0.012288
0.011968
0.012096
0.022528
0.012256
0.011936
0.012096
0.012352
0.012256
0.012288
0.012288
0.011296
0.012128
0.011904
0.012288
0.012256
0.01232
0.012256
0.012032
0.012256
0.012288
0.012288
0.012256
0.012288
0.012288
0.012256
0.012288
0.012288
0.012
0.011936
0.012256
0.01216
0.012288
0.011968
0.012128
0.01232
0.01232
0.012288
0.012288
0.012288
0.012288
0.012288
0.01232
0.012256
0.012064
0.01216
0.012256
0.01232
0.012256
0.012288
0.011264
0.012256
0.013088
0.012096
0.011264
0.012288
0.01232
0.012288
0.012288
0.012064
0.012288
0.011936
0.012288
0.011936
0.012256
0.012288
0.017472
0.011264
0.012288
0.01232
0.01232
0.013184
0.012288
0.012288
0.011936
0.012928
0.011264
0.012288
0.012288
0.012288
0.012288
0.01232
0.011904
0.011936
0.012288
0.012288
0.01232
0.012352
0.018304
0.012288
0.012256
0.012256
0.012064
0.0176
0.01328
0.012288
0.011264
0.011264
0.012288
0.013312
0.013056
0.012288
0.01936
0.011904
0.012192
0.05936
0.012288
0.012064
0.012384
0.012256
0.013152
0.012256
0.011264
0.012288
0.013088
0.014368
0.01216
0.012032
0.012288
0.012288
0.011904
0.012096
0.012256
0.012288
0.012256
0.020512
0.012288
0.017408
0.01216
0.012256
0.011296
0.012256
0.011872
0.012288
0.012288
0.012064
0.012256
0.012288
0.012096
0.012288
0.011936
0.012192
0.012288
0.012288
0.01216
0.032768
0.017376
0.012288
0.01744
0.011296
0.012064
0.011264
0.012224
0.012352
0.011264
0.011296
0.012288
0.013024
0.012256
0.012288
0.012288
0.013312
0.013216
0.013056
0.013248
0.012064
0.011296
0.011904
0.013184
0.012448
0.012256
0.012
0.011616
0.012256
0.012288
0.012256
0.012064
0.011264
0.013152
0.012576
0.012032
0.01216
0.012288
0.01312
0.012256
0.01232
0.011232
0.012288
0.012288
0.012288
0.011264
0.012192
0.012928
0.012288
0.013056
0.012352
0.013088
0.023552
0.012288
0.011264
0.012256
0.01232
0.012096
0.012224
0.012224
0.012256
0.01232
0.01232
0.012288
0.011904
0.012416
0.012288
0.012992
0.012128
0.012288
0.012256
0.012288
0.012256
0.012256
0.012256
0.011296
0.012288
0.012224
0.013088
0.013088
0.012288
0.012288
0.012
0.01232
0.01232
0.012288
0.012288
0.01232
0.012288
0.012256
0.012288
0.012096
0.012288
0.01232
0.012256
0.012
0.012288
0.012256
0.011968
0.01232
0.012288
0.011264
0.012192
0.011232
0.011968
0.012288
0.012224
0.012576
0.012032
0.012096
0.011296
0.011296
0.012288
0.01232
0.012256
0.01232
0.012256
0.01232
0.011872
0.012288
0.01216
0.011264
0.011904
0.011264
0.01216
0.011616
0.01232
0.012288
0.012288
0.011936
0.011296
0.011264
0.011968
0.013056
0.013024
0.013248
0.012288
0.01328
0.01232
0.012
0.011264
0.012256
0.012992
0.012064
0.012256
0.012288
0.012288
0.01232
0.012128
0.012288
0.01216
0.01232
0.012224
0.012288
0.012288
0.012192
0.012288
0.01232
0.01184
0.012096
0.011264
0.023168
0.012288
0.012288
0.012288
0.011968
0.01232
0.012032
0.013056
0.012288
0.012256
0.012128
0.012
0.012288
0.013312
0.012288
0.011264
0.012096
0.012128
0.012288
0.012288
0.01232
0.012288
0.01232
0.012096
0.012
0.012256
0.012224
0.011232
0.011232
0.012928
0.012032
0.01216
0.012256
0.011648
0.012128
0.011264
0.01232
0.011296
0.012288
0.012288
0.012288
0.012096
0.012224
0.012224
0.01232
0.011424
0.012256
0.012
0.012288
0.012288
0.012288
0.011968
0.011264
0.012288
0.012192
0.01232
0.012032
0.012
0.01232
0.012288
0.01232
0.012064
0.012
0.012288
0.012288
0.012288
0.012288
0.012224
0.012256
0.011968
0.024192
0.01328
0.012256
0.012288
0.012288
0.012288
0.012288
0.013248
0.012288
0.012288
0.011968
0.012544
0.01312
0.012288
0.012288
0.012128
0.013312
0.013216
0.012256
0.012192
0.012224
0.012288
0.01232
0.011264
0.012352
0.012288
0.011264
0.01328
0.012288
0.012224
0.012288
0.012992
0.012416
0.011936
0.011936
0.01216
0.012288
0.012288
0.012192
0.012288
0.018432
0.011264
0.013248
0.012288
0.012288
0.011648
0.013152
0.013312
0.012064
0.012288
0.012288
0.013312
0.012256
0.012288
0.012288
0.012
0.012288
0.012288
0.012288
0.012256
0.01216
0.012256
0.012288
0.012288
0.013056
0.012128
0.01248
0.012288
0.012256
0.011296
0.012288
0.012288
0.013024
0.01232
0.012288
0.012256
0.012192
0.012544
0.012288
0.012256
0.012288
0.012256
0.01232
0.012
0.01232
0.012288
0.012928
0.01248
0.011264
0.012256
0.012288
0.012288
0.013248
0.012288
0.012288
0.012288
0.012288
0.012512
0.012288
0.012288
0.012288
0.012256
0.012288
0.012288
0.012288
0.012032
0.012352
0.012992
0.011296
0.012256
0.01232
0.013024
0.012256
0.011904
0.012288
0.012288
0.012928
0.012224
0.012224
0.012096
0.012512
0.01296
0.012288
0.01216
0.012256
0.012256
0.01216
0.012256
0.012256
0.012288
0.012
0.012288
0.011968
0.012288
0.012256
0.012096
0.01232
0.011264
0.012288
0.012096
0.012256
0.012256
0.012288
0.012096
0.012096
0.011232
0.012288
0.01264
0.01232
0.012288
0.012
0.011264
0.011296
0.011264
0.012256
0.012288
0.012192
0.012288
0.012032
0.01216
0.01296
0.012256
0.012096
0.012288
0.011232
0.012192
0.01216
0.01232
0.012288
0.012288
0.011296
0.012256
0.012
0.012256
0.012288
0.012288
0.012
0.012288
0.012288
0.012032
0.012288
0.012288
0.011264
0.012128
0.011264
0.012288
0.012064
0.01232
0.01232
0.012288
0.012256
0.011904
0.012288
0.012288
0.012256
0.011968
0.012192
0.011232
0.028608
0.03072
0.013216
0.012288
0.012256
0.011296
0.013248
0.013216
0.012608
0.012288
0.012032
0.012288
0.013312
0.012096
0.012288
0.012384
0.012288
0.012416
0.012256
0.012288
0.012288
0.013152
0.013312
0.012128
0.012288
0.022528
0.012288
0.012288
0.01232
0.012288
0.012288
0.012288
0.012928
0.011264
0.012288
0.012192
0.01232
0.012288
0.011968
0.01232
0.012928
0.012992
0.012256
0.011264
0.012288
0.012288
0.02256
0.012288
0.012224
0.013312
0.012256
0.012288
0.012448
0.011264
0.01232
0.012288
0.012256
0.011232
0.012288
0.01216
0.011904
0.01232
0.012288
0.011296
0.012288
0.011904
0.01168
0.011968
0.011968
0.012032
0.012128
0.012
0.012288
0.012256
0.012288
0.012192
0.012288
0.011296
0.012288
0.012288
0.012192
0.012288
0.012288
0.012288
0.012096
0.012256
0.012288
0.012096
0.01232
0.012288
0.01232
0.012288
0.013088
0.012288
0.012256
0.012288
0.012256
0.012096
0.012032
0.01232
0.012288
0.012288
0.012288
0.011296
0.012288
0.012128
0.012224
0.012288
0.011904
0.013056
0.013248
0.01232
0.012032
0.012288
0.012352
0.012288
0.01296
0.012192
0.012192
0.013152
0.012928
0.022592
0.011968
0.012288
0.012288
0.012288
0.012256
0.011264
0.012224
0.01232
0.011968
0.011264
0.012288
0.01136
0.012288
0.012256
0.012128
0.012256
0.012192
0.011232
0.01232
0.011968
0.01216
0.012288
0.012256
0.012064
0.01232
0.011264
0.012192
0.01216
0.011264
0.012192
0.01232
0.013248
0.01232
0.012288
0.01232
0.012288
0.011904
0.011648
0.012288
0.012288
0.012288
0.012256
0.013056
0.012256
0.012288
0.012288
0.011264
0.011616
0.012224
0.012224
0.012288
0.012288
0.01232
0.012
0.012288
0.011904
0.012288
0.012256
0.011936
0.01232
0.012064
0.012288
0.012224
0.011872
0.011264
0.011264
0.012288
0.01184
0.012288
0.012096
0.012256
0.01232
0.012288
0.012512
0.012288
0.012288
0.012288
0.012288
0.013312
0.011264
0.012256
0.012064
0.013184
0.013184
0.012128
0.01232
0.012128
0.012512
0.023552
0.012288
0.011264
0.012288
0.012928
0.012256
0.012288
0.01216
0.011264
0.012288
0.012288
0.012256
0.011296
0.012096
0.01232
0.012608
0.012288
0.012256
0.012256
0.012096
0.01232
0.012288
0.012288
0.012288
0.012288
0.011232
0.011232
0.012288
0.012
0.012288
0.011296
0.011936
0.012032
0.012192
0.012288
0.012064
0.012288
0.012288
0.012288
0.012096
0.012256
0.011936
0.011264
0.01232
0.012224
0.01216
0.011968
0.01232
0.012256
0.011232
