0.079872
0.072672
0.071616
0.072672
0.070624
0.071648
0.07232
0.071936
0.070656
0.071712
0.071648
0.072672
0.070656
0.072672
0.071616
0.078432
0.070624
0.071424
0.071776
0.072288
0.071648
0.07168
0.07152
0.071648
0.071648
0.070624
0.071552
0.070656
0.076768
0.071616
0.071264
0.071648
0.071648
0.071648
0.07984
0.0696
0.072416
0.07232
0.071648
0.06448
0.072672
0.071456
0.069664
0.071456
0.072672
0.07168
0.070656
0.071648
0.072544
0.071648
0.080608
0.071648
0.071648
0.070496
0.071648
0.072416
0.071648
0.071648
0.070624
0.071744
0.071456
0.07232
0.071648
0.071808
0.0704
0.071648
0.071648
0.027392
0.02768
0.027616
0.02768
0.027648
0.028416
0.02864
0.027648
0.027648
0.02864
0.02864
0.027648
0.02848
0.027616
0.028672
0.028416
0.03056
0.02864
0.028384
0.027616
0.027616
0.035808
0.028672
0.027648
0.02768
0.027648
0.027616
0.02864
0.027936
0.027648
0.027392
0.027648
0.028352
0.028288
0.027904
0.027648
0.027648
0.027616
0.027392
0.028512
0.02832
0.027872
0.027616
0.028384
0.027648
0.02864
0.02864
0.027808
0.027616
0.027616
0.02784
0.028384
0.02832
0.028512
0.028704
0.02864
0.02864
0.027648
0.027648
0.02848
0.027616
0.027616
0.027648
0.028384
0.026624
0.028256
0.028672
0.028672
0.028512
0.02848
0.028448
0.027616
0.02864
0.028064
0.027616
0.028352
0.028576
0.027232
0.027616
0.028704
0.028576
0.027936
0.027648
0.02848
0.034784
0.027648
0.028352
0.027648
0.028
0.027648
0.027616
0.028608
0.028704
0.02768
0.027616
0.027456
0.028032
0.02768
0.027616
0.02832
0.027648
0.027616
0.028416
0.027936
0.028512
0.028448
0.02768
0.026624
0.02848
0.028384
0.028672
0.028384
0.027648
0.027648
0.027968
0.028416
0.028448
0.028704
0.027808
0.028672
0.02848
0.028288
0.027648
0.027616
0.026592
0.022752
0.028608
0.035424
0.028672
0.027616
0.028608
0.028416
0.028672
0.027616
0.027616
0.027968
0.027648
0.028576
0.027616
0.027648
0.027744
0.027648
0.02832
0.028448
0.03072
0.028288
0.028416
0.02768
0.02768
0.035584
0.02864
0.027616
0.028352
0.027616
0.02864
0.027616
0.027648
0.02768
0.02864
0.027296
0.028448
0.02768
0.02864
0.02848
0.027648
0.027648
0.028672
0.028352
0.028672
0.026624
0.028672
0.026624
0.026336
0.028544
0.028576
0.027616
0.028672
0.02768
0.02768
0.02864
0.02768
0.028672
0.027904
0.027872
0.028384
0.028608
0.02848
0.026592
0.02864
0.027584
0.027616
0.028448
0.017408
0.018432
0.018432
0.018016
0.01744
0.017472
0.018048
0.018432
0.017472
0.017408
0.01744
0.018272
0.01744
0.018464
0.018272
0.01744
0.017632
0.017408
0.01824
0.017376
0.018432
0.018208
0.017376
0.018432
0.0184
0.018272
0.018304
0.018368
0.017536
0.017408
0.017536
0.018432
0.025632
0.018336
0.018368
0.018336
0.017408
0.018432
0.018272
0.018432
0.018208
0.01808
0.018048
0.018432
0.017408
0.018144
0.018016
0.018208
0.018304
0.018176
0.017376
0.017376
0.018048
0.018432
0.01808
0.018368
0.017408
0.018208
0.018208
0.0184
0.017408
0.018336
0.018304
0.017408
0.018432
0.018368
0.018432
0.017728
0.01744
0.017408
0.01808
0.018272
0.0184
0.018336
0.017408
0.018432
0.017408
0.017408
0.017376
0.01824
0.018208
0.017408
0.017376
0.01744
0.01712
0.017408
0.017312
0.01744
0.018112
0.018336
0.01744
0.01824
0.0184
0.01808
0.018048
0.018432
0.018272
0.017408
0.01744
0.017408
0.018272
0.02528
0.018048
0.017408
0.017408
0.017408
0.017408
0.018048
0.018048
0.018432
0.017408
0.017376
0.017376
0.018432
0.018272
0.0184
0.018336
0.01744
0.018144
0.01824
0.018336
0.01744
0.01744
0.017408
0.018272
0.01776
0.018432
0.018464
0.018464
0.017376
0.018144
0.017408
0.018464
0.018432
0.018368
0.018432
0.018304
0.017408
0.018336
0.01744
0.018336
0.018112
0.017408
0.018432
0.01744
0.018432
0.017408
0.018112
0.018432
0.018208
0.017408
0.017408
0.018432
0.018368
0.017408
0.017376
0.018304
0.018464
0.017408
0.01744
0.018176
0.01744
0.017408
0.018176
0.017408
0.017408
0.01744
0.018208
0.018272
0.018112
0.018368
0.018432
0.01744
0.018432
0.017376
0.01744
0.01808
0.018272
0.018432
0.017344
0.018432
0.017664
0.018208
0.018144
0.018464
0.018432
0.018336
0.018336
0.017376
0.017408
0.018208
0.018432
0.018336
0.018432
0.018304
0.018176
0.018432
0.018432
0.01808
0.018368
0.01824
0.0184
0.017376
0.01744
0.017408
0.025248
0.017472
0.017376
0.017376
0.0184
0.019424
0.018368
0.017792
0.018208
0.018432
0.018304
0.018208
0.0184
0.018176
0.018208
0.017504
0.018432
0.0184
0.017408
0.017408
0.017408
0.017408
0.018208
0.018432
0.018048
0.018432
0.018336
0.017408
0.018272
0.01808
0.018432
0.017376
0.017408
0.018336
0.017408
0.017312
0.017408
0.018432
0.018176
0.018464
0.018208
0.018176
0.018304
0.01744
0.018464
0.017376
0.0184
0.017408
0.01744
0.020448
0.017408
0.018176
0.018432
0.0184
0.018272
0.017408
0.017376
0.0184
0.017408
0.018624
0.01744
0.018752
0.018144
0.018176
0.0184
0.017408
0.018432
0.017376
0.018464
0.0184
0.01744
0.018144
0.018432
0.018432
0.017408
0.017728
0.018432
0.0184
0.018432
0.017408
0.018432
0.017408
0.018432
0.018432
0.01744
0.0184
0.018336
0.018432
0.018464
0.017696
0.018368
0.018432
0.017408
0.0184
0.018432
0.017408
0.018144
0.01744
0.018368
0.017408
0.017408
0.0176
0.018304
0.01824
0.017408
0.01744
0.01808
0.018432
0.018368
0.018432
0.018336
0.018176
0.018336
0.018272
0.01808
0.0184
0.018432
0.017408
0.018208
0.017376
0.018144
0.01744
0.020384
0.017696
0.01744
0.017984
0.018432
0.0256
0.018144
0.018432
0.018432
0.017408
0.018368
0.018272
0.018112
0.01744
0.017408
0.018432
0.0184
0.018144
0.01744
0.01744
0.018144
0.018432
0.017376
0.018432
0.0184
0.017568
0.017376
0.01744
0.018336
0.018304
0.017408
0.017408
0.018016
0.018336
0.0176
0.017408
0.018304
0.018432
0.018432
0.018464
0.018368
0.018432
0.018432
0.018208
0.019744
0.01824
0.0184
0.018048
0.017408
0.017408
0.017408
0.018432
0.017408
0.017408
0.018336
0.01744
0.017408
0.01808
0.017408
0.018432
0.018368
0.01808
0.017408
0.017824
0.018432
0.01744
0.0184
0.017408
0.0184
0.01744
0.01808
0.017376
0.018304
0.0184
0.017376
0.018432
0.017408
0.017408
0.017408
0.0184
0.01808
0.017376
0.017408
0.0184
0.017408
0.017408
0.017408
0.018048
0.018432
0.01824
0.018208
0.018176
0.017408
0.017408
0.01744
0.018432
0.017376
0.018368
0.017408
0.018432
0.017376
0.018112
0.01824
0.018144
0.018304
0.017408
0.0184
0.018464
0.01744
0.018464
0.0184
0.018432
0.018432
0.01744
0.017408
0.018432
0.018368
0.017376
0.017408
0.017536
0.018176
0.018304
0.0184
0.0184
0.018432
0.018144
0.018048
0.018336
0.017408
0.017376
0.018368
0.018272
0.018208
0.01744
0.018176
0.017408
0.01808
0.018432
0.017408
0.018048
0.018432
0.0184
0.01824
0.018144
0.018432
0.018368
0.018176
0.01744
0.0184
0.018464
0.018368
0.018432
0.017408
0.0184
0.018336
0.017376
0.017408
0.018336
0.018176
0.018048
0.018304
0.018048
0.018464
0.018112
0.01824
0.01744
0.018112
0.018432
0.01744
0.018048
0.018208
0.018432
0.018432
0.01808
0.017408
0.017408
0.018432
0.01744
0.0184
0.01808
0.024608
0.018368
0.018336
0.017536
0.018112
0.017376
0.0176
0.017376
0.017408
0.018272
0.017408
0.017408
0.017408
0.017408
0.018432
0.01744
0.017376
0.018464
0.018272
0.018432
0.018112
0.018176
0.018432
0.017408
0.018208
0.017408
0.0184
0.01808
0.018144
0.01744
0.017408
0.017408
0.01824
0.017376
0.017408
0.017408
0.017408
0.017664
0.018432
0.01744
0.018272
0.018144
0.018432
0.018368
0.0184
0.017376
0.025376
0.018176
0.018048
0.01744
0.018336
0.017408
0.0184
0.0184
0.018112
0.018368
0.026656
0.018432
0.017568
0.017408
0.018144
0.017408
0.017408
0.01744
0.018144
0.018464
0.017408
0.017376
0.017408
0.017408
0.017376
0.017408
0.0184
0.018336
0.017408
0.018432
0.017408
0.017408
0.018176
0.017376
0.017696
0.018272
0.018112
0.017408
0.018432
0.018432
0.018272
0.0184
0.017408
0.018272
0.0184
0.018432
0.0184
0.017408
0.018432
0.017376
0.017664
0.017408
0.018144
0.01744
0.018432
0.018432
0.01744
0.0184
0.018048
0.017376
0.01744
0.017408
0.018848
0.017408
0.0184
0.017408
0.017408
0.018336
0.01776
0.0184
0.018336
0.018272
0.017408
0.01824
0.01824
0.017408
0.01744
0.017344
0.018432
0.018432
0.017376
0.017792
0.01824
0.018432
0.0184
0.018432
0.018432
0.015328
0.015168
0.015328
0.014368
0.014336
0.015072
0.014336
0.01536
0.015136
0.014304
0.014336
0.015168
0.014336
0.015008
0.014336
0.015296
0.0144
0.01424
0.015072
0.01536
0.014336
0.014368
0.014976
0.01504
0.014336
0.014304
0.014336
0.014336
0.01504
0.014336
0.014272
0.015072
0.01536
0.014368
0.015008
0.015072
0.014304
0.014336
0.014336
0.01504
0.014336
0.01536
0.014336
0.018304
0.0152
0.014304
0.014336
0.0152
0.020192
0.01536
0.014368
0.015136
0.014336
0.014304
0.015168
0.01536
0.015104
0.01536
0.01536
0.014336
0.014336
0.014336
0.014656
0.015168
0.014304
0.01472
0.014304
0.014336
0.014304
0.015008
0.014496
0.014304
0.015104
0.015136
0.015232
0.01504
0.015168
0.015328
0.015072
0.015072
0.014336
0.014368
0.014368
0.015328
0.015264
0.0152
0.015392
0.014496
0.014336
0.01536
0.015392
0.01504
0.014304
0.014336
0.014336
0.014368
0.014336
0.015136
0.014336
0.014304
0.014368
0.015104
0.014304
0.01536
0.015296
0.014368
0.014368
0.014336
0.014976
0.014368
0.014208
0.015104
0.014336
0.01504
0.014304
0.015328
0.014592
0.015328
0.01536
0.014368
0.014368
0.015072
0.014432
0.014304
0.014368
0.01536
0.014336
0.015232
0.014528
0.014304
0.014336
0.015296
0.014336
0.014304
0.015264
0.014336
0.014368
0.014336
0.014304
0.014336
0.014368
0.014304
0.015008
0.01536
0.014304
0.01536
0.014656
0.014944
0.014336
0.014368
0.014336
0.014336
0.014336
0.022496
0.015264
0.014336
0.014368
0.014368
0.015072
0.014368
0.01504
0.015328
0.015008
0.014304
0.014336
0.015136
0.014336
0.014304
0.014368
0.014336
0.014368
0.014336
0.014976
0.015232
0.014336
0.014368
0.014336
0.015104
0.014304
0.014368
0.014336
0.014976
0.014336
0.014336
0.015072
0.014368
0.014336
0.014304
0.014304
0.015392
0.014336
0.014368
0.01504
0.014336
0.014368
0.014336
0.01536
0.014336
0.015072
0.015296
0.022528
0.015072
0.014336
0.014336
0.014976
0.015328
0.014976
0.014336
0.015136
0.015136
0.014304
0.014432
0.015392
0.014976
0.015264
0.014368
0.015136
0.014336
0.014336
0.014336
0.014368
0.015136
0.015328
0.015392
0.014976
0.015264
0.014304
0.014336
0.014368
0.014304
0.014368
0.014304
0.014336
0.014336
0.0144
0.015328
0.014336
0.014304
0.014368
0.015264
0.014304
0.015264
0.014368
0.014336
0.01504
0.015264
0.014368
0.014336
0.014336
0.015072
0.01504
0.014336
0.014368
0.014304
0.014272
0.01536
0.015392
0.014336
0.015072
0.015136
0.014304
0.014336
0.015072
0.0152
0.015232
0.014336
0.015136
0.015008
0.014336
0.014368
0.015136
0.014368
0.014336
0.01504
0.015072
0.01504
0.01536
0.014976
0.014304
0.015168
0.015264
0.015008
0.015392
0.01536
0.015072
0.023552
0.01536
0.014272
0.014368
0.014336
0.014336
0.014336
0.014336
0.014336
0.015072
0.015008
0.015104
0.014336
0.015072
0.014624
0.014368
0.014368
0.015328
0.014368
0.0152
0.014368
0.015008
0.014208
0.015104
0.015328
0.015136
0.015296
0.014304
0.014368
0.015168
0.015328
0.014944
0.014336
0.01504
0.014496
0.014336
0.014304
0.014368
0.015168
0.014368
0.014336
0.014368
0.015328
0.014336
0.01536
0.01424
0.015328
0.014368
0.015136
0.015104
0.015296
0.014976
0.014336
0.014336
0.014336
0.015328
0.0152
0.015264
0.014336
0.014336
0.015392
0.014304
0.014336
0.014336
0.014336
0.014336
0.01504
0.014336
0.014368
0.014304
0.014336
0.014976
0.015136
0.01424
0.014336
0.015328
0.014336
0.015072
0.015296
0.014304
0.014336
0.014368
0.01536
0.014336
0.015104
0.014304
0.0152
0.01536
0.014336
0.020384
0.014656
0.014304
0.014304
0.014496
0.0144
0.015008
0.014336
0.014368
0.014336
0.014336
0.014336
0.01536
0.01424
0.014336
0.014368
0.014304
0.014304
0.014336
0.014336
0.014304
0.014336
0.01504
0.014336
0.01536
0.014368
0.015072
0.015232
0.014304
0.015072
0.014336
0.01712
0.014304
0.014368
0.0152
0.014368
0.014592
0.01536
0.014336
0.014976
0.014336
0.014336
0.014368
0.014336
0.014368
0.015104
0.014336
0.014336
0.014304
0.014304
0.01472
0.01536
0.015136
0.015008
0.015136
0.014336
0.014368
0.014336
0.014336
0.014336
0.014336
0.01536
0.015232
0.015008
0.014304
0.014336
0.014336
0.014272
0.014976
0.014336
0.014336
0.014336
0.014336
0.015264
0.014304
0.014336
0.014336
0.014368
0.014304
0.015072
0.014304
0.014976
0.014336
0.015264
0.015392
0.014336
0.014336
0.014336
0.014976
0.015136
0.014368
0.015168
0.014368
0.015296
0.014368
0.01536
0.014336
0.01504
0.01536
0.01504
0.014368
0.013312
0.015328
0.015328
0.014304
0.015104
0.014304
0.015072
0.015296
0.014368
0.014592
0.015392
0.015072
0.014336
0.014336
0.020384
0.015328
0.015008
0.014368
0.015328
0.015232
0.015168
0.014304
0.015072
0.014336
0.01504
0.014528
0.014368
0.015328
0.014336
0.014336
0.014496
0.014336
0.015392
0.015296
0.015104
0.015008
0.014144
0.01504
0.014336
0.015328
0.014336
0.015168
0.014976
0.0152
0.014336
0.014336
0.014336
0.014336
0.014976
0.01504
0.014336
0.0152
0.014368
0.015008
0.014336
0.014336
0.015008
0.015104
0.015168
0.01536
0.015008
0.015136
0.015264
0.014336
0.015136
0.014336
0.014336
0.014336
0.014336
0.015232
0.0152
0.015264
0.014656
0.01536
0.01504
0.014656
0.01504
0.015104
0.014368
0.01424
0.014336
0.014336
0.015008
0.014336
0.015072
0.014304
0.014336
0.014336
0.015136
0.015104
0.014144
0.01472
0.014368
0.014336
0.014304
0.014336
0.014336
0.014368
0.014336
0.014976
0.014368
0.01504
0.015296
0.01504
0.014656
0.014304
0.014336
0.014368
0.014144
0.014336
0.015264
0.015104
0.01504
0.014304
0.015008
0.023552
0.014336
0.014304
0.014368
0.015008
0.014336
0.0152
0.015136
0.014976
0.014304
0.015296
0.01536
0.014336
0.01536
0.014368
0.014336
0.014976
0.014336
0.014336
0.014304
0.01536
0.015136
0.014336
0.014368
0.014336
0.014368
0.0152
0.014176
0.014336
0.014336
0.014304
0.01504
0.014368
0.01536
0.01536
0.01536
0.014336
0.015168
0.015328
0.01536
0.015104
0.014336
0.014336
0.01424
0.014336
0.01536
0.015168
0.014368
0.01472
0.015072
0.015296
0.014336
0.014368
0.014336
0.014304
0.014304
0.015104
0.015008
0.014336
0.015328
0.015136
0.014336
0.015104
0.014336
0.014336
0.014304
0.014272
0.015008
0.014336
0.015232
0.020448
0.015328
0.014976
0.015392
0.015264
0.015296
0.015136
0.015168
0.014336
0.014304
0.014368
0.015232
0.01536
0.014336
0.014336
0.014336
0.015072
0.014336
0.014336
0.015296
0.014592
0.015296
0.020736
0.014336
0.015168
0.014336
0.014112
0.01536
0.015008
0.014336
0.014336
0.014336
0.014976
0.015296
0.015168
0.015136
0.015296
0.014976
0.015136
0.015264
0.015264
0.014304
0.01536
0.014336
0.015008
0.0152
0.014304
0.015104
0.015008
0.014336
0.014336
0.014368
0.014304
0.01504
0.015264
0.014496
0.014336
0.01408
0.015104
0.015136
0.014976
0.014336
0.014336
0.015072
0.015264
0.014336
0.014336
0.014336
0.015136
0.015232
0.015296
0.014336
0.014304
0.015232
0.01504
0.015104
0.015008
0.01504
0.015072
0.015168
0.015328
0.014368
0.015328
0.015296
0.014976
0.014272
0.015328
0.015328
0.014336
0.01504
0.014336
0.014368
0.015072
0.014112
0.014304
0.015104
0.015136
0.015328
0.014304
0.014368
0.014304
0.01504
0.014368
0.014336
0.014336
0.014336
0.014336
0.014368
0.014336
0.01504
0.014976
0.015104
0.015264
0.014944
0.014336
0.014368
0.014336
0.015264
0.01504
0.015264
0.014528
0.014336
0.015328
0.015136
0.014336
0.014368
0.014336
0.014528
0.014336
0.014304
0.014368
0.01536
0.015264
0.014336
0.014304
0.014336
0.014976
0.014336
0.014336
0.014368
0.014304
0.0152
0.0152
0.015072
0.014368
0.014336
0.014336
0.01536
0.01536
0.014336
0.015392
0.014304
0.014336
0.014144
0.014528
0.01536
0.014336
0.014336
0.014336
0.01504
0.015296
0.01472
0.014336
0.014336
0.014336
0.015328
0.015136
0.014368
0.014304
0.015296
0.014336
0.015008
0.014304
0.015168
0.01504
0.0152
0.014336
0.014336
0.014336
0.015008
0.014304
0.014336
0.01504
0.015328
0.015328
0.014336
0.014336
0.014304
0.01504
0.015328
0.015136
0.014304
0.014112
0.015328
0.014336
0.014112
0.015008
0.014336
0.015264
0.014304
0.014944
0.014304
0.01536
0.014336
0.01504
0.014368
0.015392
0.014336
0.015136
0.015328
0.014336
0.015072
0.0152
0.014368
0.014368
0.014336
0.014336
0.01536
0.014368
0.014336
0.014368
0.014336
0.014368
0.014528
0.015328
0.015232
0.014336
0.015328
0.014336
0.014336
0.014304
0.014944
0.014336
0.014368
0.015072
0.014336
0.01424
0.014336
0.014336
0.014368
0.01504
0.015072
0.014304
0.014304
0.014336
0.014368
0.015104
0.014336
0.01536
0.014336
0.015328
0.014336
0.015296
0.014368
0.014976
0.015168
0.014336
0.014336
0.014976
0.014336
0.014336
0.014336
0.014368
0.014336
0.014368
0.01456
0.015296
0.015232
0.015008
0.014336
0.014336
0.01472
0.013312
0.015264
0.014336
0.01536
0.015264
0.015072
0.014304
0.014336
0.014304
0.014304
0.015232
0.014304
0.015328
0.014304
0.015072
0.01536
0.014336
0.015296
0.015392
0.014336
0.014368
0.014336
0.014304
0.015168
0.015136
0.014336
0.015296
0.01504
0.014336
0.014304
0.014336
0.014304
0.01456
0.01504
0.014336
0.014336
0.014368
0.014304
0.014336
0.01536
0.014368
0.014304
0.014368
0.015296
0.014976
0.014432
0.014976
0.014368
0.014336
0.014336
0.014336
0.01504
0.015392
0.014976
0.015008
0.014336
0.015328
0.014336
0.014336
0.014336
0.015168
0.014336
0.0152
0.014272
0.014336
0.014272
0.014368
0.014336
0.014304
0.0152
0.01536
0.014368
0.014368
0.01424
0.014368
0.014336
0.0152
0.0152
0.0152
0.014976
0.014336
0.014336
0.014368
0.01424
0.015328
0.015168
0.014336
0.014336
0.014368
0.015168
0.014336
0.014368
0.014304
0.015072
0.014944
0.014336
0.014272
0.014368
0.014304
0.0152
0.01536
0.014336
0.014464
0.015168
0.015072
0.014304
0.014336
0.015136
0.014304
0.014304
0.014336
0.0152
0.014368
0.014304
0.014272
0.014336
0.015264
0.014336
0.0152
0.014336
0.01504
0.01408
0.014336
0.014368
0.014336
0.014336
0.014336
0.01504
0.01504
0.01504
0.014336
0.014336
0.014336
0.014304
0.014336
0.014336
0.014944
0.014304
0.014336
0.01536
0.014336
0.015168
0.014304
0.01424
0.014304
0.014336
0.01424
0.014144
0.015296
0.014368
0.0152
0.015168
0.014336
0.015072
0.014368
0.015008
0.014336
0.015328
0.014304
0.015328
0.015072
0.015136
0.015328
0.014336
0.014336
0.014304
0.014336
0.021504
0.014624
0.014208
0.015328
0.01536
0.014336
0.014336
0.014368
0.014336
0.014336
0.014336
0.015136
0.014304
0.014336
0.019456
0.014336
0.014368
0.015264
0.0144
0.014336
0.01536
0.014368
0.015136
0.015072
0.014304
0.015392
0.014464
0.014336
0.014368
0.014432
0.01536
0.01536
0.014304
0.015136
0.014336
0.015264
0.015072
0.014336
0.014368
0.014336
0.015072
0.014432
0.014336
0.018272
0.014368
0.0152
0.015168
0.015264
0.014336
0.014304
0.014336
0.014368
0.014304
0.014304
0.014336
0.014208
0.014336
0.014368
0.015264
0.015168
0.015328
0.014336
0.015328
0.015296
0.01504
0.014336
0.015008
0.014336
0.014336
0.014336
0.014336
0.015136
0.014336
0.014336
0.015328
0.014336
0.014272
0.014336
0.014304
0.015104
0.014304
0.014304
0.01536
0.014336
0.015072
0.014304
0.014336
0.014272
0.014336
0.014336
0.015136
0.014304
0.015264
0.014336
0.014336
0.015168
0.014304
0.014304
0.014976
0.014336
0.014336
0.014336
0.01536
0.01536
0.014944
0.014336
0.013984
0.014336
0.015104
0.01392
0.014336
0.014336
0.014624
0.015008
0.0152
0.015136
0.014272
0.014368
0.014304
0.014336
0.015232
0.014336
0.01536
0.014336
0.01536
0.0144
0.014336
0.015136
0.01536
0.014336
0.014336
0.014976
0.014976
0.015136
0.015168
0.015136
0.014336
0.014336
0.014656
0.014336
0.015296
0.014368
0.014336
0.0144
0.014368
0.014368
0.014336
0.013344
0.014336
0.015392
0.014304
0.0144
0.015104
0.014304
0.015232
0.014336
0.014336
0.013984
0.014976
0.014336
0.013312
0.014944
0.015104
0.014592
0.014368
0.014336
0.014336
0.014368
0.014304
0.015168
0.014336
0.015328
0.015168
0.015008
0.014368
0.015328
0.0144
0.0152
0.015168
0.014304
0.01456
0.011264
0.012032
0.012256
0.011264
0.012128
0.011904
0.01168
0.011264
0.011232
0.011936
0.011264
0.012224
0.011264
0.012288
0.01216
0.012032
0.012288
0.011264
0.012128
0.012288
0.012
0.011264
0.011232
0.012288
0.011264
0.01216
0.012032
0.011264
0.012032
0.011264
0.011264
0.012128
0.012096
0.011296
0.012256
0.011904
0.011264
0.012256
0.011264
0.012256
0.012288
0.011296
0.012288
0.011488
0.012256
0.011232
0.012128
0.01216
0.011264
0.011296
0.011264
0.011264
0.011264
0.011296
0.012224
0.012256
0.012128
0.011488
0.012256
0.012192
0.011232
0.012256
0.012224
0.011616
0.012128
0.011296
0.011936
0.012288
0.012288
0.011232
0.012288
0.011264
0.011264
0.011232
0.012288
0.012288
0.012192
0.011936
0.012064
0.011968
0.012256
0.01232
0.012256
0.011264
0.012192
0.012288
0.011936
0.012096
0.01216
0.011264
0.011264
0.012
0.011264
0.011264
0.011232
0.01232
0.011264
0.011296
0.011904
0.011264
0.012128
0.012288
0.011296
0.011488
0.011936
0.012064
0.011968
0.011872
0.012064
0.012096
0.012288
0.012288
0.012288
0.011264
0.012256
0.012256
0.011264
0.011264
0.011328
0.011296
0.012256
0.01744
0.011296
0.01216
0.011264
0.011328
0.017408
0.017408
0.012128
0.012256
0.012224
0.012288
0.011904
0.011936
0.012256
0.011264
0.012288
0.012288
0.0112
0.012128
0.011264
0.011904
0.011264
0.011232
0.011936
0.01312
0.012256
0.011264
0.012032
0.011264
0.012224
0.011264
0.011904
0.012256
0.012
0.012192
0.012256
0.012288
0.011264
0.012064
0.011296
0.012288
0.01232
0.011296
0.011968
0.012256
0.01216
0.01232
0.012224
0.01232
0.012288
0.012192
0.012288
0.011264
0.012288
0.01216
0.011648
0.011872
0.011232
0.011232
0.011904
0.012224
0.011232
0.011968
0.012288
0.012288
0.01232
0.011264
0.012064
0.01232
0.011264
0.011264
0.01216
0.011232
0.011328
0.011264
0.011264
0.012064
0.011264
0.011296
0.011296
0.011904
0.011264
0.012288
0.011264
0.012032
0.012192
0.011232
0.011264
0.012128
0.011264
0.011904
0.011264
0.012
0.011296
0.012192
0.011296
0.011872
0.011264
0.011264
0.011264
0.01216
0.011968
0.012288
0.011264
0.012288
0.012128
0.012256
0.011264
0.011264
0.011456
0.011904
0.011328
0.012
0.011328
0.012288
0.012128
0.012064
0.011904
0.011264
0.012192
0.011296
0.012128
0.011264
0.012288
0.011264
0.011264
0.012224
0.012256
0.011232
0.011264
0.011296
0.011296
0.012224
0.011584
0.011264
0.012288
0.012288
0.012
0.011296
0.011264
0.011392
0.011296
0.011296
0.012192
0.012064
0.011264
0.012128
0.011936
0.011232
0.011616
0.012288
0.011424
0.01232
0.011296
0.011264
0.011264
0.012
0.012128
0.011264
0.011264
0.011296
0.011296
0.012256
0.012256
0.011552
0.012192
0.012096
0.011936
0.012
0.012064
0.012064
0.011232
0.011232
0.011264
0.011264
0.011264
0.011232
0.011264
0.011264
0.011264
0.012288
0.012288
0.011488
0.012032
0.012288
0.012288
0.012096
0.012
0.011936
0.011424
0.011968
0.011264
0.012288
0.011232
0.011264
0.011968
0.011904
0.011264
0.011232
0.011264
0.01232
0.012128
0.011296
0.011648
0.011232
0.011264
0.011264
0.011296
0.012032
0.011264
0.012256
0.011264
0.011936
0.01216
0.011232
0.012032
0.011264
0.012288
0.012192
0.012096
0.011264
0.012224
0.011264
0.012
0.012256
0.011232
0.011264
0.011264
0.012512
0.011264
0.012128
0.012256
0.012256
0.011296
0.011232
0.012224
0.011264
0.011296
0.012032
0.012
0.011264
0.012256
0.011232
0.011232
0.012128
0.011264
0.012256
0.011264
0.01168
0.011264
0.012288
0.011264
0.011232
0.01216
0.011264
0.011264
0.011264
0.011232
0.011264
0.012128
0.012288
0.011296
0.011936
0.011264
0.011296
0.012288
0.011264
0.011264
0.012288
0.012032
0.012096
0.011232
0.012256
0.012192
0.011264
0.012256
0.011232
0.012224
0.011296
0.012064
0.012256
0.011264
0.01232
0.012288
0.012128
0.011264
0.012224
0.011264
0.011264
0.011264
0.011264
0.011264
0.012
0.01216
0.011232
0.011936
0.012288
0.011904
0.011232
0.011264
0.011296
0.011296
0.011264
0.012288
0.011264
0.012288
0.011264
0.012224
0.011904
0.011232
0.011264
0.011488
0.011296
0.011264
0.012032
0.011264
0.012288
0.011936
0.011264
0.012128
0.011264
0.011264
0.011296
0.012192
0.011264
0.0112
0.011264
0.011264
0.01232
0.012256
0.011232
0.012096
0.011584
0.012128
0.01232
0.012288
0.012096
0.011264
0.0112
0.012032
0.011648
0.012256
0.011296
0.011264
0.011264
0.012096
0.011264
0.011264
0.011936
0.012192
0.011296
0.012
0.012224
0.011264
0.01232
0.011616
0.011264
0.012224
0.012288
0.011296
0.012064
0.012288
0.011264
0.012288
0.011648
0.012096
0.011264
0.011264
0.011264
0.011904
0.011936
0.012288
0.011264
0.011648
0.01232
0.011296
0.012288
0.012
0.01232
0.012192
0.011904
0.01232
0.011904
0.011264
0.012288
0.012032
0.011232
0.012256
0.011264
0.011264
0.01232
0.012224
0.011968
0.011264
0.01216
0.011936
0.011264
0.011264
0.011264
0.012288
0.012288
0.012288
0.012288
0.011904
0.011264
0.01232
0.01216
0.011936
0.011968
0.012
0.01136
0.011296
0.012224
0.012224
0.012224
0.011296
0.011264
0.011264
0.012
0.011296
0.012288
0.011968
0.012256
0.012032
0.012192
0.017408
0.012064
0.012192
0.012096
0.011264
0.016448
0.016384
0.012416
0.011936
0.011968
0.012032
0.01216
0.011264
0.01216
0.011264
0.011872
0.012192
0.012288
0.011264
0.011264
0.011936
0.012032
0.012
0.011296
0.012288
0.012288
0.011296
0.012288
0.011232
0.01232
0.012288
0.012064
0.011264
0.011296
0.012
0.012096
0.012256
0.012064
0.01232
0.012192
0.012288
0.01216
0.011264
0.012192
0.011264
0.011264
0.011264
0.011296
0.011296
0.011264
0.012288
0.012288
0.011232
0.012
0.011264
0.01136
0.011296
0.011264
0.011296
0.011264
0.011264
0.011296
0.011264
0.011968
0.012032
0.011232
0.011488
0.012192
0.012288
0.011904
0.012288
0.011264
0.012192
0.012064
0.011232
0.012288
0.012128
0.011264
0.01232
0.012224
0.011232
0.01136
0.011936
0.01168
0.011264
0.01232
0.012192
0.01216
0.012
0.011264
0.012
0.011232
0.01216
0.011264
0.011264
0.011264
0.011264
0.012256
0.012256
0.012224
0.012224
0.011296
0.011296
0.011296
0.011232
0.012032
0.012128
0.011296
0.011264
0.011264
0.011264
0.011968
0.011264
0.011968
0.011264
0.011968
0.01232
0.011296
0.011296
0.011232
0.012256
0.012
0.012288
0.011296
0.011968
0.012064
0.011296
0.011296
0.011264
0.012128
0.011296
0.011968
0.011296
0.011264
0.012256
0.012
0.012288
0.011264
0.011296
0.012032
0.012192
0.01216
0.012128
0.011904
0.012032
0.011552
0.012128
0.011296
0.011968
0.011296
0.011968
0.011968
0.012288
0.011904
0.012032
0.012224
0.011264
0.011264
0.011264
0.012128
0.012256
0.012288
0.012224
0.012288
0.01232
0.012032
0.011264
0.01216
0.011264
0.012256
0.011264
0.012224
0.012288
0.011648
0.011264
0.011264
0.012256
0.011904
0.012288
0.01216
0.011936
0.011264
0.012064
0.011232
0.011264
0.012
0.012256
0.011264
0.011552
0.012256
0.012064
0.011552
0.011264
0.011264
0.012288
0.011264
0.01216
0.012032
0.011296
0.011264
0.012288
0.011936
0.012032
0.012
0.011904
0.012256
0.012
0.012032
0.011264
0.012288
0.011264
0.012288
0.011264
0.012288
0.011232
0.012288
0.011232
0.011936
0.012064
0.012288
0.017408
0.012224
0.011232
0.012128
0.013248
0.012288
0.012288
0.012128
0.012256
0.011296
0.012256
0.011456
0.011264
0.011264
0.012288
0.012032
0.011296
0.01168
0.012096
0.012288
0.011264
0.012224
0.012096
0.012192
0.012256
0.012288
0.012192
0.011488
0.011264
0.012032
0.012128
0.012128
0.012096
0.011904
0.01216
0.011264
0.011296
0.012288
0.012096
0.011936
0.011264
0.012032
0.011264
0.011296
0.011296
0.012096
0.012192
0.011232
0.01232
0.011264
0.012224
0.011264
0.011232
0.012128
0.012288
0.011264
0.011296
0.01216
0.011936
0.012288
0.011968
0.012128
0.011936
0.011904
0.012224
0.01232
0.011936
0.012288
0.012288
0.011968
0.012032
0.01216
0.011328
0.011264
0.011264
0.011264
0.012288
0.011264
0.011904
0.012288
0.011264
0.01216
0.011936
0.01232
0.011264
0.01216
0.011264
0.012096
0.012256
0.012032
0.012288
0.012
0.011264
0.011968
0.017248
0.012288
0.011968
0.012256
0.012256
0.012288
0.011616
0.012096
0.011264
0.012064
0.01216
0.011904
0.012256
0.011232
0.012288
0.011296
0.011296
0.011232
0.011904
0.011264
0.012256
0.012288
0.011904
0.012128
0.012128
0.012288
0.012128
0.011872
0.01216
0.012256
0.012192
0.012288
0.012288
0.011296
0.011904
0.011264
0.01216
0.011968
0.011872
0.011296
0.011264
0.012
0.012288
0.012128
0.011232
0.012
0.012288
0.011296
0.012256
0.012288
0.012128
0.012224
0.012128
0.012288
0.012288
0.011264
0.012352
0.01216
0.011264
0.012256
0.011904
0.01216
0.012064
0.0112
0.011264
0.011968
0.011264
0.01232
0.011232
0.012
0.011392
0.011296
0.011264
0.012
0.012224
0.012224
0.012288
0.011296
0.012128
0.012032
0.012032
0.011936
0.012128
0.011264
0.012256
0.011968
0.01232
0.012064
0.011264
0.011264
0.011296
0.012288
0.017408
0.012256
0.01552
0.021472
0.011232
0.011264
0.017376
0.011264
0.013056
0.012448
0.011264
0.012256
0.011232
0.011264
0.012128
0.012288
0.011968
0.012
0.012032
0.011904
0.011936
0.012256
0.011488
0.011296
0.012128
0.011232
0.012256
0.011936
0.011296
0.012256
0.011968
0.011584
0.012288
0.012064
0.012256
0.011296
0.01232
0.011296
0.012096
0.012288
0.012224
0.011936
0.012288
0.011264
0.012288
0.012288
0.012096
0.01216
0.012192
0.011264
0.01232
0.011264
0.01216
0.011232
0.011264
0.011264
0.012128
0.012096
0.012224
0.012032
0.011936
0.011264
0.012064
0.011264
0.012
0.011904
0.011232
0.011232
0.011264
0.012
0.012288
0.012032
0.01232
0.011584
0.011296
0.01216
0.011264
0.011968
0.011968
0.011264
0.011264
0.011264
0.011296
0.01216
0.012256
0.012032
0.012288
0.011232
0.011456
0.01216
0.012256
0.011232
0.011264
0.011936
0.012224
0.011264
0.011264
0.012096
0.011968
0.012
0.011264
0.011296
0.012128
0.011968
0.012096
0.012064
0.012288
0.011232
0.012256
0.011296
0.011904
0.012288
0.011904
0.01136
0.011264
0.012064
0.012224
0.011904
0.011264
0.011264
0.011264
0.012
0.011232
0.011264
0.012224
0.011264
0.011264
0.011296
0.01216
0.012128
0.012
0.011264
0.012064
0.011232
0.012096
0.011264
0.01216
0.011232
0.012192
0.011232
0.011232
0.011264
0.01232
0.012064
0.011264
0.012064
0.011296
0.012224
0.012192
0.012256
0.011232
0.011264
0.01216
0.012288
0.012288
0.011232
0.01216
0.012224
0.012288
0.011264
0.011264
0.011584
0.011232
0.011264
0.011264
0.012032
0.012032
0.012096
0.011232
0.011264
0.012288
0.012032
0.012032
0.012288
0.012224
0.011264
0.011264
0.011264
0.012096
0.012
0.011264
0.011264
0.012288
0.011904
0.012064
0.011648
0.012096
0.011264
0.011264
0.011264
0.012288
0.012288
0.011232
0.012
0.011296
0.011232
0.012
0.012032
0.012
0.011264
0.012096
0.011232
0.011264
0.011296
0.0112
0.011936
0.011232
0.011232
0.012256
0.011296
0.011904
0.011264
0.011232
0.012256
0.01216
0.011232
0.011936
0.011264
0.012288
0.011264
0.012288
0.011264
0.01216
0.011968
0.011296
0.012064
0.011264
0.012032
0.012096
0.012128
0.011264
0.011104
0.012128
0.011232
0.012288
0.011264
0.011264
0.012128
0.011968
0.012032
0.011968
0.012288
0.012256
0.011232
0.012096
0.012192
0.011264
0.011264
0.011264
0.011264
0.012288
0.011264
0.012096
0.011968
0.011296
0.011968
0.011264
0.01216
0.011936
0.011264
0.011264
0.011424
0.012288
0.011296
0.0112
0.012224
0.012288
0.011296
0.011264
0.012288
0.012288
0.011264
0.011264
0.012
0.012256
0.012224
0.011264
0.011264
0.011936
0.011264
0.011872
0.012224
0.012064
0.012288
0.011968
0.012256
0.01232
0.012288
0.011264
0.011264
0.011392
0.012256
0.011264
0.011264
0.011232
0.012256
0.011936
0.012128
0.011296
0.011232
0.012192
0.012032
0.012032
0.011264
0.012224
0.01152
0.011296
0.012
0.012256
0.012288
0.012288
0.011264
0.011424
0.011968
0.011264
0.012288
0.012288
0.012288
0.011264
0.011296
0.012192
0.011328
0.012256
0.012192
0.012288
0.01216
0.01232
0.011872
0.011264
0.011232
0.011232
0.011232
0.012288
0.011264
0.011904
0.011872
0.011264
0.011232
0.01216
0.011296
0.012256
0.011264
0.012032
0.011264
0.011264
0.012128
0.012
0.011264
0.011296
0.011904
0.012192
0.011936
0.012128
0.011424
0.012256
0.012256
0.011264
0.011264
0.01168
0.01216
0.011232
0.01232
0.011296
0.012096
0.011392
0.011264
0.012
0.011264
0.011296
0.011264
0.011264
0.011232
0.011264
0.011264
0.01216
0.012288
0.011264
0.012288
0.011904
0.011264
0.011232
0.01216
0.011296
0.012256
0.012288
0.011296
0.011296
0.01232
0.011264
0.012256
0.012288
0.012192
0.011264
0.011936
0.011392
0.011264
0.012064
0.011264
0.012192
0.011264
0.011264
0.012
0.011264
0.011232
0.012256
0.012096
0.012288
0.011456
0.011264
0.011264
0.012256
0.011264
0.012224
0.011296
0.01152
0.012288
0.011936
0.01232
0.011232
0.011968
0.011264
0.0112
0.012096
0.012032
0.011296
0.011968
0.011264
0.012256
0.011264
0.01216
0.011392
0.012288
0.011296
0.011936
0.012256
0.012224
0.012288
0.012
0.012096
0.012
0.012288
0.012288
0.011232
0.012288
0.01216
0.012288
0.011264
0.012288
0.012224
0.011264
0.011264
0.012256
0.011232
0.011264
0.012128
0.012096
0.011232
0.012288
0.011936
0.011264
0.011936
0.01216
0.011264
0.012256
0.012128
0.011296
0.012288
0.01136
0.012256
0.011264
0.012288
0.011936
0.011136
0.012288
0.011232
0.012288
0.011264
0.01216
0.011264
0.011264
0.011936
0.011264
0.012128
0.011232
0.011968
0.012288
0.012288
0.012256
0.012256
0.012288
0.011232
0.012288
0.012224
0.012288
0.012032
0.012
0.011936
0.01136
0.012032
0.012288
0.012
0.011264
0.012064
0.01216
0.011968
0.012256
0.011264
0.012288
0.011264
0.012288
0.012096
0.011296
0.011264
0.012224
0.011264
0.011264
0.011264
0.011296
0.012128
0.011936
0.012032
0.011264
0.011264
0.011296
0.012
0.011264
0.011264
0.011264
0.012128
0.01216
0.011264
0.011872
0.011264
0.012192
0.011968
0.011936
0.012128
0.012032
0.011264
0.012192
0.011392
0.011264
0.011264
0.012192
0.012288
0.011296
0.011264
0.011264
0.012064
0.011264
0.012192
0.011872
0.011296
0.011296
0.012288
0.012288
0.012288
0.011296
0.01216
0.012224
0.012288
0.01232
0.011264
0.012288
0.012288
0.012
0.012288
0.012224
0.012224
0.011232
0.011232
0.011584
0.011264
0.011264
0.012288
0.012064
0.011232
0.011264
0.012288
0.011264
0.011264
0.012064
0.012032
0.012032
