0.091136
0.087008
0.07472
0.074752
0.05424
0.074752
0.07552
0.07472
0.0488
0.071584
0.068576
0.0808
0.054272
0.075776
0.0512
0.0696
0.054272
0.053024
0.063488
0.073408
0.067328
0.067616
0.06208
0.058208
0.073696
0.048128
0.061408
0.053856
0.072672
0.072608
0.070304
0.05424
0.072448
0.0696
0.073696
0.035808
0.07472
0.073728
0.073696
0.043744
0.076384
0.062304
0.04176
0.05632
0.068448
0.073728
0.05408
0.060128
0.074528
0.071648
0.082944
0.066592
0.058368
0.048
0.07472
0.07168
0.070496
0.063392
0.06448
0.070624
0.060384
0.073696
0.075424
0.073696
0.040928
0.073696
0.073696
0.032736
0.032544
0.031744
0.032768
0.032768
0.033376
0.03376
0.031776
0.032512
0.033728
0.032736
0.03248
0.03344
0.032736
0.03376
0.033504
0.033792
0.03344
0.032736
0.032736
0.032768
0.033728
0.032512
0.032736
0.03248
0.032768
0.03376
0.032736
0.033536
0.032768
0.032672
0.031712
0.03376
0.033728
0.032576
0.032704
0.032736
0.032768
0.031712
0.03344
0.032736
0.032736
0.032736
0.033472
0.03376
0.032768
0.032736
0.032608
0.031776
0.032768
0.033536
0.029664
0.032768
0.03376
0.033504
0.032736
0.03376
0.032704
0.032736
0.032768
0.032736
0.032736
0.032768
0.03376
0.02336
0.032768
0.032768
0.032768
0.032736
0.032736
0.032736
0.032768
0.033376
0.0328
0.033792
0.033568
0.033792
0.03072
0.032736
0.033792
0.033792
0.032768
0.033504
0.033536
0.032768
0.032736
0.032736
0.03376
0.03376
0.032544
0.032736
0.0328
0.033632
0.033792
0.033472
0.035488
0.03376
0.032768
0.032832
0.030688
0.032736
0.0336
0.041312
0.031744
0.032736
0.033632
0.032768
0.025632
0.02768
0.03376
0.03376
0.032736
0.03376
0.028672
0.032736
0.03376
0.033664
0.032736
0.033568
0.033696
0.032768
0.029696
0.032736
0.03376
0.028672
0.033728
0.03376
0.032768
0.0336
0.032736
0.033792
0.031776
0.032768
0.031744
0.032768
0.032736
0.032128
0.033792
0.033728
0.0328
0.032736
0.032736
0.032736
0.033696
0.036832
0.031776
0.03376
0.032768
0.032768
0.031744
0.032736
0.032416
0.033408
0.031744
0.03376
0.033376
0.033536
0.033376
0.03376
0.03072
0.032768
0.032736
0.033792
0.033536
0.03376
0.032768
0.033792
0.032736
0.032768
0.031744
0.03376
0.032736
0.027648
0.032544
0.033408
0.032768
0.032768
0.032736
0.033536
0.032768
0.032768
0.033472
0.032736
0.033664
0.032768
0.032736
0.033472
0.025536
0.033824
0.032768
0.032672
0.033792
0.0232
0.023488
0.023584
0.02336
0.023424
0.0232
0.023552
0.023392
0.022528
0.023552
0.0232
0.023328
0.02352
0.022528
0.022496
0.022656
0.022528
0.022528
0.02448
0.022528
0.02352
0.02352
0.02352
0.02352
0.023232
0.02336
0.023488
0.0232
0.022496
0.023552
0.02256
0.023552
0.023328
0.022336
0.02352
0.023584
0.023264
0.022528
0.023584
0.02352
0.022496
0.02352
0.022528
0.023552
0.023552
0.023552
0.023392
0.023584
0.023552
0.023552
0.022496
0.022528
0.02256
0.02288
0.022528
0.023136
0.022528
0.02352
0.023552
0.022496
0.02256
0.0232
0.022528
0.02352
0.023552
0.022528
0.02352
0.022528
0.023424
0.022528
0.023424
0.023232
0.022528
0.022528
0.023552
0.023392
0.020512
0.023552
0.022528
0.022528
0.022528
0.02352
0.02352
0.023488
0.022528
0.0232
0.0232
0.02256
0.022528
0.022528
0.022528
0.023584
0.022496
0.023232
0.02352
0.02256
0.022528
0.023584
0.023296
0.023328
0.02352
0.022528
0.023424
0.022528
0.022528
0.022496
0.022528
0.022528
0.023456
0.02256
0.022528
0.02256
0.023552
0.023552
0.023296
0.023552
0.023168
0.023488
0.023552
0.022528
0.022528
0.023264
0.022528
0.022528
0.022496
0.02256
0.022528
0.023584
0.02336
0.022496
0.023424
0.022528
0.023584
0.023552
0.023552
0.022528
0.023552
0.023296
0.023488
0.02256
0.023264
0.023552
0.02352
0.02352
0.023552
0.023552
0.022528
0.023488
0.02256
0.02256
0.023552
0.022496
0.022496
0.022528
0.023232
0.023424
0.023488
0.023552
0.023424
0.02352
0.02256
0.023552
0.0232
0.023584
0.021472
0.022496
0.023424
0.0232
0.02256
0.023392
0.023392
0.023296
0.023424
0.022528
0.02352
0.023328
0.023584
0.023232
0.022528
0.022528
0.023552
0.023584
0.0232
0.023552
0.023584
0.02336
0.023456
0.022848
0.022528
0.022496
0.023232
0.023136
0.023552
0.02352
0.022528
0.023552
0.02352
0.023488
0.022528
0.022528
0.022528
0.022528
0.023456
0.02352
0.0232
0.022528
0.022496
0.022784
0.02352
0.02256
0.023552
0.023552
0.02352
0.02336
0.023328
0.023168
0.022528
0.022528
0.023328
0.02352
0.022496
0.02352
0.02336
0.02352
0.02352
0.023552
0.023136
0.02256
0.023328
0.023424
0.02256
0.022528
0.023552
0.02256
0.02256
0.023328
0.023264
0.023584
0.022528
0.02256
0.019424
0.022528
0.022528
0.023424
0.02352
0.022528
0.023552
0.022528
0.0232
0.022496
0.023296
0.022528
0.0232
0.022496
0.02352
0.022528
0.022496
0.022528
0.022528
0.023328
0.02352
0.023264
0.022528
0.022528
0.022528
0.022496
0.023424
0.023552
0.023552
0.022496
0.022528
0.023424
0.023584
0.023552
0.023552
0.023552
0.02352
0.023392
0.02352
0.023392
0.022496
0.0232
0.02352
0.023552
0.022496
0.023552
0.022496
0.023296
0.022528
0.0232
0.023552
0.023584
0.022528
0.023552
0.022528
0.022528
0.022496
0.022496
0.02256
0.023264
0.022528
0.022528
0.021184
0.0232
0.022912
0.02352
0.023296
0.023488
0.0232
0.02256
0.022528
0.023232
0.022528
0.023424
0.02288
0.023264
0.022528
0.02256
0.023456
0.022528
0.023328
0.022528
0.023232
0.023264
0.022528
0.022688
0.023584
0.02352
0.023264
0.023264
0.022528
0.022528
0.02352
0.022528
0.023552
0.023552
0.023552
0.02336
0.02256
0.023584
0.023392
0.022528
0.022528
0.02352
0.023392
0.022528
0.022528
0.02256
0.023168
0.023296
0.023264
0.022496
0.02352
0.023232
0.023328
0.022528
0.023296
0.02256
0.023168
0.023296
0.03072
0.023552
0.02336
0.022528
0.023552
0.023392
0.022528
0.022528
0.02352
0.022912
0.023552
0.023296
0.022528
0.022528
0.023552
0.02256
0.02352
0.023232
0.023552
0.023264
0.02272
0.023456
0.023552
0.023552
0.02256
0.023488
0.031584
0.023328
0.02256
0.022528
0.022528
0.023552
0.023552
0.023424
0.02256
0.023424
0.022528
0.023328
0.022528
0.022528
0.022528
0.023296
0.022528
0.023584
0.022528
0.02256
0.022528
0.02352
0.02336
0.023424
0.023232
0.022208
0.023552
0.02352
0.023168
0.023552
0.023552
0.022528
0.023584
0.023392
0.023552
0.023552
0.023392
0.023552
0.022528
0.022496
0.023584
0.023552
0.023552
0.02256
0.02256
0.02336
0.023264
0.023232
0.023392
0.02256
0.022528
0.023456
0.022528
0.022528
0.023552
0.022496
0.022528
0.022816
0.023392
0.02352
0.023584
0.023456
0.02336
0.02352
0.02432
0.024416
0.024576
0.024576
0.024576
0.024576
0.024576
0.023552
0.024576
0.024512
0.02448
0.024224
0.024608
0.024224
0.024544
0.024576
0.024576
0.023552
0.024608
0.024608
0.025408
0.024576
0.023552
0.023872
0.024576
0.024576
0.024512
0.024576
0.024448
0.024544
0.024544
0.024576
0.023584
0.024512
0.02352
0.024576
0.024576
0.024288
0.023552
0.024576
0.023552
0.024576
0.024608
0.024384
0.024576
0.024608
0.024576
0.024576
0.024576
0.024352
0.024576
0.024544
0.024576
0.024576
0.024576
0.024288
0.024288
0.02352
0.022528
0.022528
0.023296
0.022816
0.023552
0.023264
0.023552
0.022528
0.023392
0.024576
0.022496
0.022528
0.022528
0.02352
0.023328
0.02272
0.022528
0.023552
0.023552
0.022496
0.023168
0.022496
0.022528
0.023552
0.022528
0.023552
0.022528
0.022528
0.023552
0.022528
0.022528
0.023552
0.023488
0.02352
0.02256
0.023552
0.02352
0.022496
0.02352
0.022528
0.02352
0.022496
0.023392
0.02256
0.0232
0.023552
0.023264
0.02256
0.023232
0.023552
0.02256
0.023488
0.02256
0.02336
0.022528
0.02336
0.021504
0.022528
0.02352
0.02256
0.022528
0.02352
0.022528
0.023584
0.022528
0.022528
0.023168
0.023232
0.022528
0.0232
0.022528
0.023392
0.023552
0.023232
0.023392
0.023488
0.022496
0.022528
0.023552
0.022528
0.02256
0.022528
0.023552
0.02256
0.02352
0.023424
0.023552
0.022496
0.022496
0.023552
0.023552
0.022528
0.023264
0.02256
0.022528
0.023552
0.022528
0.022496
0.021536
0.023232
0.023392
0.023552
0.023232
0.023424
0.02256
0.023488
0.02256
0.023232
0.023552
0.022528
0.023328
0.023488
0.022528
0.023424
0.0232
0.023584
0.023296
0.023328
0.022528
0.023456
0.022496
0.023168
0.023552
0.023424
0.023392
0.023424
0.022528
0.022528
0.023424
0.023552
0.023424
0.023552
0.018368
0.018336
0.018432
0.018432
0.016416
0.018432
0.018368
0.018048
0.018176
0.017408
0.018432
0.017408
0.018144
0.018432
0.018464
0.01824
0.018336
0.018432
0.018432
0.019104
0.017408
0.016416
0.018368
0.018208
0.018432
0.017376
0.018368
0.018464
0.018464
0.0184
0.018432
0.018112
0.017408
0.018208
0.018048
0.017408
0.01808
0.0184
0.018432
0.018432
0.017408
0.017376
0.018432
0.018272
0.0184
0.018368
0.018368
0.017408
0.018432
0.017408
0.018432
0.01808
0.0184
0.018432
0.017376
0.01808
0.01744
0.018368
0.018176
0.018464
0.018432
0.018336
0.018176
0.0184
0.018432
0.017408
0.018272
0.0184
0.018432
0.018304
0.018432
0.018176
0.018432
0.017376
0.018176
0.018432
0.018176
0.018432
0.0184
0.018464
0.019168
0.018432
0.018336
0.018624
0.018432
0.018432
0.018144
0.0184
0.018432
0.018368
0.018432
0.0184
0.017408
0.017408
0.018496
0.01744
0.018432
0.018624
0.01904
0.018432
0.017408
0.018432
0.01744
0.01808
0.019168
0.018464
0.017408
0.018432
0.01808
0.018432
0.01744
0.018272
0.01824
0.018432
0.018432
0.018304
0.018272
0.018464
0.019136
0.018336
0.017376
0.018432
0.01744
0.0184
0.018464
0.018432
0.0184
0.01824
0.018336
0.018464
0.0184
0.018432
0.018464
0.018432
0.01824
0.018432
0.018336
0.018432
0.018432
0.018304
0.018432
0.0184
0.0184
0.018464
0.018336
0.019104
0.018432
0.018432
0.0184
0.01808
0.018432
0.018432
0.018432
0.018432
0.018432
0.017408
0.018048
0.01744
0.018368
0.018368
0.018432
0.018432
0.018432
0.018432
0.017376
0.018464
0.018496
0.018432
0.018464
0.017408
0.01776
0.018144
0.018144
0.01712
0.018304
0.018272
0.0184
0.018432
0.017408
0.018432
0.024384
0.018464
0.018208
0.018368
0.018368
0.018464
0.018368
0.018432
0.017408
0.018304
0.018464
0.018112
0.017408
0.017408
0.018368
0.017408
0.018432
0.018432
0.018464
0.017376
0.018464
0.01744
0.0184
0.018432
0.018432
0.018144
0.018464
0.018432
0.016384
0.01824
0.018432
0.019072
0.017376
0.019104
0.018432
0.0184
0.018432
0.01744
0.018336
0.01744
0.018432
0.019072
0.018048
0.018432
0.017408
0.018336
0.018432
0.017408
0.017408
0.0184
0.0184
0.018208
0.018432
0.018272
0.0184
0.018144
0.018432
0.017184
0.01744
0.018016
0.018432
0.018176
0.018112
0.01744
0.01744
0.01744
0.017408
0.018432
0.018432
0.0184
0.017408
0.018432
0.017408
0.018336
0.018432
0.018432
0.018176
0.019232
0.017408
0.01744
0.016384
0.019104
0.017408
0.018112
0.017408
0.018272
0.024608
0.0184
0.018336
0.018336
0.01808
0.017408
0.01808
0.017408
0.018048
0.018432
0.018464
0.018432
0.01808
0.018432
0.018432
0.018464
0.017408
0.019168
0.0184
0.018432
0.018432
0.016384
0.017408
0.0184
0.018432
0.018432
0.018336
0.018272
0.018432
0.017408
0.018048
0.017376
0.018432
0.018272
0.018112
0.017408
0.018432
0.018432
0.018432
0.017376
0.018336
0.018336
0.018464
0.017408
0.0184
0.018176
0.018176
0.018432
0.018272
0.0184
0.01712
0.017408
0.018432
0.0184
0.0184
0.018432
0.018464
0.018144
0.0184
0.018304
0.018464
0.01824
0.023552
0.0184
0.018208
0.018368
0.0184
0.017056
0.01744
0.0184
0.018432
0.016416
0.018336
0.016384
0.018432
0.018112
0.018432
0.018432
0.018432
0.0184
0.017408
0.018208
0.018016
0.017408
0.017408
0.0184
0.017408
0.018208
0.0184
0.01728
0.018432
0.017408
0.0184
0.017376
0.018336
0.018048
0.0184
0.018432
0.018432
0.0184
0.018464
0.026272
0.018432
0.018432
0.018432
0.0184
0.0184
0.017408
0.01744
0.018176
0.018432
0.016384
0.018432
0.018432
0.018432
0.018048
0.018432
0.018112
0.018048
0.017216
0.018432
0.018432
0.0184
0.0184
0.018432
0.018304
0.017376
0.018432
0.018304
0.017408
0.018432
0.01824
0.027616
0.018304
0.0184
0.017344
0.018272
0.019104
0.0184
0.02048
0.01744
0.018432
0.018464
0.0184
0.018208
0.0184
0.017152
0.018432
0.019104
0.017312
0.018432
0.018464
0.018432
0.018432
0.018432
0.017632
0.018112
0.018272
0.018304
0.0184
0.018112
0.018336
0.018208
0.018432
0.0184
0.018432
0.018144
0.018432
0.018336
0.0184
0.0184
0.0184
0.018432
0.01808
0.018272
0.018432
0.017408
0.018432
0.018432
0.018432
0.017632
0.01808
0.017408
0.018464
0.018432
0.018432
0.018464
0.018432
0.018336
0.01744
0.017728
0.018432
0.01824
0.027424
0.018432
0.016352
0.018464
0.018432
0.01744
0.016096
0.0184
0.018432
0.018304
0.018432
0.018048
0.018336
0.0184
0.018432
0.018432
0.01536
0.018304
0.017376
0.0184
0.018144
0.0184
0.018176
0.01744
0.018432
0.018144
0.018464
0.018048
0.01824
0.01824
0.018112
0.018112
0.018016
0.0184
0.018432
0.018112
0.018112
0.018432
0.017408
0.018432
0.01712
0.018368
0.027648
0.017376
0.018368
0.018432
0.018432
0.018432
0.02064
0.018432
0.018272
0.018432
0.0184
0.018208
0.018176
0.018432
0.018432
0.018368
0.01824
0.017408
0.018432
0.018432
0.018464
0.016352
0.018432
0.018432
0.0184
0.018464
0.017408
0.028288
0.018112
0.016288
0.018272
0.018432
0.017408
0.018432
0.018432
0.018432
0.0184
0.018336
0.017408
0.018432
0.018432
0.01824
0.01744
0.018464
0.018432
0.01824
0.018432
0.018464
0.018432
0.018432
0.017408
0.018432
0.018432
0.016384
0.018432
0.019136
0.018176
0.018432
0.01776
0.017408
0.017408
0.018464
0.018368
0.018336
0.0152
0.017376
0.01744
0.017408
0.018144
0.017408
0.018112
0.017408
0.018432
0.018432
0.018432
0.017376
0.01808
0.01744
0.018432
0.018016
0.018432
0.0184
0.016416
0.017376
0.018432
0.018208
0.018112
0.018432
0.018336
0.01744
0.01808
0.01808
0.018432
0.018208
0.018432
0.0184
0.0184
0.018432
0.017408
0.018432
0.018432
0.01808
0.018432
0.017408
0.018048
0.018272
0.018304
0.018176
0.01744
0.018304
0.017408
0.018368
0.01744
0.0184
0.018208
0.017408
0.016352
0.018368
0.017376
0.017408
0.017408
0.017376
0.018464
0.018432
0.017408
0.017376
0.018432
0.01808
0.018432
0.0184
0.017408
0.018432
0.018176
0.018432
0.01808
0.018304
0.018464
0.018432
0.017408
0.0184
0.018368
0.018016
0.016384
0.0184
0.018464
0.017408
0.018272
0.018112
0.018432
0.017408
0.018368
0.0184
0.017376
0.018432
0.018464
0.015392
0.018432
0.017408
0.018432
0.018144
0.018016
0.018432
0.018432
0.018208
0.01824
0.018304
0.017376
0.018432
0.018432
0.0184
0.018432
0.018176
0.01808
0.018112
0.017408
0.018432
0.018432
0.017376
0.018464
0.018432
0.018336
0.018432
0.018432
0.01808
0.018048
0.016416
0.01808
0.018112
0.0184
0.018048
0.018048
0.018048
0.017408
0.01744
0.019072
0.018304
0.017408
0.018144
0.018464
0.018432
0.016352
0.018432
0.018112
0.018464
0.018432
0.018272
0.018432
0.017376
0.0184
0.017376
0.018432
0.018432
0.018432
0.019072
0.018432
0.017408
0.017408
0.0184
0.01824
0.018432
0.0184
0.018432
0.018464
0.018432
0.018176
0.01824
0.017024
0.018464
0.018112
0.018432
0.01808
0.017408
0.017376
0.018464
0.0184
0.019328
0.018464
0.018432
0.018176
0.01824
0.019072
0.018048
0.0184
0.017408
0.0184
0.023552
0.018144
0.018432
0.026624
0.018432
0.018432
0.018272
0.01824
0.01744
0.020128
0.01712
0.018496
0.018432
0.018432
0.01824
0.01904
0.018368
0.017408
0.018432
0.018464
0.019008
0.017408
0.016384
0.019168
0.018208
0.018432
0.017408
0.018336
0.017408
0.018464
0.018144
0.017408
0.018432
0.018432
0.018432
0.017408
0.0184
0.018432
0.0184
0.018208
0.016384
0.017024
0.018432
0.0184
0.017408
0.018432
0.018272
0.018464
0.018432
0.0184
0.017408
0.0184
0.018432
0.017408
0.018432
0.01744
0.018144
0.018432
0.018208
0.018336
0.023584
0.018432
0.018144
0.01824
0.018432
0.018048
0.0184
0.017472
0.01536
0.018432
0.018112
0.018432
0.018432
0.017216
0.0184
0.016384
0.019104
0.018432
0.018432
0.019072
0.018432
0.018464
0.018272
0.018336
0.017408
0.018464
0.016384
0.018464
0.018016
0.018432
0.018144
0.018432
0.01824
0.018432
0.017408
0.017408
0.018176
0.0184
0.017408
0.017408
0.016384
0.017408
0.018464
0.018432
0.018176
0.018304
0.018368
0.01808
0.018208
0.015264
0.017408
0.017408
0.017408
0.0184
0.016384
0.017408
0.018432
0.01808
0.018144
0.018432
0.017408
0.01824
0.01904
0.018432
0.018368
0.018464
0.017312
0.018464
0.0184
0.016224
0.018048
0.018432
0.0184
0.017024
0.018304
0.0184
0.017248
0.016384
0.0184
0.018048
0.016416
0.018048
0.018048
0.018048
0.018144
0.018432
0.017376
0.018432
0.019072
0.018176
0.017216
0.018464
0.018272
0.018432
0.017408
0.018368
0.0184
0.018304
0.0184
0.019168
0.017376
0.018208
0.018464
0.0184
0.018304
0.018368
0.017408
0.018432
0.018464
0.018368
0.018432
0.018432
0.018272
0.018464
0.01744
0.016384
0.018112
0.016384
0.0184
0.019168
0.018464
0.018432
0.017408
0.017376
0.018304
0.018304
0.01616
0.01824
0.01744
0.01744
0.018432
0.0184
0.017376
0.017408
0.018176
0.018432
0.018048
0.017408
0.017376
0.018432
0.019168
0.018336
0.018048
0.018336
0.018048
0.016384
0.018432
0.017408
0.016416
0.018464
0.018176
0.017408
0.018304
0.018432
0.018432
0.017408
0.01808
0.018432
0.018464
0.018432
0.018432
0.018176
0.017408
0.018464
0.017248
0.018272
0.017408
0.016384
0.018272
0.018432
0.018272
0.017408
0.018432
0.018368
0.01712
0.01824
0.017408
0.018464
0.018176
0.018464
0.017344
0.0192
0.018176
0.028672
0.0184
0.018432
0.01808
0.014336
0.018464
0.016416
0.01808
0.018432
0.018432
0.017664
0.018432
0.018304
0.017408
0.018464
0.01808
0.017408
0.016352
0.018464
0.017408
0.018432
0.01744
0.016352
0.018432
0.017376
0.01824
0.018368
0.017408
0.018432
0.018432
0.018176
0.021472
0.018464
0.017184
0.017408
0.018432
0.017376
0.0184
0.018432
0.017376
0.0184
0.018432
0.018432
0.018432
0.018432
0.018176
0.01728
0.0184
0.018432
0.01856
0.01808
0.017376
0.01808
0.01824
0.018432
0.0184
0.017376
0.016352
0.018272
0.018464
0.017408
0.018432
0.018176
0.018432
0.017408
0.0184
0.018336
0.017632
0.016384
0.018208
0.017376
0.018432
0.018112
0.018432
0.017376
0.018432
0.018464
0.018432
0.018432
0.018432
0.016128
0.018432
0.01904
0.018432
0.018304
0.018432
0.018272
0.0184
0.0184
0.01744
0.015392
0.018432
0.018464
0.01824
0.018144
0.016256
0.018304
0.016384
0.018368
0.018464
0.018432
0.019264
0.0184
0.018144
0.017408
0.018432
0.018208
0.018112
0.017376
0.018432
0.018432
0.018464
0.018464
0.019168
0.018432
0.01744
0.0184
0.018432
0.0184
0.018368
0.018336
0.018432
0.019232
0.0184
0.0184
0.01824
0.0184
0.018432
0.01808
0.018464
0.0184
0.017408
0.018464
0.0184
0.01824
0.0184
0.0184
0.018112
0.016384
0.018048
0.0184
0.018432
0.0184
0.017376
0.017984
0.0192
0.017408
0.018432
0.018464
0.0184
0.01808
0.018336
0.018496
0.018272
0.01744
0.018272
0.017408
0.017408
0.01728
0.016992
0.01904
0.018432
0.0184
0.018112
0.018432
0.018432
0.018432
0.018432
0.018336
0.018176
0.017184
0.018432
0.017728
0.018432
0.024576
0.017376
0.01744
0.018336
0.018432
0.01824
0.017408
0.018208
0.01744
0.017216
0.018272
0.0184
0.017408
0.01824
0.01616
0.017408
0.018432
0.01824
0.018464
0.0184
0.018016
0.018048
0.0184
0.018432
0.018464
0.019264
0.015392
0.018368
0.018336
0.018464
0.018464
0.018336
0.018432
0.018272
0.018144
0.018432
0.016384
0.017376
0.018176
0.018432
0.018208
0.017408
0.01536
0.01808
0.018432
0.017248
0.018048
0.018432
0.018432
0.017376
0.0184
0.018432
0.016
0.01632
0.016384
0.01824
0.018464
0.018464
0.018432
0.017376
0.018432
0.01808
0.018432
0.018432
0.018048
0.01776
0.018432
0.018432
0.01808
0.018432
0.017024
0.018144
0.017408
0.018272
0.018432
0.017408
0.01824
0.017984
0.018432
0.016352
0.016032
0.0184
0.017376
0.017376
0.017408
0.018208
0.018432
0.017408
0.017408
0.01808
0.01808
0.0184
0.018304
0.015296
0.018368
0.017184
0.016384
0.018464
0.018336
0.0184
0.01632
0.017216
0.0184
0.016384
0.018144
0.019232
0.0184
0.0184
0.019104
0.01712
0.018336
0.018432
0.0184
0.017408
0.018432
0.018592
0.0184
0.014048
0.014304
0.014336
0.014304
0.014368
0.014048
0.014208
0.014304
0.014304
0.014336
0.014336
0.01408
0.01408
0.01328
0.014368
0.01328
0.014016
0.014336
0.014304
0.014304
0.014368
0.014336
0.01424
0.013312
0.014048
0.01328
0.013312
0.013952
0.014368
0.014336
0.013984
0.014304
0.014048
0.013312
0.013312
0.014336
0.013216
0.014336
0.014336
0.014336
0.013312
0.013984
0.014336
0.013312
0.014336
0.01424
0.014016
0.014048
0.01328
0.014304
0.013344
0.013312
0.013312
0.013344
0.013312
0.01408
0.01408
0.014336
0.013312
0.013312
0.014208
0.014368
0.014176
0.013344
0.014304
0.014208
0.013312
0.014368
0.013312
0.014336
0.013344
0.013984
0.013312
0.013568
0.013312
0.014048
0.013312
0.013248
0.014112
0.013312
0.013312
0.014336
0.014368
0.014336
0.014272
0.014336
0.014272
0.014304
0.014368
0.013312
0.014048
0.014048
0.01424
0.013312
0.01408
0.014336
0.014336
0.01328
0.014048
0.013312
0.013312
0.013312
0.014176
0.014048
0.013312
0.014048
0.014336
0.014112
0.014304
0.013344
0.013312
0.013312
0.014176
0.014144
0.014304
0.014176
0.01424
0.014336
0.014272
0.014272
0.014112
0.014368
0.013344
0.01408
0.014336
0.013344
0.014368
0.014112
0.014304
0.014048
0.014336
0.014112
0.013312
0.014304
0.01408
0.014336
0.013344
0.024608
0.014304
0.013984
0.013952
0.013984
0.013312
0.014336
0.013312
0.014336
0.013344
0.013312
0.013312
0.014144
0.013312
0.013952
0.01328
0.014336
0.01424
0.014336
0.014176
0.014336
0.014112
0.01408
0.014016
0.014016
0.013312
0.013344
0.014304
0.01328
0.014336
0.01328
0.014304
0.013344
0.014016
0.013312
0.01328
0.014112
0.014336
0.01424
0.013984
0.013312
0.013504
0.014336
0.014304
0.014304
0.013952
0.013312
0.013984
0.01408
0.014368
0.013696
0.014336
0.013312
0.01424
0.01408
0.014336
0.01424
0.013952
0.01328
0.013984
0.014272
0.01328
0.014048
0.013664
0.013312
0.014016
0.014304
0.013312
0.014176
0.014336
0.014336
0.014016
0.014304
0.013344
0.01424
0.013312
0.01424
0.014336
0.014016
0.014304
0.014304
0.013312
0.014048
0.013312
0.014336
0.014304
0.014336
0.014208
0.014208
0.013312
0.01424
0.014336
0.013344
0.01328
0.01328
0.013664
0.014304
0.014176
0.014016
0.014368
0.013312
0.014112
0.013344
0.021504
0.014112
0.014208
0.013312
0.014368
0.014208
0.014336
0.014336
0.014336
0.014112
0.014336
0.014336
0.014368
0.013312
0.014272
0.013344
0.014336
0.013312
0.014016
0.014272
0.013344
0.01328
0.014112
0.013312
0.013344
0.014176
0.01424
0.014336
0.013312
0.013312
0.01328
0.013472
0.014176
0.014336
0.014208
0.013312
0.01424
0.01408
0.014016
0.013312
0.013344
0.013344
0.014336
0.014304
0.013504
0.014304
0.013312
0.013312
0.01424
0.014336
0.014336
0.013312
0.014336
0.014048
0.013344
0.014272
0.01408
0.014272
0.014368
0.014304
0.01424
0.014176
0.014112
0.014336
0.014176
0.014176
0.013312
0.01408
0.014112
0.014272
0.014336
0.01536
0.014048
0.014336
0.01408
0.013312
0.013312
0.013952
0.01328
0.013376
0.013312
0.014048
0.014336
0.014336
0.01408
0.01424
0.014336
0.013312
0.014304
0.013312
0.014336
0.013312
0.013312
0.014336
0.014272
0.013312
0.014304
0.014176
0.013312
0.014272
0.013696
0.014304
0.014272
0.014336
0.013312
0.01328
0.014304
0.014336
0.014144
0.013344
0.01424
0.014048
0.014016
0.013344
0.014336
0.013344
0.014336
0.013312
0.014048
0.013312
0.014336
0.014336
0.013344
0.013312
0.014336
0.014112
0.01328
0.013344
0.013536
0.013312
0.01424
0.01392
0.013312
0.013312
0.014208
0.014336
0.014272
0.014336
0.013344
0.014336
0.013312
0.014304
0.014144
0.013312
0.014304
0.01408
0.013312
0.014304
0.013344
0.0136
0.014336
0.013312
0.013312
0.0136
0.013952
0.014304
0.013312
0.014112
0.014304
0.013504
0.014176
0.014304
0.013312
0.014336
0.013312
0.013344
0.013344
0.01328
0.013344
0.013312
0.013312
0.013344
0.014016
0.014336
0.014336
0.014048
0.014368
0.014016
0.013312
0.01424
0.013344
0.01408
0.013632
0.014144
0.014304
0.013184
0.013344
0.013952
0.014016
0.014336
0.019456
0.013952
0.014304
0.013312
0.014336
0.013312
0.014336
0.014016
0.014112
0.013312
0.01408
0.014048
0.013952
0.013344
0.014304
0.014368
0.01328
0.014048
0.014208
0.01424
0.013312
0.014304
0.013344
0.014336
0.014336
0.014144
0.013344
0.013312
0.013312
0.014176
0.01328
0.014368
0.014048
0.013984
0.014304
0.013344
0.014272
0.014336
0.013312
0.013312
0.014336
0.014368
0.01328
0.01408
0.013984
0.014176
0.014336
0.013344
0.014336
0.014368
0.014272
0.014336
0.013984
0.014176
0.014368
0.014304
0.013344
0.014176
0.014208
0.014304
0.013344
0.014208
0.013408
0.013984
0.014048
0.014336
0.013984
0.013344
0.014208
0.014208
0.014272
0.013312
0.013632
0.014336
0.013312
0.01328
0.014144
0.014368
0.014336
0.014176
0.014208
0.013344
0.01424
0.013312
0.014304
0.014112
0.01328
0.014336
0.014208
0.01328
0.014336
0.014304
0.014336
0.013984
0.013344
0.014336
0.013312
0.014368
0.014208
0.013344
0.01408
0.014112
0.014336
0.013344
0.014368
0.01328
0.013984
0.014112
0.013312
0.013312
0.014336
0.014336
0.013952
0.014304
0.014176
0.013312
0.013344
0.014144
0.013984
0.013952
0.014048
0.013344
0.014336
0.014368
0.014208
0.014336
0.013312
0.01328
0.013984
0.013312
0.014336
0.014304
0.014272
0.014176
0.01328
0.013312
0.01408
0.013344
0.014368
0.014304
0.014304
0.014336
0.014016
0.01424
0.013312
0.013312
0.013504
0.01408
0.014368
0.013312
0.014144
0.013344
0.01328
0.01408
0.014336
0.014368
0.014208
0.014336
0.013344
0.014208
0.013312
0.013312
0.01424
0.013344
0.014304
0.014336
0.013312
0.014208
0.014016
0.01392
0.01328
0.023552
0.013312
0.014144
0.013312
0.013312
0.015136
0.014176
0.01328
0.013312
0.013312
0.014336
0.01424
0.013312
0.013312
0.014336
0.013952
0.014016
0.014336
0.01328
0.014304
0.01408
0.014272
0.013312
0.014304
0.013312
0.014208
0.013696
0.014048
0.014304
0.01328
0.014336
0.014336
0.014336
0.014016
0.014144
0.014336
0.014016
0.013312
0.01328
0.014304
0.013344
0.013312
0.014176
0.01408
0.014048
0.014304
0.014336
0.014112
0.014304
0.014368
0.014176
0.01328
0.014112
0.013984
0.014336
0.013312
0.013344
0.014336
0.014208
0.014016
0.013984
0.013312
0.013984
0.01424
0.014336
0.014336
0.013312
0.013312
0.013312
0.013344
0.014368
0.01408
0.014336
0.01424
0.01328
0.014336
0.014016
0.013312
0.014016
0.013344
0.013344
0.014144
0.01424
0.013312
0.014336
0.014144
0.014336
0.014016
0.013312
0.014272
0.014304
0.01424
0.013312
0.014144
0.014336
0.01392
0.01408
0.013312
0.014112
0.013312
0.014272
0.014304
0.014304
0.014336
0.014048
0.014336
0.014304
0.013312
0.013312
0.014304
0.014048
0.013344
0.013312
0.014336
0.014336
0.014304
0.014304
0.013312
0.014336
0.013312
0.013952
0.014304
0.024608
0.014112
0.014304
0.014112
0.0136
0.014304
0.013344
0.01424
0.014336
0.013344
0.013312
0.014336
0.014336
0.014336
0.013312
0.013312
0.013312
0.01392
0.013312
0.013984
0.014016
0.013312
0.014144
0.014304
0.013312
0.014336
0.014368
0.014208
0.014112
0.014304
0.014176
0.013312
0.014208
0.014048
0.013312
0.014368
0.013408
0.013312
0.014336
0.014272
0.014176
0.014112
0.014304
0.014208
0.014336
0.014368
0.01328
0.014112
0.01424
0.013344
0.013312
0.013312
0.013952
0.014048
0.013312
0.013312
0.013312
0.014272
0.013344
0.013632
0.013216
0.014272
0.01328
0.014336
0.013312
0.013344
0.014336
0.014368
0.013312
0.013312
0.013312
0.014304
0.014336
0.01424
0.013952
0.013344
0.014208
0.013312
0.014304
0.014112
0.014304
0.014336
0.013344
0.013312
0.013984
0.013312
0.013344
0.013344
0.014304
0.014144
0.013312
0.014016
0.013568
0.01424
0.013312
0.013344
0.013312
0.013312
0.014048
0.013952
0.014336
0.013312
0.014144
0.014112
0.01328
0.014272
0.014336
0.013952
0.0136
0.014368
0.013984
0.014368
0.014336
0.014272
0.013312
0.01328
0.014336
0.014304
0.014336
0.014336
0.014112
0.013344
0.013312
0.01424
0.014368
0.014336
0.01424
0.013312
0.02048
0.014144
0.014336
0.019392
0.014336
0.013344
0.014336
0.014144
0.01328
0.014336
0.013344
0.013984
0.013312
0.014304
0.014304
0.013312
0.013312
0.014368
0.014016
0.01424
0.01392
0.013312
0.014016
0.013312
0.014304
0.013312
0.014048
0.013344
0.013344
0.014304
0.013984
0.01328
0.014176
0.014144
0.014272
0.014048
0.014304
0.013344
0.014016
0.014368
0.013216
0.014336
0.01328
0.01328
0.013952
0.013312
0.01424
0.014144
0.014368
0.013984
0.014336
0.014048
0.013312
0.013312
0.014208
0.013312
0.01408
0.018208
0.014336
0.014112
0.013344
0.019456
0.019456
0.014208
0.013344
0.013312
0.013344
0.013312
0.013984
0.013568
0.014336
0.01408
0.013344
0.014208
0.014304
0.014144
0.014016
0.014272
0.014336
0.014304
0.01408
0.01424
0.01424
0.014336
0.013312
0.014208
0.014016
0.014272
0.014336
0.013312
0.013312
0.014144
0.014304
0.014336
0.014336
0.01392
0.013312
0.013312
0.014336
0.014336
0.014144
0.014112
0.013344
0.01328
0.014144
0.014144
0.014336
0.013312
0.014272
0.014336
0.014336
0.01728
0.013952
0.01328
0.014048
0.013312
0.013312
0.013312
0.013312
0.01424
0.013312
0.014176
0.014176
0.013312
0.013984
0.01328
0.014336
0.014272
0.013344
0.014144
0.013952
0.014336
0.014208
0.013984
0.014336
0.013344
0.013344
0.013984
0.014208
0.013312
0.014048
0.014112
0.013312
0.014048
0.013312
0.013312
0.013312
0.014368
0.014304
0.013312
0.014272
0.013312
0.013312
0.013312
0.013312
0.014336
0.01328
0.014304
0.013952
0.014304
0.014304
0.013312
0.014112
0.013312
0.013312
0.014176
0.014048
0.014336
0.013312
0.014112
0.014304
0.013312
0.014304
0.014336
0.014112
0.014112
0.014368
0.014272
0.014336
0.013312
0.014272
0.014368
0.01328
0.014336
0.014272
0.014144
0.014304
0.013984
0.01328
0.013312
0.014016
0.01424
0.013312
0.013312
0.013344
0.014368
0.013312
0.013952
0.013344
0.013312
0.014016
0.014336
0.014336
0.01328
0.013344
0.013312
0.014336
0.014304
0.013344
0.014336
0.01408
0.01328
0.014048
0.013984
0.014304
0.014336
0.013312
0.014368
0.014144
0.014336
0.014336
0.013312
0.014336
0.01328
0.014336
0.014336
0.013312
0.014144
0.013312
0.014048
0.014336
0.01424
0.013312
0.01328
0.014144
0.013312
0.014304
0.014336
0.01328
0.019456
0.01328
0.013312
0.014112
0.013312
0.014272
0.013312
0.014176
0.013312
0.014176
0.013344
0.014336
0.014368
0.014336
0.014304
0.01328
0.014336
0.013312
0.014144
0.014336
0.014336
0.013312
0.013312
0.01408
0.014176
0.014304
0.01328
0.014176
0.01408
0.013344
0.014336
0.013312
0.014336
0.013312
0.013312
0.013344
0.01424
0.013344
0.013248
0.013312
0.013312
0.014048
0.013312
0.013312
0.014272
0.014336
0.014208
0.014176
0.013344
0.013984
0.013344
0.014304
0.014336
0.013312
0.014336
0.014336
0.014304
0.01328
0.02048
0.014304
0.013344
0.014016
0.014336
0.013312
0.013312
0.014336
0.014336
0.013312
0.013312
0.01424
0.013344
0.014016
0.013344
0.01408
0.013952
0.013344
0.014336
0.014016
0.013312
0.014304
0.013312
0.013312
0.01408
0.013312
0.013344
0.013344
0.014304
0.014272
0.014336
0.014304
0.014304
0.014208
0.01408
0.01328
0.014304
0.014144
0.014272
0.014272
0.013952
0.014336
0.014304
0.014048
0.01408
0.013312
0.014112
0.014336
0.014336
0.014208
0.013312
0.014176
0.014336
0.013312
0.013952
0.014336
0.013312
0.013312
0.014304
0.014272
0.014304
0.014304
0.014304
0.014336
0.014336
0.014304
0.014336
0.014272
0.01424
0.013312
0.013344
0.014112
0.014304
0.01344
0.014112
0.014144
0.019296
0.023456
0.014144
0.013312
0.013952
0.013312
0.014304
0.01328
0.013312
0.014208
0.01424
0.014336
0.014304
0.014144
0.013312
0.013568
0.014272
0.014016
0.014336
0.014272
0.01408
0.014304
0.013312
0.013344
0.01328
0.013312
0.014176
0.013312
0.013344
0.01328
0.013952
0.014336
0.014144
0.013952
0.012288
0.014336
0.013312
0.014368
0.013312
0.013312
0.014048
0.013312
0.014304
0.014112
0.013312
0.01424
0.014304
0.014336
0.014176
0.013312
0.014016
0.013344
0.014112
0.014336
0.014112
0.013312
0.014208
0.013312
0.013312
0.013312
0.014336
0.013344
0.014304
0.013312
0.014016
0.014336
0.014208
0.014048
0.013344
0.014208
0.014336
0.013312
0.014016
0.01408
0.014336
0.014176
0.013344
0.013952
0.014208
0.014016
0.013984
0.014368
0.014176
0.014336
0.01424
0.013952
0.014176
0.014336
0.014016
0.014304
0.01328
0.014112
0.013344
0.013312
0.013344
0.013344
0.014304
0.013984
0.014112
0.01328
0.014208
0.014304
0.013952
0.01424
0.014048
0.013312
0.013984
0.014336
0.01392
0.013984
0.01328
0.014336
0.014368
0.01408
0.014272
0.014304
0.014336
0.014336
0.013344
0.013312
0.013984
0.013312
0.014336
0.014336
0.014208
0.013952
0.01424
0.013312
0.01424
0.01328
0.014208
0.01408
0.013312
0.014176
0.014112
0.014208
0.014016
0.013312
0.013984
0.013312
0.014048
0.014368
0.014336
0.013312
0.014368
0.013344
0.013696
0.013312
0.013344
0.014208
0.014272
0.014144
0.013984
0.014304
0.01408
0.014336
0.01424
0.013312
0.013344
0.014304
0.014336
0.014304
0.014336
0.014336
0.014336
0.014336
0.014368
0.013312
0.014304
0.014336
0.014368
0.01328
0.014336
0.014304
0.013312
0.013312
0.013312
0.014336
0.014176
0.014048
0.014112
0.014336
0.014336
0.014144
0.013344
0.014208
0.014112
0.01328
0.013312
0.013344
0.013344
0.01328
0.013312
0.013312
0.014208
0.013984
0.013344
0.013312
0.014336
0.014048
0.014176
0.014368
0.014336
0.014336
0.013536
0.014304
0.014336
0.014272
0.013984
0.014336
0.014304
0.013344
0.013344
0.013312
0.013312
0.01376
0.013952
0.013312
0.013696
0.013312
0.013952
0.014336
0.014368
0.014016
0.014336
0.014336
0.013312
0.014176
0.014144
0.014112
0.013312
0.013344
0.013344
0.014336
0.013312
0.01408
0.01328
0.01424
0.013984
0.014368
0.013312
0.013312
0.014336
0.013344
0.013312
0.013312
0.014272
0.014336
0.014336
0.014336
0.01408
0.014336
0.013504
0.014336
0.014336
0.014336
0.014176
0.014208
0.014336
0.014176
0.013312
0.014336
0.014176
0.014016
0.014368
0.014112
0.013344
0.013312
0.014208
0.013312
0.013344
0.013984
0.014336
0.014272
0.014112
0.014336
0.014336
0.014304
0.014016
0.013312
0.014304
0.014208
0.013344
0.01328
0.013312
0.013952
0.013984
0.014176
0.014336
0.014304
0.01424
0.014336
0.01328
0.014144
0.013312
0.014208
0.014336
0.014368
0.013344
0.013312
0.014176
0.014336
0.013312
0.01328
0.014336
0.014016
0.014336
0.013312
0.014048
0.014208
0.014304
0.014336
